2 0.00926399
3 0.00870585
4 0.0119479
5 0.010973
6 0.00849915
7 0.00719094
8 0.00542188
9 0.00489116
10 0.00631499
11 0.00479198
12 0.00443506
13 0.00441194
14 0.00601482
15 0.00437689
16 0.00434113
17 0.00665593
18 0.00524211
19 0.00564003
20 0.00453711
21 0.00456023
22 0.00716901
23 0.00682092
24 0.00548601
25 0.00426602
26 0.00712395
27 0.00554204
28 0.00500202
29 0.00426793
30 0.00422215
31 0.00485897
32 0.00419116
33 0.005656
34 0.00752497
35 0.00572109
36 0.00428414
37 0.0078721
38 0.00431204
39 0.00434899
40 0.00668812
41 0.00423694
42 0.00424886
43 0.00430584
44 0.00427985
45 0.00638103
46 0.00430512
47 0.00435519
48 0.00667381
49 0.00433397
50 0.00424504
51 0.00423884
52 0.00426292
53 0.00424385
54 0.0064528
55 0.00446081
56 0.00458598
57 0.00616789
58 0.00426507
59 0.00457811
60 0.00660801
61 0.00430918
62 0.00429583
63 0.00418806
64 0.00685501
65 0.00594711
66 0.00432897
67 0.00490189
68 0.00570488
69 0.00429201
70 0.00514007
71 0.00745106
72 0.00433493
73 0.00437903
74 0.00683904
75 0.00462198
76 0.00429702
77 0.0065701
78 0.00717711
79 0.00507116
80 0.00429106
81 0.00428295
82 0.006109
83 0.00590086
84 0.00428104
85 0.00668907
86 0.00424695
87 0.00423694
88 0.00433207
89 0.00426388
90 0.00434995
91 0.00426793
92 0.004282
93 0.00445318
94 0.00587296
95 0.01316
96 0.006253
97 0.00517917
98 0.00668406
99 0.00439596
100 0.00444913
101 0.00439501
102 0.00689697
103 0.00486302
104 0.00432897
105 0.00430894
106 0.00807214
107 0.00439692
108 0.00423002
109 0.00423813
110 0.00429606
111 0.00427389
112 0.00429201
113 0.00433111
114 0.00443292
115 0.00428081
116 0.00492311
117 0.00526118
118 0.00615382
119 0.00473499
120 0.00673604
121 0.00430489
122 0.00448298
123 0.00487089
124 0.005193
125 0.00418591
126 0.00751615
127 0.00618815
128 0.00608206
129 0.00426817
130 0.00571609
131 0.00450993
132 0.00426388
133 0.00577402
134 0.00727201
135 0.00427985
136 0.00499701
137 0.00659323
138 0.00439
139 0.00584316
140 0.00563788
141 0.00433779
142 0.00566316
143 0.00423312
144 0.00430703
145 0.0043838
146 0.00809789
147 0.00421596
148 0.00423598
149 0.00438809
150 0.00428391
151 0.00426412
152 0.00605488
153 0.00427008
154 0.00430799
155 0.005126
156 0.00629497
157 0.00701308
158 0.00425982
159 0.00422287
160 0.00428104
161 0.00423503
162 0.00484204
163 0.00538301
164 0.00617886
165 0.00424504
166 0.0064981
167 0.0042758
168 0.00748897
169 0.00627279
170 0.00433207
171 0.00427794
172 0.00660086
173 0.00505185
174 0.00427985
175 0.00470805
176 0.00425005
177 0.00610399
178 0.00808787
179 0.00692296
180 0.00458312
181 0.00426292
182 0.00427508
183 0.00727201
184 0.00689483
185 0.00575995
186 0.00605202
187 0.00429511
188 0.0056169
189 0.004287
190 0.00587702
191 0.00580406
192 0.00468588
193 0.00654197
194 0.00449085
195 0.00447202
196 0.00460315
197 0.00443888
198 0.0044539
199 0.00457597
200 0.00500703
201 0.00457788
202 0.00556707
203 0.00654006
204 0.00655508
205 0.00544596
206 0.004493
207 0.00816107
208 0.00545001
209 0.00438309
210 0.00542998
211 0.0044589
212 0.00452089
213 0.007447
214 0.00536513
215 0.00447178
216 0.00598288
217 0.00444889
218 0.00446105
219 0.00740695
220 0.00541496
221 0.0044322
222 0.0050869
223 0.00444889
224 0.00581288
225 0.00438619
226 0.00458312
227 0.00611997
228 0.00441408
229 0.00744987
230 0.00517511
231 0.00437307
232 0.00554085
233 0.00655413
234 0.00468087
235 0.00434303
236 0.00435901
237 0.00619698
238 0.00476694
239 0.00776696
240 0.00567508
241 0.00465703
242 0.00463295
243 0.00444508
244 0.00743198
245 0.0057981
246 0.004462
247 0.00454116
248 0.00444293
249 0.00711012
250 0.00443387
251 0.00563693
252 0.00441289
253 0.004421
254 0.00440097
255 0.00460005
256 0.00441098
257 0.00448203
258 0.00737906
259 0.00548816
260 0.00521994
261 0.004493
262 0.0044241
263 0.00717616
264 0.00443411
265 0.00441408
266 0.00477195
267 0.00430393
268 0.004354
269 0.00421095
270 0.00763488
271 0.00560308
272 0.00425506
273 0.00429797
274 0.00704408
275 0.00426698
276 0.00616097
277 0.00438786
278 0.00525308
279 0.00426912
280 0.00438499
281 0.00430298
282 0.00440502
283 0.00420308
284 0.00430298
285 0.00637102
286 0.00425506
287 0.00604296
288 0.00444698
289 0.00430107
290 0.00428104
291 0.00748587
292 0.00432086
293 0.00427604
294 0.00417209
295 0.00432515
296 0.00433207
297 0.00594807
298 0.00424814
299 0.00430202
300 0.00657916
301 0.00429702
302 0.00435996
303 0.00647902
304 0.00422788
305 0.00438809
306 0.00430608
307 0.00425196
308 0.0061729
309 0.00703812
310 0.00462103
311 0.010458
312 0.00432086
313 0.00673199
314 0.00837493
315 0.00922298
316 0.00708485
317 0.00467682
318 0.00633907
319 0.00677896
320 0.00435591
321 0.00587988
322 0.00634289
323 0.00706792
324 0.00477004
325 0.00535893
326 0.00454092
327 0.004457
328 0.00458813
329 0.00456405
330 0.00581002
331 0.00431585
332 0.00431705
333 0.00740314
334 0.00453401
335 0.004421
336 0.00440097
337 0.00719881
338 0.00466585
339 0.0062499
340 0.0044961
341 0.00482106
342 0.00574303
343 0.00725698
344 0.00480795
345 0.00470209
346 0.0061059
347 0.00540805
348 0.00428891
349 0.0053668
350 0.00756407
351 0.00482607
352 0.00650501
353 0.00428891
354 0.00422597
355 0.00652695
356 0.00430417
357 0.00433087
358 0.00639892
359 0.00438404
360 0.00430989
361 0.00536203
362 0.00778103
363 0.00494289
364 0.00619483
365 0.00804996
366 0.00710678
367 0.00440216
368 0.00627303
369 0.00641084
370 0.00430608
371 0.00431013
372 0.0045979
373 0.00619292
374 0.00421095
375 0.00424504
376 0.00706196
377 0.00649381
378 0.00495911
379 0.00427508
380 0.00430799
381 0.00601602
382 0.00563192
383 0.00739694
384 0.00488901
385 0.00432897
386 0.00428391
387 0.00425696
388 0.00453806
389 0.00522709
390 0.00427604
391 0.00622582
392 0.00534701
393 0.00427508
394 0.00514507
395 0.00430512
396 0.00422597
397 0.00526595
398 0.00660205
399 0.00578713
400 0.00686693
401 0.0049119
402 0.00423193
403 0.00431299
404 0.00517797
405 0.00429797
406 0.0043149
407 0.00539112
408 0.00573397
409 0.00431514
410 0.00632596
411 0.00636816
412 0.00689292
413 0.00434589
414 0.00435519
415 0.00508881
416 0.00495505
417 0.006464
418 0.004318
419 0.00470805
420 0.00478601
421 0.00431085
422 0.00527692
423 0.00486588
424 0.00424504
425 0.00507689
426 0.00544095
427 0.00426817
428 0.00717497
429 0.0072968
430 0.00431609
431 0.005023
432 0.00668406
433 0.00423884
434 0.00450301
435 0.00696802
436 0.00427699
437 0.0042901
438 0.00741982
439 0.00429702
440 0.00428104
441 0.00505114
442 0.00431514
443 0.00429893
444 0.00476193
445 0.00789905
446 0.00580597
447 0.00468898
448 0.00441408
449 0.00418186
450 0.00539088
451 0.00486708
452 0.00434494
453 0.00599694
454 0.00784993
455 0.00427604
456 0.00462294
457 0.00531793
458 0.00448895
459 0.00500607
460 0.00647688
461 0.00434613
462 0.00427508
463 0.00533295
464 0.00424314
465 0.0042479
466 0.00512815
467 0.00564289
468 0.0042541
469 0.00441694
470 0.00473881
471 0.004318
472 0.00498319
473 0.00543213
474 0.0042541
475 0.00425196
476 0.00435519
477 0.00500202
478 0.00489616
479 0.00429106
480 0.00475788
481 0.00552511
482 0.00427008
483 0.00444412
484 0.00439
485 0.00621319
486 0.00493002
487 0.00461483
488 0.0042491
489 0.00424218
490 0.00552917
491 0.00423598
492 0.00431085
493 0.00478005
494 0.0068388
495 0.00638318
496 0.00492406
497 0.00429511
498 0.00430584
499 0.00466704
