2 0.00156999
3 0.000455141
4 0.000607014
5 0.000833035
6 0.00116706
7 0.00132203
8 0.00165701
9 0.001858
10 0.00602508
11 0.00283599
12 0.00361204
13 0.00670981
14 0.00625396
15 0.00627804
16 0.00456405
17 0.00325918
18 0.00388908
19 0.00542212
20 0.0042789
21 0.00612807
22 0.00715899
23 0.00856709
24 0.00606179
25 0.00616193
26 0.00854588
27 0.00806189
28 0.00841594
29 0.00898099
30 0.00969481
31 0.0120492
32 0.0113258
33 0.0146909
34 0.0159161
35 0.0165071
36 0.016788
37 0.0191281
38 0.0236959
39 0.0199811
40 0.023082
41 0.022867
42 0.0260251
43 0.025697
44 0.0309348
45 0.0323761
46 0.0325339
47 0.03583
48 0.0330992
49 0.0400879
50 0.040256
51 0.040699
52 0.0658541
53 0.066186
54 0.0475402
55 0.0471201
56 0.0534539
57 0.057018
58 0.062655
59 0.0600519
60 0.0632429
61 0.0661981
62 0.071579
63 0.0854402
64 0.104703
65 0.105065
66 0.113953
67 0.130679
68 0.100091
69 0.141499
70 0.128495
71 0.0992539
72 0.106287
73 0.104745
74 0.131259
75 0.114354
76 0.127246
77 0.125401
78 0.163699
79 0.130688
80 0.158369
81 0.115999
82 0.159009
83 0.149418
84 0.160762
85 0.207054
86 0.171512
87 0.224337
88 0.17371
89 0.183475
90 0.221408
91 0.258413
92 0.221605
93 0.212772
94 0.21594
95 0.217959
96 0.229174
97 0.227327
98 0.241178
99 0.265641
100 0.285838
101 0.291309
102 0.268516
103 0.273961
104 0.278586
105 0.291026
106 0.328916
107 0.331372
108 0.319843
109 0.329389
110 0.331251
111 0.333692
112 0.35384
113 0.40191
114 0.369068
115 0.370002
116 0.395539
117 0.38777
118 0.403012
119 0.424872
120 0.468706
121 0.446854
122 0.49835
123 0.452139
124 0.464012
125 0.512408
126 0.526856
127 0.493343
128 0.521563
129 0.541244
130 0.548203
131 0.578944
132 0.56537
133 0.569442
134 0.58957
135 0.61365
136 0.656622
137 0.632538
138 0.693598
139 0.643293
140 0.677377
141 0.721916
142 0.703853
143 0.717474
144 0.741312
145 0.798348
146 0.810632
147 0.776579
148 0.79634
149 0.866186
150 0.847342
151 0.835684
152 0.862024
153 0.916244
154 1.03218
155 0.920641
156 0.950002
157 0.984171
158 1.02567
159 1.00575
160 1.02412
161 1.07584
162 1.08223
163 1.0897
164 1.10498
165 1.16438
166 1.16429
167 1.1988
168 1.22794
169 1.20918
170 1.23448
171 1.30631
172 1.2744
173 1.32263
174 1.37099
175 1.33414
176 1.40047
177 1.39401
178 1.4273
179 1.50038
180 1.44909
181 1.51284
182 1.54082
183 1.55806
184 1.59015
185 1.62266
186 1.6488
187 1.75103
188 1.73105
189 1.74509
190 1.77396
191 1.80594
192 1.84978
193 1.90614
194 1.9081
195 1.90967
196 2.00046
197 1.98932
198 1.9959
199 2.05723
200 2.06737
201 2.12808
202 2.18729
203 2.16822
204 2.23607
205 2.24493
206 2.29511
207 2.31035
208 2.37144
209 2.37928
210 2.41
211 2.48353
212 2.48994
213 2.52918
214 2.57119
215 2.58582
216 2.63078
217 2.67991
218 2.7032
219 2.77148
220 2.78363
221 2.9194
222 3.0175
223 2.90796
224 2.90596
225 2.97285
226 3.0062
227 3.02272
228 3.09075
229 3.1279
230 3.16499
231 3.23314
232 3.25931
233 3.29715
234 3.3019
235 3.38653
236 3.45176
237 3.49215
238 3.56348
239 3.6912
