0 251366
1000 251153
2000 250238
3000 248838
4000 247494
5000 246389
6000 245498
7000 244856
8000 244436
9000 244108
10000 243871
11000 243646
12000 243450
13000 243261
14000 243109
15000 242984
16000 242882
17000 242790
18000 242730
19000 242671
20000 242633
21000 242598
22000 242549
23000 242528
24000 242438
25000 242330
26000 242210
27000 242119
28000 241981
29000 241890
30000 241797
31000 241750
32000 241706
33000 241682
34000 241651
35000 241619
36000 241607
37000 241571
38000 241556
39000 241512
40000 241525
41000 241511
42000 241508
43000 241509
44000 241486
45000 241452
46000 241432
47000 241447
48000 241424
49000 241391
50000 241366
51000 241353
52000 241347
53000 241349
54000 241341
55000 241354
56000 241360
57000 241362
58000 241354
59000 241351
60000 241314
61000 241291
62000 241274
63000 241261
64000 241258
65000 241277
66000 241260
67000 241245
68000 241243
69000 241221
70000 241205
71000 241209
72000 241195
73000 241181
74000 241185
75000 241184
76000 241186
77000 241187
78000 241192
79000 241185
80000 241176
81000 241169
82000 241189
83000 241172
84000 241141
85000 241128
86000 241133
87000 241101
88000 241097
89000 241073
90000 241067
91000 241065
92000 241032
93000 241023
94000 241015
95000 241009
96000 240961
97000 240941
98000 240928
99000 240920
100000 240902
101000 240887
102000 240868
103000 240838
104000 240818
105000 240793
106000 240790
107000 240771
108000 240751
109000 240737
110000 240722
111000 240689
112000 240673
113000 240636
114000 240602
115000 240575
116000 240555
117000 240524
118000 240514
119000 240496
120000 240467
121000 240456
122000 240401
123000 240348
124000 240326
125000 240297
126000 240291
127000 240251
128000 240203
129000 240126
130000 240078
131000 240056
132000 240047
133000 239998
134000 239916
135000 239879
136000 239836
137000 239804
138000 239769
139000 239750
140000 239716
141000 239678
142000 239655
143000 239614
144000 239591
145000 239570
146000 239548
147000 239488
148000 239475
149000 239426
150000 239397
151000 239359
152000 239334
153000 239299
154000 239254
155000 239228
156000 239196
157000 239175
158000 239150
159000 239122
160000 239090
161000 239061
162000 239042
163000 239020
164000 238966
165000 238914
166000 238877
167000 238826
168000 238813
169000 238791
170000 238744
171000 238712
172000 238692
173000 238653
174000 238615
175000 238573
176000 238561
177000 238538
178000 238486
179000 238446
180000 238416
181000 238382
182000 238368
183000 238347
184000 238308
185000 238284
186000 238258
187000 238253
188000 238220
189000 238199
190000 238178
191000 238155
192000 238106
193000 238072
194000 238010
195000 237996
196000 237966
197000 237911
198000 237871
199000 237832
200000 237789
201000 237773
202000 237774
203000 237725
204000 237658
205000 237625
206000 237601
207000 237583
208000 237563
209000 237531
210000 237516
211000 237493
212000 237493
213000 237462
214000 237412
215000 237362
216000 237334
217000 237285
218000 237214
219000 237189
220000 237170
221000 237131
222000 237123
223000 237079
224000 237054
225000 237025
226000 237002
227000 236983
228000 236971
229000 236918
230000 236935
231000 236899
232000 236860
233000 236848
234000 236793
235000 236754
236000 236711
237000 236667
238000 236644
239000 236613
240000 236575
241000 236560
242000 236551
243000 236499
244000 236441
245000 236415
246000 236388
247000 236374
248000 236349
249000 236323
250000 236277
251000 236257
252000 236226
253000 236193
254000 236156
255000 236134
256000 236114
257000 236094
258000 236072
259000 236044
260000 236029
261000 236016
262000 236013
263000 235958
264000 235947
265000 235935
266000 235903
267000 235886
268000 235894
269000 235900
270000 235891
271000 235865
272000 235821
273000 235800
274000 235752
275000 235698
276000 235655
277000 235637
278000 235608
279000 235581
280000 235566
281000 235545
282000 235541
283000 235494
284000 235469
285000 235447
286000 235425
287000 235396
288000 235349
289000 235312
290000 235282
291000 235267
292000 235234
293000 235198
294000 235153
295000 235113
296000 235095
297000 235075
298000 235074
299000 235030
300000 235015
301000 234982
302000 234965
303000 234948
304000 234911
305000 234865
306000 234864
307000 234829
308000 234816
309000 234803
310000 234777
311000 234754
312000 234754
313000 234709
314000 234636
315000 234604
316000 234612
317000 234603
318000 234582
319000 234555
320000 234531
321000 234500
322000 234487
323000 234479
324000 234459
325000 234436
326000 234419
327000 234413
328000 234390
329000 234374
330000 234354
331000 234333
332000 234335
333000 234318
334000 234268
335000 234238
336000 234207
337000 234186
338000 234190
339000 234158
340000 234147
341000 234123
342000 234116
343000 234073
344000 234068
345000 234053
346000 234062
347000 234032
348000 233998
349000 233985
350000 233977
351000 233929
352000 233895
353000 233846
354000 233806
355000 233769
356000 233758
357000 233754
358000 233739
359000 233725
360000 233714
361000 233695
362000 233685
363000 233681
364000 233612
365000 233577
366000 233555
367000 233552
368000 233536
369000 233532
370000 233512
371000 233477
372000 233454
373000 233452
374000 233405
375000 233385
376000 233367
377000 233341
378000 233321
379000 233296
380000 233257
381000 233244
382000 233252
383000 233219
384000 233182
385000 233150
386000 233155
387000 233153
388000 233160
389000 233153
390000 233157
391000 233149
392000 233115
393000 233104
394000 233055
395000 233062
396000 233056
397000 233053
398000 233037
399000 233024
400000 233011
401000 232983
402000 232973
403000 232976
404000 232942
405000 232934
406000 232939
407000 232945
408000 232932
409000 232981
410000 232989
411000 232967
412000 232931
413000 232926
414000 232864
415000 232854
416000 232815
417000 232801
418000 232780
419000 232764
420000 232755
421000 232754
422000 232769
423000 232725
424000 232721
425000 232684
426000 232657
427000 232631
428000 232588
429000 232559
430000 232553
431000 232537
432000 232525
433000 232503
434000 232454
435000 232436
436000 232403
437000 232412
438000 232421
439000 232398
440000 232384
441000 232378
442000 232367
443000 232314
444000 232307
445000 232293
446000 232294
447000 232266
448000 232273
449000 232277
450000 232297
451000 232269
452000 232281
453000 232266
454000 232228
455000 232200
456000 232189
457000 232176
458000 232172
459000 232159
460000 232157
461000 232141
462000 232108
463000 232102
464000 232083
465000 232087
466000 232065
467000 232036
468000 232016
469000 231976
470000 231966
471000 231972
472000 231940
473000 231914
474000 231876
475000 231861
476000 231860
477000 231880
478000 231898
479000 231874
480000 231839
481000 231827
482000 231809
483000 231794
484000 231759
485000 231727
486000 231722
487000 231736
488000 231740
489000 231716
490000 231711
491000 231714
492000 231752
493000 231720
494000 231710
495000 231689
496000 231677
497000 231620
498000 231641
499000 231622
500000 231618
501000 231613
502000 231593
503000 231562
504000 231545
505000 231513
506000 231493
507000 231478
508000 231467
509000 231476
510000 231463
511000 231457
512000 231468
513000 231456
514000 231450
515000 231429
516000 231383
517000 231365
518000 231346
519000 231360
520000 231327
521000 231312
522000 231304
523000 231273
524000 231245
525000 231198
526000 231194
527000 231150
528000 231114
529000 231097
530000 231090
531000 231097
532000 231085
533000 231074
534000 231052
535000 231038
536000 231051
537000 231063
538000 231034
539000 231030
540000 231023
541000 231026
542000 231018
543000 231024
544000 230979
545000 230992
546000 230987
547000 230970
548000 230982
549000 230991
550000 230980
551000 230965
552000 230979
553000 230978
554000 230937
555000 230908
556000 230895
557000 230890
558000 230879
559000 230871
560000 230830
561000 230823
562000 230802
563000 230773
564000 230736
565000 230730
566000 230715
567000 230712
568000 230728
569000 230708
570000 230696
571000 230698
572000 230702
573000 230685
574000 230655
575000 230606
576000 230620
577000 230627
578000 230611
579000 230610
580000 230571
581000 230580
582000 230589
583000 230591
584000 230564
585000 230541
586000 230549
587000 230557
588000 230559
589000 230540
590000 230549
591000 230576
592000 230589
593000 230596
594000 230570
595000 230564
596000 230552
597000 230538
598000 230521
599000 230509
600000 230507
601000 230476
602000 230468
603000 230452
604000 230433
605000 230405
606000 230415
607000 230405
608000 230420
609000 230420
610000 230432
611000 230436
612000 230415
613000 230418
614000 230399
615000 230364
616000 230353
617000 230340
618000 230309
619000 230320
620000 230308
621000 230309
622000 230354
623000 230367
624000 230354
625000 230341
626000 230358
627000 230357
628000 230380
629000 230392
630000 230407
631000 230406
632000 230422
633000 230429
634000 230404
635000 230381
636000 230376
637000 230384
638000 230395
639000 230419
640000 230433
641000 230407
642000 230403
643000 230376
644000 230382
645000 230388
646000 230393
647000 230382
648000 230392
649000 230387
650000 230378
651000 230403
652000 230423
653000 230411
654000 230408
655000 230384
656000 230350
657000 230349
658000 230350
659000 230346
660000 230359
661000 230368
662000 230380
663000 230380
664000 230332
665000 230302
666000 230292
667000 230297
668000 230289
669000 230283
670000 230284
671000 230270
672000 230309
673000 230300
674000 230279
675000 230265
676000 230251
677000 230261
678000 230259
679000 230283
680000 230293
681000 230276
682000 230275
683000 230294
684000 230267
685000 230258
686000 230270
687000 230262
688000 230252
689000 230258
690000 230271
691000 230231
692000 230262
693000 230246
694000 230247
695000 230246
696000 230247
697000 230261
698000 230257
699000 230246
700000 230237
701000 230265
702000 230287
703000 230290
704000 230269
705000 230275
706000 230284
707000 230291
708000 230281
709000 230285
710000 230304
711000 230309
712000 230310
713000 230289
714000 230299
715000 230289
716000 230320
717000 230321
718000 230322
719000 230336
720000 230338
721000 230371
722000 230385
723000 230387
724000 230360
725000 230342
726000 230354
727000 230367
728000 230362
729000 230366
730000 230370
731000 230386
732000 230394
733000 230407
734000 230400
735000 230392
736000 230386
737000 230404
738000 230410
739000 230398
740000 230384
741000 230382
742000 230389
743000 230388
744000 230357
745000 230361
746000 230375
747000 230380
748000 230405
749000 230404
750000 230388
751000 230425
752000 230410
753000 230409
754000 230405
755000 230420
756000 230404
757000 230415
758000 230415
759000 230392
760000 230378
761000 230406
762000 230399
763000 230407
764000 230391
765000 230368
766000 230331
767000 230323
768000 230348
769000 230353
770000 230360
771000 230350
772000 230375
773000 230381
774000 230362
775000 230338
776000 230363
777000 230397
778000 230376
779000 230381
780000 230378
781000 230367
782000 230384
783000 230387
784000 230344
785000 230362
786000 230358
787000 230366
788000 230364
789000 230346
790000 230390
791000 230399
792000 230423
793000 230428
794000 230413
795000 230430
796000 230417
797000 230433
798000 230411
799000 230414
800000 230423
801000 230440
802000 230437
803000 230441
804000 230450
805000 230437
806000 230440
807000 230433
808000 230415
809000 230398
810000 230387
811000 230396
812000 230416
813000 230428
814000 230418
815000 230427
816000 230425
817000 230427
818000 230428
819000 230462
820000 230449
821000 230468
822000 230477
823000 230455
824000 230459
825000 230466
826000 230461
827000 230485
828000 230477
829000 230508
830000 230531
831000 230531
832000 230583
833000 230564
834000 230536
835000 230529
836000 230520
837000 230564
838000 230599
839000 230622
840000 230656
841000 230652
842000 230654
843000 230657
844000 230641
845000 230648
846000 230633
847000 230646
848000 230636
849000 230652
850000 230664
851000 230678
852000 230678
853000 230671
854000 230677
855000 230671
856000 230685
857000 230701
858000 230686
859000 230698
860000 230706
861000 230726
862000 230734
863000 230739
864000 230755
865000 230750
866000 230782
867000 230808
868000 230807
869000 230801
870000 230831
871000 230831
872000 230832
873000 230850
874000 230843
875000 230834
876000 230816
877000 230843
878000 230845
879000 230832
880000 230846
881000 230837
882000 230820
883000 230830
884000 230841
885000 230851
886000 230874
887000 230901
888000 230909
889000 230914
890000 230920
891000 230939
892000 230917
893000 230930
894000 230961
895000 230980
896000 230983
897000 230990
898000 230986
899000 230976
900000 230977
901000 231034
902000 231043
903000 231043
904000 231044
905000 231051
906000 231068
907000 231056
908000 231063
909000 231021
910000 231058
911000 231090
912000 231109
913000 231112
914000 231112
915000 231133
916000 231166
917000 231185
918000 231204
919000 231219
920000 231254
921000 231271
922000 231296
923000 231291
924000 231316
925000 231330
926000 231336
927000 231338
928000 231356
929000 231376
930000 231391
931000 231409
932000 231458
933000 231462
934000 231455
935000 231461
936000 231473
937000 231453
938000 231483
939000 231522
940000 231546
941000 231575
942000 231609
943000 231604
944000 231608
945000 231613
946000 231651
947000 231657
948000 231663
949000 231685
950000 231684
951000 231674
952000 231691
953000 231690
954000 231702
955000 231710
956000 231714
957000 231729
958000 231746
959000 231761
960000 231784
961000 231801
962000 231836
963000 231842
964000 231868
965000 231915
966000 231911
967000 231920
968000 231952
969000 231955
970000 231955
971000 231973
972000 231978
973000 231972
974000 231978
975000 231988
976000 232027
977000 232022
978000 232057
979000 232065
980000 232083
981000 232092
982000 232117
983000 232091
984000 232113
985000 232106
986000 232096
987000 232116
988000 232163
989000 232180
990000 232210
991000 232238
992000 232242
993000 232254
994000 232252
995000 232232
996000 232281
997000 232324
998000 232361
999000 232362
1000000 232363
1001000 232368
1002000 232393
1003000 232427
1004000 232433
1005000 232444
1006000 232460
1007000 232465
1008000 232495
1009000 232534
1010000 232535
1011000 232562
1012000 232582
1013000 232591
1014000 232604
1015000 232587
1016000 232601
1017000 232612
1018000 232615
1019000 232634
1020000 232672
1021000 232709
1022000 232703
1023000 232720
1024000 232723
1025000 232721
1026000 232753
1027000 232758
1028000 232758
1029000 232762
1030000 232777
1031000 232782
1032000 232794
1033000 232824
1034000 232829
1035000 232845
1036000 232834
1037000 232863
1038000 232888
1039000 232930
1040000 232960
1041000 233016
1042000 233041
1043000 233069
1044000 233090
1045000 233106
1046000 233106
1047000 233127
1048000 233120
1049000 233134
1050000 233123
1051000 233147
1052000 233158
1053000 233169
1054000 233185
1055000 233205
1056000 233226
1057000 233268
1058000 233278
1059000 233289
1060000 233301
1061000 233320
1062000 233329
1063000 233340
1064000 233362
1065000 233391
1066000 233408
1067000 233435
1068000 233425
1069000 233467
1070000 233495
1071000 233502
1072000 233530
1073000 233555
1074000 233554
1075000 233546
1076000 233594
1077000 233591
1078000 233603
1079000 233630
1080000 233659
1081000 233670
1082000 233690
1083000 233666
1084000 233672
1085000 233728
1086000 233758
1087000 233742
1088000 233781
1089000 233792
1090000 233814
1091000 233854
1092000 233867
1093000 233911
1094000 233923
1095000 233950
1096000 233995
1097000 234013
1098000 233994
1099000 234009
1100000 234027
1101000 234065
1102000 234061
1103000 234081
1104000 234088
1105000 234099
1106000 234104
1107000 234131
1108000 234123
1109000 234173
1110000 234190
1111000 234241
1112000 234267
1113000 234239
1114000 234280
1115000 234315
1116000 234333
1117000 234345
1118000 234359
1119000 234374
1120000 234410
1121000 234431
1122000 234456
1123000 234442
1124000 234461
1125000 234472
1126000 234495
1127000 234546
1128000 234548
1129000 234555
1130000 234583
1131000 234606
1132000 234618
1133000 234625
1134000 234646
1135000 234695
1136000 234716
1137000 234712
1138000 234732
1139000 234789
1140000 234809
1141000 234838
1142000 234896
1143000 234922
1144000 234921
1145000 234955
1146000 234980
1147000 235022
1148000 235033
1149000 235040
1150000 235064
1151000 235061
1152000 235086
1153000 235089
1154000 235097
1155000 235115
1156000 235128
1157000 235181
1158000 235214
1159000 235219
1160000 235236
1161000 235228
1162000 235228
1163000 235251
1164000 235254
1165000 235277
1166000 235302
1167000 235336
1168000 235330
1169000 235337
1170000 235365
1171000 235381
1172000 235403
1173000 235430
1174000 235425
1175000 235449
1176000 235472
1177000 235499
1178000 235510
1179000 235535
1180000 235541
1181000 235565
1182000 235601
1183000 235662
1184000 235681
1185000 235680
1186000 235718
1187000 235728
1188000 235754
1189000 235782
1190000 235803
1191000 235828
1192000 235827
1193000 235876
1194000 235881
1195000 235908
1196000 235955
1197000 235975
1198000 235992
1199000 236026
1200000 236032
1201000 236050
1202000 236071
1203000 236086
1204000 236107
1205000 236119
1206000 236150
1207000 236153
1208000 236180
1209000 236190
1210000 236239
1211000 236265
1212000 236272
1213000 236268
1214000 236293
1215000 236326
1216000 236354
1217000 236340
1218000 236356
1219000 236404
1220000 236394
1221000 236406
1222000 236433
1223000 236434
1224000 236447
1225000 236448
1226000 236504
1227000 236531
1228000 236548
1229000 236550
1230000 236568
1231000 236565
1232000 236567
1233000 236589
1234000 236599
1235000 236604
1236000 236651
1237000 236672
1238000 236681
1239000 236685
1240000 236677
1241000 236670
1242000 236685
1243000 236679
1244000 236708
1245000 236727
1246000 236751
1247000 236758
1248000 236785
1249000 236812
1250000 236835
1251000 236872
1252000 236875
1253000 236908
1254000 236923
1255000 236946
1256000 236947
1257000 236945
1258000 236963
1259000 236973
1260000 237010
1261000 237030
1262000 237102
1263000 237116
1264000 237137
1265000 237143
1266000 237159
1267000 237195
1268000 237206
1269000 237229
1270000 237279
1271000 237280
1272000 237337
1273000 237332
1274000 237355
1275000 237401
1276000 237453
1277000 237463
1278000 237495
1279000 237506
1280000 237552
1281000 237594
1282000 237614
1283000 237601
1284000 237624
1285000 237653
1286000 237673
1287000 237697
1288000 237685
1289000 237711
1290000 237746
1291000 237770
1292000 237768
1293000 237783
1294000 237783
1295000 237809
1296000 237856
1297000 237863
1298000 237916
1299000 237932
1300000 237958
1301000 238005
1302000 238020
1303000 238044
1304000 238081
1305000 238124
1306000 238155
1307000 238177
1308000 238192
1309000 238224
1310000 238252
1311000 238267
1312000 238297
1313000 238285
1314000 238311
1315000 238350
1316000 238387
1317000 238416
1318000 238448
1319000 238492
1320000 238515
1321000 238524
1322000 238558
1323000 238563
1324000 238589
1325000 238589
1326000 238624
1327000 238647
1328000 238679
1329000 238714
1330000 238720
1331000 238746
1332000 238776
1333000 238798
1334000 238823
1335000 238823
1336000 238853
1337000 238863
1338000 238872
1339000 238890
1340000 238925
1341000 238955
1342000 239017
1343000 239054
1344000 239064
1345000 239084
1346000 239098
1347000 239128
1348000 239156
1349000 239162
1350000 239200
1351000 239225
1352000 239252
1353000 239295
1354000 239292
1355000 239300
1356000 239325
1357000 239340
1358000 239370
1359000 239398
1360000 239413
1361000 239446
1362000 239475
1363000 239510
1364000 239530
1365000 239567
1366000 239581
1367000 239614
1368000 239592
1369000 239609
1370000 239652
1371000 239665
1372000 239714
1373000 239718
1374000 239731
1375000 239769
1376000 239792
1377000 239829
1378000 239861
1379000 239899
1380000 239913
1381000 239951
1382000 239979
1383000 240008
1384000 240043
1385000 240059
1386000 240107
1387000 240136
1388000 240128
1389000 240149
1390000 240169
1391000 240204
1392000 240237
1393000 240256
1394000 240274
1395000 240290
1396000 240313
1397000 240340
1398000 240371
1399000 240404
1400000 240435
1401000 240471
1402000 240505
1403000 240509
1404000 240543
1405000 240550
1406000 240547
1407000 240555
1408000 240611
1409000 240639
1410000 240668
1411000 240680
1412000 240683
1413000 240666
1414000 240703
1415000 240730
1416000 240780
1417000 240797
1418000 240830
1419000 240832
1420000 240870
1421000 240910
1422000 240956
1423000 240973
1424000 240989
1425000 241018
1426000 241074
1427000 241074
1428000 241097
1429000 241105
1430000 241100
1431000 241111
1432000 241147
1433000 241164
1434000 241178
1435000 241181
1436000 241237
1437000 241229
1438000 241253
1439000 241257
1440000 241238
1441000 241252
1442000 241282
1443000 241288
1444000 241324
1445000 241348
1446000 241360
1447000 241410
1448000 241411
1449000 241410
1450000 241414
1451000 241465
1452000 241520
1453000 241539
1454000 241576
1455000 241593
1456000 241617
1457000 241627
1458000 241659
1459000 241678
1460000 241718
1461000 241732
1462000 241797
1463000 241826
1464000 241882
1465000 241887
1466000 241931
1467000 241962
1468000 241976
1469000 241988
1470000 242039
1471000 242071
1472000 242095
1473000 242104
1474000 242131
1475000 242146
1476000 242187
1477000 242213
1478000 242240
1479000 242268
1480000 242281
1481000 242323
1482000 242384
1483000 242397
1484000 242431
1485000 242453
1486000 242501
1487000 242517
1488000 242542
1489000 242566
1490000 242616
1491000 242640
1492000 242693
1493000 242684
1494000 242732
1495000 242759
1496000 242776
1497000 242767
1498000 242788
1499000 242835
1500000 242868
1501000 242872
1502000 242886
1503000 242925
1504000 242945
1505000 242969
1506000 243011
1507000 243070
1508000 243102
1509000 243117
1510000 243126
1511000 243161
1512000 243194
1513000 243201
1514000 243243
1515000 243279
1516000 243299
1517000 243316
1518000 243351
1519000 243402
1520000 243436
1521000 243437
1522000 243431
1523000 243466
1524000 243469
1525000 243486
1526000 243511
1527000 243540
1528000 243547
1529000 243561
1530000 243575
1531000 243570
1532000 243595
1533000 243635
1534000 243626
1535000 243677
1536000 243691
1537000 243698
1538000 243760
1539000 243799
1540000 243867
1541000 243914
1542000 243965
1543000 243969
1544000 243984
1545000 244046
1546000 244078
1547000 244067
1548000 244112
1549000 244135
1550000 244182
1551000 244206
1552000 244220
1553000 244245
1554000 244247
1555000 244269
1556000 244301
1557000 244296
1558000 244316
1559000 244367
1560000 244386
1561000 244399
1562000 244438
1563000 244443
1564000 244470
1565000 244489
1566000 244516
1567000 244524
1568000 244580
1569000 244566
1570000 244603
1571000 244622
1572000 244658
1573000 244661
1574000 244647
1575000 244660
1576000 244672
1577000 244684
1578000 244668
1579000 244698
1580000 244733
1581000 244753
1582000 244764
1583000 244824
1584000 244833
1585000 244834
1586000 244834
1587000 244813
1588000 244832
1589000 244841
1590000 244888
1591000 244902
1592000 244924
1593000 244921
1594000 244963
1595000 244982
1596000 244997
1597000 245042
1598000 245081
1599000 245106
1600000 245144
1601000 245173
1602000 245184
1603000 245241
1604000 245262
1605000 245296
1606000 245300
1607000 245348
1608000 245366
1609000 245399
1610000 245405
1611000 245405
1612000 245442
1613000 245482
1614000 245486
1615000 245530
1616000 245578
1617000 245595
1618000 245625
1619000 245635
1620000 245661
1621000 245704
1622000 245691
1623000 245711
1624000 245790
1625000 245820
1626000 245848
1627000 245891
1628000 245894
1629000 245922
1630000 245945
1631000 245959
1632000 246006
1633000 246020
1634000 246020
1635000 246023
1636000 246050
1637000 246097
1638000 246126
1639000 246122
1640000 246145
1641000 246152
1642000 246167
1643000 246187
1644000 246239
1645000 246254
1646000 246281
1647000 246277
1648000 246298
1649000 246337
1650000 246364
1651000 246383
1652000 246426
1653000 246463
1654000 246461
1655000 246476
1656000 246491
1657000 246497
1658000 246529
1659000 246575
1660000 246604
1661000 246627
1662000 246629
1663000 246649
1664000 246666
1665000 246671
1666000 246724
1667000 246747
1668000 246786
1669000 246803
1670000 246841
1671000 246880
1672000 246907
1673000 246937
1674000 246950
1675000 246971
1676000 247004
1677000 247032
1678000 247035
1679000 247032
1680000 247042
1681000 247085
1682000 247125
1683000 247144
1684000 247138
1685000 247175
1686000 247198
1687000 247233
1688000 247257
1689000 247272
1690000 247306
1691000 247341
1692000 247327
1693000 247368
1694000 247366
1695000 247359
1696000 247368
1697000 247387
1698000 247417
1699000 247459
1700000 247492
1701000 247516
1702000 247551
1703000 247561
1704000 247577
1705000 247584
1706000 247588
1707000 247671
1708000 247694
1709000 247695
1710000 247703
1711000 247736
1712000 247761
1713000 247785
1714000 247808
1715000 247832
1716000 247886
1717000 247933
1718000 247968
1719000 248001
1720000 248035
1721000 248071
1722000 248112
1723000 248132
1724000 248148
1725000 248172
1726000 248162
1727000 248179
1728000 248215
1729000 248223
1730000 248248
1731000 248269
1732000 248308
1733000 248312
1734000 248332
1735000 248327
1736000 248348
1737000 248384
1738000 248408
1739000 248435
1740000 248464
1741000 248468
1742000 248498
1743000 248524
1744000 248547
1745000 248576
1746000 248589
1747000 248601
1748000 248612
1749000 248624
1750000 248629
1751000 248660
1752000 248713
1753000 248746
1754000 248754
1755000 248808
1756000 248839
1757000 248869
1758000 248930
1759000 248985
1760000 249015
1761000 249059
1762000 249070
1763000 249084
1764000 249101
1765000 249124
1766000 249130
1767000 249149
1768000 249171
1769000 249191
1770000 249196
1771000 249228
1772000 249238
1773000 249256
1774000 249275
1775000 249286
1776000 249294
1777000 249315
1778000 249356
1779000 249374
1780000 249383
1781000 249426
1782000 249462
1783000 249465
1784000 249454
1785000 249504
1786000 249529
1787000 249566
1788000 249592
1789000 249630
1790000 249640
1791000 249681
1792000 249708
1793000 249717
1794000 249704
1795000 249750
1796000 249768
1797000 249794
1798000 249828
1799000 249830
1800000 249845
1801000 249856
1802000 249868
1803000 249892
1804000 249895
1805000 249896
1806000 249918
1807000 249940
1808000 249967
1809000 250001
1810000 250036
1811000 250048
1812000 250055
1813000 250067
1814000 250082
1815000 250109
1816000 250132
1817000 250168
1818000 250172
1819000 250196
1820000 250245
1821000 250265
1822000 250310
1823000 250308
1824000 250339
1825000 250368
1826000 250374
1827000 250412
1828000 250428
1829000 250445
1830000 250470
1831000 250487
1832000 250504
1833000 250538
1834000 250583
1835000 250594
1836000 250608
1837000 250617
1838000 250612
1839000 250632
1840000 250664
1841000 250692
1842000 250731
1843000 250738
1844000 250774
1845000 250784
1846000 250820
1847000 250880
1848000 250903
1849000 250913
1850000 250940
1851000 250936
1852000 250945
1853000 250972
1854000 250978
1855000 251012
1856000 251047
1857000 251055
1858000 251066
1859000 251114
1860000 251126
1861000 251169
1862000 251185
1863000 251195
1864000 251202
1865000 251227
1866000 251268
1867000 251300
1868000 251326
1869000 251332
1870000 251354
1871000 251377
1872000 251402
1873000 251397
1874000 251411
1875000 251455
1876000 251458
1877000 251493
1878000 251536
1879000 251566
1880000 251599
1881000 251624
1882000 251639
1883000 251676
1884000 251688
1885000 251728
1886000 251739
1887000 251776
1888000 251804
1889000 251821
1890000 251866
1891000 251891
1892000 251913
1893000 251954
1894000 251988
1895000 252006
1896000 252023
1897000 252050
1898000 252086
1899000 252109
1900000 252133
1901000 252153
1902000 252182
1903000 252197
1904000 252235
1905000 252252
1906000 252294
1907000 252298
1908000 252282
1909000 252289
1910000 252311
1911000 252324
1912000 252341
1913000 252360
1914000 252384
1915000 252390
1916000 252414
1917000 252387
1918000 252424
1919000 252428
1920000 252437
1921000 252459
1922000 252477
1923000 252523
1924000 252558
1925000 252569
1926000 252584
1927000 252589
1928000 252626
1929000 252683
1930000 252721
1931000 252745
1932000 252783
1933000 252787
1934000 252794
1935000 252800
1936000 252831
1937000 252847
1938000 252873
1939000 252874
1940000 252920
1941000 252911
1942000 252940
1943000 252975
1944000 253016
1945000 253051
1946000 253057
1947000 253061
1948000 253113
1949000 253121
1950000 253157
1951000 253193
1952000 253211
1953000 253245
1954000 253270
1955000 253302
1956000 253302
1957000 253301
1958000 253331
1959000 253379
1960000 253426
1961000 253464
1962000 253480
1963000 253533
1964000 253527
1965000 253538
1966000 253571
1967000 253601
1968000 253600
1969000 253618
1970000 253626
1971000 253627
1972000 253656
1973000 253684
1974000 253720
1975000 253711
1976000 253748
1977000 253782
1978000 253793
1979000 253794
1980000 253819
1981000 253861
1982000 253873
1983000 253925
1984000 253969
1985000 254000
1986000 254011
1987000 254033
1988000 254049
1989000 254039
1990000 254066
1991000 254079
1992000 254092
1993000 254109
1994000 254139
1995000 254144
1996000 254176
1997000 254195
1998000 254221
1999000 254235
2000000 254244
2001000 254261
2002000 254283
2003000 254260
2004000 254284
2005000 254301
2006000 254351
2007000 254396
2008000 254435
2009000 254454
2010000 254493
2011000 254512
2012000 254536
2013000 254567
2014000 254602
2015000 254615
2016000 254639
2017000 254646
2018000 254676
2019000 254687
2020000 254734
2021000 254741
2022000 254766
2023000 254775
2024000 254814
2025000 254860
2026000 254846
2027000 254854
2028000 254882
2029000 254920
2030000 254932
2031000 254982
2032000 255003
2033000 254995
2034000 255019
2035000 255078
2036000 255082
2037000 255105
2038000 255133
2039000 255181
2040000 255218
2041000 255228
2042000 255257
2043000 255281
2044000 255288
2045000 255321
2046000 255304
2047000 255333
2048000 255324
2049000 255351
2050000 255376
2051000 255394
2052000 255411
2053000 255414
2054000 255438
2055000 255475
2056000 255502
2057000 255516
2058000 255518
2059000 255546
2060000 255579
2061000 255609
2062000 255613
2063000 255638
2064000 255658
2065000 255647
2066000 255667
2067000 255716
2068000 255760
2069000 255777
2070000 255793
2071000 255806
2072000 255820
2073000 255818
2074000 255837
2075000 255869
2076000 255884
2077000 255895
2078000 255894
2079000 255923
2080000 255957
2081000 255960
2082000 255968
2083000 256010
2084000 256012
2085000 256030
2086000 256077
2087000 256075
2088000 256084
2089000 256139
2090000 256148
2091000 256164
2092000 256185
2093000 256207
2094000 256257
2095000 256282
2096000 256293
2097000 256314
2098000 256363
2099000 256394
2100000 256375
2101000 256381
2102000 256374
2103000 256355
2104000 256359
2105000 256384
2106000 256406
2107000 256439
2108000 256456
2109000 256471
2110000 256482
2111000 256515
2112000 256553
2113000 256555
2114000 256571
2115000 256563
2116000 256578
2117000 256567
2118000 256590
2119000 256583
2120000 256621
2121000 256641
2122000 256660
2123000 256692
2124000 256720
2125000 256748
2126000 256758
2127000 256758
2128000 256756
2129000 256775
2130000 256757
2131000 256773
2132000 256787
2133000 256809
2134000 256830
2135000 256888
2136000 256885
2137000 256904
2138000 256942
2139000 256952
2140000 256969
2141000 256991
2142000 257028
2143000 257001
2144000 257030
2145000 257051
2146000 257080
2147000 257111
2148000 257129
2149000 257152
2150000 257124
2151000 257133
2152000 257130
2153000 257111
2154000 257149
2155000 257189
2156000 257219
2157000 257261
2158000 257286
2159000 257293
2160000 257355
2161000 257370
2162000 257384
2163000 257407
2164000 257441
2165000 257449
2166000 257458
2167000 257497
2168000 257494
2169000 257509
2170000 257528
2171000 257566
2172000 257578
2173000 257610
2174000 257636
2175000 257664
2176000 257693
2177000 257716
2178000 257725
2179000 257739
2180000 257776
2181000 257765
2182000 257764
2183000 257803
2184000 257821
2185000 257830
2186000 257867
2187000 257875
2188000 257866
2189000 257878
2190000 257907
2191000 257905
2192000 257928
2193000 257947
2194000 257966
2195000 257984
2196000 257991
2197000 257992
2198000 258028
2199000 258033
2200000 258034
2201000 258070
2202000 258091
2203000 258096
2204000 258118
2205000 258109
2206000 258166
2207000 258163
2208000 258166
2209000 258208
2210000 258230
2211000 258260
2212000 258264
2213000 258290
2214000 258305
2215000 258323
2216000 258336
2217000 258317
2218000 258329
2219000 258349
2220000 258367
2221000 258387
2222000 258453
2223000 258484
2224000 258508
2225000 258541
2226000 258544
2227000 258561
2228000 258582
2229000 258609
2230000 258623
2231000 258628
2232000 258655
2233000 258650
2234000 258633
2235000 258664
2236000 258696
2237000 258724
2238000 258738
2239000 258747
2240000 258755
2241000 258772
2242000 258790
2243000 258832
2244000 258867
2245000 258868
2246000 258878
2247000 258895
2248000 258889
2249000 258906
2250000 258921
2251000 258915
2252000 258915
2253000 258929
2254000 258953
2255000 258989
2256000 258995
2257000 259003
2258000 259016
2259000 259007
2260000 259019
2261000 259011
2262000 259026
2263000 259027
2264000 259034
2265000 259026
2266000 259057
2267000 259040
2268000 259051
2269000 259085
2270000 259103
2271000 259140
2272000 259149
2273000 259149
2274000 259147
2275000 259139
2276000 259133
2277000 259181
2278000 259182
2279000 259197
2280000 259254
2281000 259279
2282000 259304
2283000 259308
2284000 259303
2285000 259329
2286000 259349
2287000 259362
2288000 259380
2289000 259398
2290000 259390
2291000 259384
2292000 259412
2293000 259418
2294000 259425
2295000 259434
2296000 259445
2297000 259479
2298000 259476
2299000 259501
2300000 259511
2301000 259526
2302000 259526
2303000 259513
2304000 259538
2305000 259552
2306000 259583
2307000 259633
2308000 259647
2309000 259682
2310000 259711
2311000 259697
2312000 259739
2313000 259717
2314000 259719
2315000 259735
2316000 259751
2317000 259769
2318000 259806
2319000 259845
2320000 259884
2321000 259897
2322000 259914
2323000 259932
2324000 259960
2325000 259991
2326000 260022
2327000 260058
2328000 260092
2329000 260068
2330000 260084
2331000 260128
2332000 260132
2333000 260143
2334000 260152
2335000 260180
2336000 260203
2337000 260228
2338000 260211
2339000 260239
2340000 260264
2341000 260278
2342000 260317
2343000 260282
2344000 260312
2345000 260302
2346000 260335
2347000 260355
2348000 260368
2349000 260403
2350000 260403
2351000 260400
2352000 260403
2353000 260442
2354000 260464
2355000 260486
2356000 260512
2357000 260549
2358000 260547
2359000 260572
2360000 260586
2361000 260583
2362000 260581
2363000 260582
2364000 260600
2365000 260608
2366000 260638
2367000 260654
2368000 260690
2369000 260688
2370000 260691
2371000 260704
2372000 260729
2373000 260755
2374000 260746
2375000 260752
2376000 260760
2377000 260788
2378000 260807
2379000 260797
2380000 260834
2381000 260848
2382000 260845
2383000 260880
2384000 260859
2385000 260879
2386000 260901
2387000 260893
2388000 260872
2389000 260852
2390000 260878
2391000 260881
2392000 260912
2393000 260922
2394000 260952
2395000 260982
2396000 260971
2397000 260990
2398000 260985
2399000 261004
2400000 261008
2401000 261023
2402000 261038
2403000 261059
2404000 261086
2405000 261112
2406000 261150
2407000 261175
2408000 261171
2409000 261172
2410000 261144
2411000 261158
2412000 261195
2413000 261232
2414000 261229
2415000 261261
2416000 261296
2417000 261305
2418000 261317
2419000 261326
2420000 261369
2421000 261369
2422000 261368
2423000 261389
2424000 261432
2425000 261462
2426000 261504
2427000 261541
2428000 261542
2429000 261539
2430000 261576
2431000 261593
2432000 261604
2433000 261635
2434000 261630
2435000 261626
2436000 261618
2437000 261635
2438000 261652
2439000 261684
2440000 261723
2441000 261739
2442000 261749
2443000 261772
2444000 261818
2445000 261817
2446000 261843
2447000 261873
2448000 261873
2449000 261897
2450000 261959
2451000 261962
2452000 261966
2453000 261981
2454000 262003
2455000 262013
2456000 262054
2457000 262072
2458000 262092
2459000 262140
2460000 262153
2461000 262169
2462000 262187
2463000 262229
2464000 262228
2465000 262234
2466000 262236
2467000 262253
2468000 262264
2469000 262295
2470000 262297
2471000 262328
2472000 262308
2473000 262322
2474000 262322
2475000 262349
2476000 262370
2477000 262386
2478000 262403
2479000 262452
2480000 262493
2481000 262491
2482000 262531
2483000 262549
2484000 262554
2485000 262567
2486000 262574
2487000 262574
2488000 262581
2489000 262599
2490000 262623
2491000 262648
2492000 262682
2493000 262656
2494000 262667
2495000 262692
2496000 262730
2497000 262708
2498000 262726
2499000 262760
2500000 262785
2501000 262810
2502000 262846
2503000 262859
2504000 262877
2505000 262887
2506000 262911
2507000 262959
2508000 262974
2509000 262977
2510000 263025
2511000 263059
2512000 263046
2513000 263066
2514000 263053
2515000 263058
2516000 263049
2517000 263052
2518000 263071
2519000 263077
2520000 263102
2521000 263086
2522000 263105
2523000 263128
2524000 263130
2525000 263133
2526000 263166
2527000 263186
2528000 263207
2529000 263197
2530000 263210
2531000 263211
2532000 263246
2533000 263281
2534000 263269
2535000 263282
2536000 263281
2537000 263280
2538000 263288
2539000 263322
2540000 263333
2541000 263342
2542000 263343
2543000 263358
2544000 263381
2545000 263418
2546000 263405
2547000 263379
2548000 263397
2549000 263411
2550000 263436
2551000 263436
2552000 263447
2553000 263444
2554000 263457
2555000 263465
2556000 263517
2557000 263525
2558000 263537
2559000 263539
2560000 263565
2561000 263603
2562000 263622
2563000 263643
2564000 263661
2565000 263667
2566000 263686
2567000 263681
2568000 263684
2569000 263703
2570000 263709
2571000 263712
2572000 263753
2573000 263738
2574000 263765
2575000 263758
2576000 263751
2577000 263767
2578000 263786
2579000 263834
2580000 263866
2581000 263860
2582000 263870
2583000 263836
2584000 263841
2585000 263883
2586000 263898
2587000 263928
2588000 263927
2589000 263951
2590000 263975
2591000 263995
2592000 263998
2593000 263997
2594000 264018
2595000 264031
2596000 264036
2597000 264032
2598000 264031
2599000 264052
2600000 264098
2601000 264110
2602000 264143
2603000 264133
2604000 264129
2605000 264139
2606000 264161
2607000 264181
2608000 264199
2609000 264196
2610000 264187
2611000 264199
2612000 264210
2613000 264186
2614000 264203
2615000 264196
2616000 264239
2617000 264233
2618000 264241
2619000 264229
2620000 264229
2621000 264248
2622000 264250
2623000 264311
2624000 264335
2625000 264350
2626000 264364
2627000 264365
2628000 264367
2629000 264393
2630000 264438
2631000 264401
2632000 264437
2633000 264458
2634000 264455
2635000 264450
2636000 264456
2637000 264467
2638000 264481
2639000 264488
2640000 264506
2641000 264532
2642000 264544
2643000 264543
2644000 264524
2645000 264531
2646000 264520
2647000 264514
2648000 264533
2649000 264543
2650000 264568
2651000 264582
2652000 264585
2653000 264616
2654000 264616
2655000 264626
2656000 264642
2657000 264671
2658000 264671
2659000 264708
2660000 264718
2661000 264747
2662000 264734
2663000 264775
2664000 264777
2665000 264792
2666000 264825
2667000 264825
2668000 264830
2669000 264854
2670000 264844
2671000 264847
2672000 264883
2673000 264890
2674000 264863
2675000 264857
2676000 264913
2677000 264929
2678000 264927
2679000 264911
2680000 264939
2681000 264944
2682000 264940
2683000 264941
2684000 264957
2685000 264992
2686000 265040
2687000 265045
2688000 265073
2689000 265073
2690000 265092
2691000 265077
2692000 265082
2693000 265059
2694000 265063
2695000 265074
2696000 265073
2697000 265061
2698000 265045
2699000 265056
2700000 265065
2701000 265043
2702000 265076
2703000 265100
2704000 265096
2705000 265092
2706000 265111
2707000 265129
2708000 265153
2709000 265173
2710000 265156
2711000 265166
2712000 265196
2713000 265213
2714000 265218
2715000 265266
2716000 265295
2717000 265290
2718000 265284
2719000 265319
2720000 265319
2721000 265307
2722000 265351
2723000 265343
2724000 265357
2725000 265388
2726000 265379
2727000 265372
2728000 265389
2729000 265417
2730000 265422
2731000 265457
2732000 265467
2733000 265502
2734000 265490
2735000 265483
2736000 265503
2737000 265520
2738000 265485
2739000 265465
2740000 265466
2741000 265479
2742000 265534
2743000 265498
2744000 265507
2745000 265535
2746000 265575
2747000 265582
2748000 265605
2749000 265595
2750000 265637
2751000 265654
2752000 265661
2753000 265678
2754000 265680
2755000 265684
2756000 265720
2757000 265745
2758000 265743
2759000 265778
2760000 265753
2761000 265759
2762000 265782
2763000 265797
2764000 265791
2765000 265816
2766000 265820
2767000 265848
2768000 265837
2769000 265852
2770000 265888
2771000 265886
2772000 265917
2773000 265920
2774000 265934
2775000 265916
2776000 265921
2777000 265929
2778000 265907
2779000 265873
2780000 265866
2781000 265888
2782000 265894
2783000 265913
2784000 265915
2785000 265912
2786000 265934
2787000 265985
2788000 266003
2789000 266045
2790000 266053
2791000 266079
2792000 266122
2793000 266113
2794000 266103
2795000 266100
2796000 266098
2797000 266077
2798000 266082
2799000 266097
2800000 266140
2801000 266125
2802000 266132
2803000 266129
2804000 266145
2805000 266127
2806000 266132
2807000 266146
2808000 266153
2809000 266164
2810000 266155
2811000 266156
2812000 266156
2813000 266170
2814000 266168
2815000 266169
2816000 266174
2817000 266206
2818000 266213
2819000 266224
2820000 266246
2821000 266243
2822000 266254
2823000 266302
2824000 266324
2825000 266308
2826000 266298
2827000 266309
2828000 266298
2829000 266315
2830000 266335
2831000 266371
2832000 266403
2833000 266396
2834000 266438
2835000 266437
2836000 266464
2837000 266481
2838000 266506
2839000 266514
2840000 266503
2841000 266520
2842000 266534
2843000 266566
2844000 266564
2845000 266593
2846000 266618
2847000 266611
2848000 266625
2849000 266667
2850000 266691
2851000 266678
2852000 266686
2853000 266692
2854000 266703
2855000 266723
2856000 266763
2857000 266763
2858000 266777
2859000 266774
2860000 266786
2861000 266777
2862000 266785
2863000 266764
2864000 266778
2865000 266771
2866000 266786
2867000 266794
2868000 266811
2869000 266831
2870000 266861
2871000 266887
2872000 266894
2873000 266922
2874000 266931
2875000 266923
2876000 266954
2877000 267000
2878000 267029
2879000 267048
2880000 267052
2881000 267061
2882000 267073
2883000 267092
2884000 267081
2885000 267088
2886000 267110
2887000 267112
2888000 267119
2889000 267126
2890000 267116
2891000 267134
2892000 267158
2893000 267190
2894000 267203
2895000 267185
2896000 267202
2897000 267199
2898000 267203
2899000 267218
2900000 267196
2901000 267229
2902000 267224
2903000 267206
2904000 267219
2905000 267244
2906000 267239
2907000 267214
2908000 267240
2909000 267229
2910000 267199
2911000 267213
2912000 267255
2913000 267257
2914000 267250
2915000 267256
2916000 267274
2917000 267298
2918000 267274
2919000 267306
2920000 267346
2921000 267353
2922000 267393
2923000 267421
2924000 267437
2925000 267465
2926000 267482
2927000 267472
2928000 267471
2929000 267507
2930000 267539
2931000 267545
2932000 267523
2933000 267531
2934000 267527
2935000 267510
2936000 267510
2937000 267501
2938000 267497
2939000 267481
2940000 267515
2941000 267554
2942000 267549
2943000 267531
2944000 267505
2945000 267503
2946000 267534
2947000 267526
2948000 267559
2949000 267568
2950000 267592
2951000 267610
2952000 267653
2953000 267667
2954000 267683
2955000 267693
2956000 267703
2957000 267682
2958000 267674
2959000 267661
2960000 267679
2961000 267678
2962000 267682
2963000 267685
2964000 267715
2965000 267716
2966000 267715
2967000 267719
2968000 267753
2969000 267788
2970000 267793
2971000 267803
2972000 267803
2973000 267818
2974000 267821
2975000 267868
2976000 267853
2977000 267876
2978000 267878
2979000 267864
2980000 267875
2981000 267896
2982000 267921
2983000 267892
2984000 267911
2985000 267908
2986000 267915
2987000 267927
2988000 267917
2989000 267936
2990000 267943
2991000 267956
2992000 267958
2993000 267974
2994000 268000
2995000 267995
2996000 267979
2997000 267990
2998000 267980
2999000 268006
3000000 268002
3001000 268020
3002000 268037
3003000 268028
3004000 268040
3005000 268028
3006000 268052
3007000 268046
3008000 268003
3009000 268014
3010000 267994
3011000 268000
3012000 267983
3013000 267996
3014000 268004
3015000 267967
3016000 267967
3017000 267961
3018000 267969
3019000 267967
3020000 267979
3021000 267990
3022000 267973
3023000 267980
3024000 267988
3025000 267996
3026000 267999
3027000 267986
3028000 268004
3029000 267992
3030000 268017
3031000 267987
3032000 267995
3033000 268023
3034000 268006
3035000 267972
3036000 267988
3037000 267975
3038000 267965
3039000 267971
3040000 267968
3041000 267981
3042000 268006
3043000 268000
3044000 268000
3045000 268010
3046000 268035
3047000 268017
3048000 267989
3049000 267973
3050000 267996
3051000 267983
3052000 267996
3053000 267998
3054000 267979
3055000 267962
3056000 267974
3057000 267983
3058000 267967
3059000 267968
3060000 267954
3061000 267972
3062000 267967
3063000 267968
3064000 267966
3065000 267963
3066000 267969
3067000 267950
3068000 267911
3069000 267926
3070000 267918
3071000 267939
3072000 267955
3073000 267952
3074000 267952
3075000 267959
3076000 267991
3077000 267969
3078000 267987
3079000 268011
3080000 268020
3081000 267989
3082000 268010
3083000 267977
3084000 267996
3085000 268012
3086000 267995
3087000 267982
3088000 268004
3089000 268021
3090000 268022
3091000 268004
3092000 268051
3093000 268035
3094000 268029
3095000 267992
3096000 267983
3097000 268006
3098000 268017
3099000 268034
3100000 268020
3101000 268038
3102000 268085
3103000 268060
3104000 268057
3105000 268056
3106000 268048
3107000 268054
3108000 268054
3109000 268068
3110000 268092
3111000 268137
3112000 268176
3113000 268148
3114000 268154
3115000 268168
3116000 268187
3117000 268185
3118000 268205
3119000 268193
3120000 268197
3121000 268207
3122000 268208
3123000 268200
3124000 268215
3125000 268218
3126000 268231
3127000 268232
3128000 268234
3129000 268261
3130000 268291
3131000 268298
3132000 268297
3133000 268300
3134000 268294
3135000 268297
3136000 268326
3137000 268330
3138000 268311
3139000 268341
3140000 268370
3141000 268330
3142000 268377
3143000 268406
3144000 268386
3145000 268353
3146000 268363
3147000 268382
3148000 268343
3149000 268355
3150000 268383
3151000 268403
3152000 268409
3153000 268389
3154000 268392
3155000 268412
3156000 268420
3157000 268418
3158000 268442
3159000 268432
3160000 268454
3161000 268444
3162000 268444
3163000 268470
3164000 268444
3165000 268417
3166000 268404
3167000 268441
3168000 268453
3169000 268496
3170000 268499
3171000 268514
3172000 268543
3173000 268526
3174000 268522
3175000 268529
3176000 268540
3177000 268543
3178000 268536
3179000 268557
3180000 268550
3181000 268549
3182000 268569
3183000 268568
3184000 268592
3185000 268575
3186000 268598
3187000 268603
3188000 268615
3189000 268618
3190000 268604
3191000 268628
3192000 268644
3193000 268671
3194000 268687
3195000 268689
3196000 268685
3197000 268691
3198000 268692
3199000 268719
3200000 268760
3201000 268755
3202000 268747
3203000 268741
3204000 268748
3205000 268759
3206000 268751
3207000 268734
3208000 268728
3209000 268738
3210000 268759
3211000 268767
3212000 268806
3213000 268783
3214000 268785
3215000 268771
3216000 268751
3217000 268754
3218000 268799
3219000 268796
3220000 268787
3221000 268780
3222000 268785
3223000 268773
3224000 268809
3225000 268829
3226000 268844
3227000 268828
3228000 268871
3229000 268893
3230000 268921
3231000 268923
3232000 268933
3233000 268914
3234000 268892
3235000 268917
3236000 268926
3237000 268910
3238000 268915
3239000 268941
3240000 268974
3241000 268955
3242000 268978
3243000 268956
3244000 268954
3245000 268941
3246000 268957
3247000 268988
3248000 268979
3249000 269008
3250000 268980
3251000 268994
3252000 268978
3253000 268962
3254000 268953
3255000 268953
3256000 268946
3257000 268936
3258000 268944
3259000 268956
3260000 268947
3261000 268957
3262000 268947
3263000 268924
3264000 268931
3265000 268929
3266000 268925
3267000 268933
3268000 268929
3269000 268961
3270000 268968
3271000 268977
3272000 268969
3273000 268951
3274000 268938
3275000 268943
3276000 268948
3277000 268953
3278000 268939
3279000 268951
3280000 268962
3281000 268962
3282000 268931
3283000 268943
3284000 268915
3285000 268964
3286000 268939
3287000 268960
3288000 268968
3289000 268953
3290000 268984
3291000 268968
3292000 268987
3293000 269014
3294000 269019
3295000 269033
3296000 269063
3297000 269060
3298000 269056
3299000 269031
3300000 269089
3301000 269095
3302000 269084
3303000 269085
3304000 269069
3305000 269067
3306000 269065
3307000 269056
3308000 269046
3309000 269031
3310000 269036
3311000 269048
3312000 269056
3313000 269079
3314000 269063
3315000 269073
3316000 269067
3317000 269088
3318000 269100
3319000 269123
3320000 269137
3321000 269145
3322000 269136
3323000 269135
3324000 269123
3325000 269084
3326000 269078
3327000 269074
3328000 269042
3329000 269007
3330000 269001
3331000 269051
3332000 269072
3333000 269059
3334000 269056
3335000 269084
3336000 269108
3337000 269104
3338000 269056
3339000 269074
3340000 269088
3341000 269072
3342000 269092
3343000 269105
3344000 269103
3345000 269129
3346000 269110
3347000 269099
3348000 269111
3349000 269098
3350000 269086
3351000 269089
3352000 269079
3353000 269102
3354000 269102
3355000 269081
3356000 269084
3357000 269104
3358000 269088
3359000 269083
3360000 269054
3361000 269039
3362000 269056
3363000 269068
3364000 269044
3365000 269082
3366000 269077
3367000 269045
3368000 269046
3369000 269038
3370000 269052
3371000 269065
3372000 269039
3373000 269022
3374000 269032
3375000 269002
3376000 269031
3377000 269032
3378000 269029
3379000 269043
3380000 269077
3381000 269084
3382000 269084
3383000 269089
3384000 269059
3385000 269059
3386000 269071
3387000 269095
3388000 269120
3389000 269143
3390000 269147
3391000 269135
3392000 269128
3393000 269132
3394000 269151
3395000 269136
3396000 269138
3397000 269155
3398000 269157
3399000 269155
3400000 269147
3401000 269148
3402000 269161
3403000 269178
3404000 269144
3405000 269113
3406000 269110
3407000 269134
3408000 269116
3409000 269125
3410000 269124
3411000 269136
3412000 269136
3413000 269120
3414000 269114
3415000 269077
3416000 269098
3417000 269095
3418000 269092
3419000 269101
3420000 269102
3421000 269090
3422000 269101
3423000 269103
3424000 269087
3425000 269106
3426000 269106
3427000 269101
3428000 269143
3429000 269125
3430000 269141
3431000 269137
3432000 269136
3433000 269115
3434000 269101
3435000 269097
3436000 269099
3437000 269088
3438000 269087
3439000 269100
3440000 269091
3441000 269113
3442000 269137
3443000 269133
3444000 269133
3445000 269103
3446000 269114
3447000 269093
3448000 269131
3449000 269127
3450000 269109
3451000 269141
3452000 269140
3453000 269141
3454000 269128
3455000 269114
3456000 269107
3457000 269092
3458000 269087
3459000 269075
3460000 269102
3461000 269136
3462000 269150
3463000 269116
3464000 269117
3465000 269105
3466000 269153
3467000 269170
3468000 269186
3469000 269198
3470000 269183
3471000 269196
3472000 269196
3473000 269206
3474000 269236
3475000 269247
3476000 269227
3477000 269211
3478000 269210
3479000 269242
3480000 269266
3481000 269296
3482000 269329
3483000 269311
3484000 269300
3485000 269304
3486000 269318
3487000 269328
3488000 269296
3489000 269301
3490000 269288
3491000 269297
3492000 269301
3493000 269293
3494000 269275
3495000 269249
3496000 269252
3497000 269222
3498000 269240
3499000 269254
3500000 269230
3501000 269254
3502000 269216
3503000 269209
3504000 269218
3505000 269229
3506000 269245
3507000 269228
3508000 269184
3509000 269204
3510000 269215
3511000 269233
3512000 269232
3513000 269233
3514000 269225
3515000 269212
3516000 269210
3517000 269197
3518000 269191
3519000 269210
3520000 269203
3521000 269198
3522000 269234
3523000 269242
3524000 269232
3525000 269248
3526000 269218
3527000 269225
3528000 269248
3529000 269259
3530000 269273
3531000 269291
3532000 269283
3533000 269256
3534000 269265
3535000 269246
3536000 269240
3537000 269250
3538000 269269
3539000 269287
3540000 269300
3541000 269300
3542000 269323
3543000 269345
3544000 269353
3545000 269374
3546000 269333
3547000 269328
3548000 269336
3549000 269362
3550000 269355
3551000 269383
3552000 269405
3553000 269400
3554000 269421
3555000 269419
3556000 269451
3557000 269446
3558000 269437
3559000 269461
3560000 269453
3561000 269445
3562000 269446
3563000 269446
3564000 269411
3565000 269434
3566000 269440
3567000 269424
3568000 269458
3569000 269470
3570000 269490
3571000 269498
3572000 269466
3573000 269474
3574000 269485
3575000 269480
3576000 269494
3577000 269493
3578000 269505
3579000 269512
3580000 269529
3581000 269552
3582000 269544
3583000 269531
3584000 269542
3585000 269558
3586000 269589
3587000 269600
3588000 269590
3589000 269589
3590000 269624
3591000 269648
3592000 269649
3593000 269647
3594000 269657
3595000 269653
3596000 269640
3597000 269652
3598000 269654
3599000 269655
3600000 269648
3601000 269652
3602000 269668
3603000 269677
3604000 269689
3605000 269671
3606000 269663
3607000 269663
3608000 269667
3609000 269684
3610000 269708
3611000 269719
3612000 269724
3613000 269703
3614000 269695
3615000 269718
3616000 269733
3617000 269751
3618000 269791
3619000 269784
3620000 269772
3621000 269776
3622000 269803
3623000 269798
3624000 269785
3625000 269789
3626000 269795
3627000 269830
3628000 269831
3629000 269837
3630000 269858
3631000 269854
3632000 269849
3633000 269865
3634000 269841
3635000 269812
3636000 269821
3637000 269829
3638000 269826
3639000 269835
3640000 269854
3641000 269873
3642000 269890
3643000 269917
3644000 269872
3645000 269871
3646000 269904
3647000 269911
3648000 269911
3649000 269934
3650000 269931
3651000 269937
3652000 269985
3653000 269965
3654000 269979
3655000 269964
3656000 269954
3657000 269961
3658000 269995
3659000 269989
3660000 269989
3661000 269965
3662000 269974
3663000 269953
3664000 269944
3665000 269946
3666000 269950
3667000 269961
3668000 269972
3669000 270006
3670000 270027
3671000 270043
3672000 270039
3673000 270043
3674000 270073
3675000 270045
3676000 270045
3677000 270048
3678000 270033
3679000 270017
3680000 270038
3681000 270043
3682000 270042
3683000 270040
3684000 270037
3685000 270034
3686000 270053
3687000 270033
3688000 270028
3689000 270042
3690000 269991
3691000 269976
3692000 269942
3693000 269947
3694000 269917
3695000 269925
3696000 269917
3697000 269929
3698000 269956
3699000 269965
3700000 269958
3701000 269985
3702000 269985
3703000 269968
3704000 269973
3705000 269970
3706000 269993
3707000 270011
3708000 270005
3709000 270030
3710000 270048
3711000 270005
3712000 270022
3713000 269994
3714000 269953
3715000 269937
3716000 269962
3717000 270000
3718000 270019
3719000 270032
3720000 270041
3721000 270055
3722000 270075
3723000 270096
3724000 270095
3725000 270098
3726000 270115
3727000 270109
3728000 270140
3729000 270157
3730000 270166
3731000 270169
3732000 270158
3733000 270160
3734000 270174
3735000 270182
3736000 270192
3737000 270173
3738000 270149
3739000 270183
3740000 270211
3741000 270221
3742000 270225
3743000 270232
3744000 270188
3745000 270156
3746000 270202
3747000 270208
3748000 270230
3749000 270257
3750000 270288
3751000 270268
3752000 270281
3753000 270288
3754000 270275
3755000 270281
3756000 270292
3757000 270301
3758000 270309
3759000 270307
3760000 270330
3761000 270332
3762000 270341
3763000 270353
3764000 270341
3765000 270318
3766000 270333
3767000 270314
3768000 270275
3769000 270275
3770000 270288
3771000 270301
3772000 270334
3773000 270339
3774000 270340
3775000 270346
3776000 270351
3777000 270343
3778000 270335
3779000 270317
3780000 270334
3781000 270349
3782000 270344
3783000 270336
3784000 270334
3785000 270359
3786000 270352
3787000 270355
3788000 270336
3789000 270362
3790000 270376
3791000 270385
3792000 270389
3793000 270406
3794000 270380
3795000 270391
3796000 270406
3797000 270450
3798000 270429
3799000 270444
3800000 270436
3801000 270416
3802000 270426
3803000 270428
3804000 270389
3805000 270375
3806000 270383
3807000 270407
3808000 270422
3809000 270450
3810000 270445
3811000 270479
3812000 270472
3813000 270480
3814000 270470
3815000 270450
3816000 270460
3817000 270487
3818000 270484
3819000 270505
3820000 270504
3821000 270508
3822000 270536
3823000 270530
3824000 270512
3825000 270509
3826000 270540
3827000 270538
3828000 270539
3829000 270554
3830000 270570
3831000 270577
3832000 270608
3833000 270619
3834000 270594
3835000 270580
3836000 270574
3837000 270575
3838000 270563
3839000 270549
3840000 270533
3841000 270564
3842000 270602
3843000 270585
3844000 270577
3845000 270557
3846000 270557
3847000 270555
3848000 270547
3849000 270564
3850000 270577
3851000 270586
3852000 270576
3853000 270602
3854000 270629
3855000 270619
3856000 270613
3857000 270636
3858000 270661
3859000 270649
3860000 270670
3861000 270697
3862000 270705
3863000 270678
3864000 270694
3865000 270689
3866000 270717
3867000 270711
3868000 270721
3869000 270696
3870000 270710
3871000 270714
3872000 270749
3873000 270753
3874000 270762
3875000 270762
3876000 270762
3877000 270772
3878000 270785
3879000 270791
3880000 270802
3881000 270797
3882000 270808
3883000 270841
3884000 270829
3885000 270845
3886000 270847
3887000 270881
3888000 270859
3889000 270861
3890000 270877
3891000 270867
3892000 270869
3893000 270871
3894000 270869
3895000 270867
3896000 270854
3897000 270860
3898000 270888
3899000 270882
3900000 270867
3901000 270840
3902000 270890
3903000 270902
3904000 270868
3905000 270864
3906000 270909
3907000 270891
3908000 270905
3909000 270897
3910000 270874
3911000 270889
3912000 270880
3913000 270861
3914000 270850
3915000 270877
3916000 270884
3917000 270914
3918000 270933
3919000 270942
3920000 270960
3921000 270996
3922000 270999
3923000 271024
3924000 271036
3925000 270996
3926000 270997
3927000 270999
3928000 271033
3929000 271043
3930000 271031
3931000 271071
3932000 271058
3933000 271053
3934000 271072
3935000 271056
3936000 271043
3937000 271025
3938000 271018
3939000 271016
3940000 271018
3941000 271015
3942000 271021
3943000 271031
3944000 270990
3945000 271023
3946000 271011
3947000 271000
3948000 270963
3949000 270971
3950000 270996
3951000 271047
3952000 271052
3953000 271071
3954000 271085
3955000 271131
3956000 271110
3957000 271089
3958000 271109
3959000 271103
3960000 271072
3961000 271062
3962000 271065
3963000 271055
3964000 271042
3965000 271052
3966000 271049
3967000 271029
3968000 271041
3969000 271063
3970000 271074
3971000 271068
3972000 271080
3973000 271080
3974000 271079
3975000 271080
3976000 271056
3977000 271065
3978000 271091
3979000 271106
3980000 271139
3981000 271125
3982000 271117
3983000 271108
3984000 271117
3985000 271119
3986000 271106
3987000 271126
3988000 271123
3989000 271141
3990000 271146
3991000 271159
3992000 271160
3993000 271161
3994000 271154
3995000 271181
3996000 271193
3997000 271185
3998000 271219
3999000 271211
4000000 271211
4001000 271184
4002000 271196
4003000 271197
4004000 271160
4005000 271180
4006000 271197
4007000 271226
4008000 271192
4009000 271212
4010000 271225
4011000 271242
4012000 271231
4013000 271224
4014000 271206
4015000 271182
4016000 271201
4017000 271186
4018000 271192
4019000 271189
4020000 271187
4021000 271147
4022000 271173
4023000 271181
4024000 271162
4025000 271156
4026000 271153
4027000 271164
4028000 271151
4029000 271152
4030000 271154
4031000 271141
4032000 271165
4033000 271169
4034000 271130
4035000 271159
4036000 271149
4037000 271114
4038000 271130
4039000 271151
4040000 271164
4041000 271133
4042000 271166
4043000 271152
4044000 271143
4045000 271154
4046000 271140
4047000 271127
4048000 271108
4049000 271111
4050000 271120
4051000 271121
4052000 271150
4053000 271143
4054000 271137
4055000 271125
4056000 271123
4057000 271113
4058000 271108
4059000 271157
4060000 271195
4061000 271224
4062000 271212
4063000 271201
4064000 271213
4065000 271214
4066000 271227
4067000 271243
4068000 271265
4069000 271291
4070000 271271
4071000 271272
4072000 271263
4073000 271242
4074000 271223
4075000 271227
4076000 271243
4077000 271260
4078000 271259
4079000 271271
4080000 271288
4081000 271271
4082000 271300
4083000 271309
4084000 271343
4085000 271342
4086000 271343
4087000 271351
4088000 271380
4089000 271386
4090000 271390
4091000 271386
4092000 271396
4093000 271375
4094000 271396
4095000 271382
4096000 271374
4097000 271369
4098000 271377
4099000 271387
4100000 271390
4101000 271412
4102000 271414
4103000 271425
4104000 271423
4105000 271411
4106000 271409
4107000 271449
4108000 271460
4109000 271459
4110000 271444
4111000 271474
4112000 271478
4113000 271480
4114000 271491
4115000 271482
4116000 271504
4117000 271514
4118000 271497
4119000 271514
4120000 271511
4121000 271507
4122000 271521
4123000 271530
4124000 271554
4125000 271555
4126000 271576
4127000 271595
4128000 271598
4129000 271608
4130000 271613
4131000 271614
4132000 271605
4133000 271621
4134000 271613
4135000 271606
4136000 271599
4137000 271603
4138000 271625
4139000 271632
4140000 271647
4141000 271625
4142000 271641
4143000 271652
4144000 271685
4145000 271680
4146000 271676
4147000 271694
4148000 271694
4149000 271716
4150000 271720
4151000 271712
4152000 271747
4153000 271748
4154000 271742
4155000 271752
4156000 271746
4157000 271759
4158000 271747
4159000 271729
4160000 271759
4161000 271752
4162000 271767
4163000 271787
4164000 271779
4165000 271785
4166000 271771
4167000 271753
4168000 271736
4169000 271723
4170000 271721
4171000 271745
4172000 271793
4173000 271786
4174000 271770
4175000 271766
4176000 271776
4177000 271760
4178000 271775
4179000 271780
4180000 271792
4181000 271798
4182000 271790
4183000 271805
4184000 271816
4185000 271813
4186000 271818
4187000 271808
4188000 271815
4189000 271815
4190000 271800
4191000 271823
4192000 271819
4193000 271797
4194000 271771
4195000 271777
4196000 271780
4197000 271806
4198000 271780
4199000 271784
4200000 271782
4201000 271787
4202000 271773
4203000 271758
4204000 271758
4205000 271781
4206000 271761
4207000 271771
4208000 271776
4209000 271787
4210000 271802
4211000 271800
4212000 271826
4213000 271839
4214000 271830
4215000 271831
4216000 271851
4217000 271851
4218000 271820
4219000 271859
4220000 271840
4221000 271811
4222000 271800
4223000 271811
4224000 271802
4225000 271782
4226000 271801
4227000 271792
4228000 271811
4229000 271811
4230000 271790
4231000 271790
4232000 271794
4233000 271815
4234000 271802
4235000 271799
4236000 271782
4237000 271806
4238000 271795
4239000 271769
4240000 271797
4241000 271821
4242000 271825
4243000 271824
4244000 271817
4245000 271803
4246000 271784
4247000 271797
4248000 271770
4249000 271773
4250000 271750
4251000 271757
4252000 271733
4253000 271726
4254000 271716
4255000 271703
4256000 271715
4257000 271716
4258000 271751
4259000 271785
4260000 271777
4261000 271781
4262000 271776
4263000 271808
4264000 271785
4265000 271791
4266000 271790
4267000 271786
4268000 271803
4269000 271791
4270000 271798
4271000 271787
4272000 271792
4273000 271777
4274000 271767
4275000 271746
4276000 271754
4277000 271766
4278000 271769
4279000 271803
4280000 271828
4281000 271850
4282000 271870
4283000 271860
4284000 271859
4285000 271871
4286000 271879
4287000 271880
4288000 271864
4289000 271875
4290000 271878
4291000 271869
4292000 271854
4293000 271842
4294000 271811
4295000 271822
4296000 271816
4297000 271836
4298000 271845
4299000 271856
4300000 271882
4301000 271887
4302000 271871
4303000 271844
4304000 271841
4305000 271823
4306000 271837
4307000 271791
4308000 271824
4309000 271840
4310000 271862
4311000 271864
4312000 271862
4313000 271871
4314000 271852
4315000 271859
4316000 271866
4317000 271853
4318000 271860
4319000 271836
4320000 271843
4321000 271832
4322000 271812
4323000 271851
4324000 271832
4325000 271821
4326000 271850
4327000 271856
4328000 271851
4329000 271847
4330000 271850
4331000 271878
4332000 271875
4333000 271858
4334000 271867
4335000 271871
4336000 271825
4337000 271848
4338000 271853
4339000 271847
4340000 271853
4341000 271863
4342000 271866
4343000 271852
4344000 271866
4345000 271878
4346000 271877
4347000 271892
4348000 271892
4349000 271913
4350000 271938
4351000 271940
4352000 271945
4353000 271971
4354000 271924
4355000 271927
4356000 271918
4357000 271915
4358000 271922
4359000 271936
4360000 271962
4361000 271963
4362000 271962
4363000 272002
4364000 272018
4365000 272006
4366000 272009
4367000 272035
4368000 272052
4369000 272048
4370000 272044
4371000 272037
4372000 272028
4373000 272000
4374000 272017
4375000 272006
4376000 271991
4377000 272003
4378000 271998
4379000 271974
4380000 271971
4381000 271974
4382000 271970
4383000 271982
4384000 272005
4385000 272002
4386000 272036
4387000 272030
4388000 272029
4389000 272041
4390000 272034
4391000 272037
4392000 272041
4393000 272041
4394000 272027
4395000 272026
4396000 272019
4397000 272044
4398000 272047
4399000 272071
4400000 272051
4401000 272049
4402000 272043
4403000 272006
4404000 272011
4405000 272002
4406000 272047
4407000 272029
4408000 272046
4409000 272064
4410000 272093
4411000 272112
4412000 272112
4413000 272094
4414000 272046
4415000 272075
4416000 272056
4417000 272049
4418000 272020
4419000 272021
4420000 272033
4421000 272035
4422000 272033
4423000 272037
4424000 272058
4425000 272070
4426000 272059
4427000 272054
4428000 272052
4429000 272043
4430000 272038
4431000 272050
4432000 272053
4433000 272040
4434000 272046
4435000 272058
4436000 272050
4437000 272041
4438000 272038
4439000 272053
4440000 272077
4441000 272082
4442000 272083
4443000 272102
4444000 272074
4445000 272070
4446000 272092
4447000 272072
4448000 272056
4449000 272055
4450000 272054
4451000 272035
4452000 272002
4453000 272013
4454000 271973
4455000 271971
4456000 271955
4457000 271960
4458000 271941
4459000 271953
4460000 271928
4461000 271940
4462000 271918
4463000 271949
4464000 271981
4465000 271969
4466000 271983
4467000 271974
4468000 271988
4469000 271973
4470000 271981
4471000 271972
4472000 271996
4473000 271988
4474000 271957
4475000 271942
4476000 271925
4477000 271932
4478000 271905
4479000 271889
4480000 271874
4481000 271881
4482000 271896
4483000 271856
4484000 271864
4485000 271869
4486000 271865
4487000 271872
4488000 271898
4489000 271895
4490000 271891
4491000 271907
4492000 271897
4493000 271893
4494000 271869
4495000 271865
4496000 271866
4497000 271866
4498000 271852
4499000 271874
4500000 271872
4501000 271886
4502000 271912
4503000 271912
4504000 271892
4505000 271867
4506000 271889
4507000 271861
4508000 271832
4509000 271868
4510000 271874
4511000 271867
4512000 271881
4513000 271876
4514000 271889
4515000 271882
4516000 271881
4517000 271905
4518000 271916
4519000 271922
4520000 271925
4521000 271919
4522000 271896
4523000 271907
4524000 271906
4525000 271906
4526000 271876
4527000 271861
4528000 271884
4529000 271887
4530000 271865
4531000 271877
4532000 271835
4533000 271849
4534000 271838
4535000 271804
4536000 271774
4537000 271773
4538000 271755
4539000 271770
4540000 271793
4541000 271770
4542000 271785
4543000 271790
4544000 271753
4545000 271735
4546000 271737
4547000 271745
4548000 271747
4549000 271741
4550000 271756
4551000 271734
4552000 271769
4553000 271755
4554000 271770
4555000 271752
4556000 271771
4557000 271736
4558000 271759
4559000 271738
4560000 271711
4561000 271715
4562000 271690
4563000 271661
4564000 271628
4565000 271618
4566000 271633
4567000 271661
4568000 271625
4569000 271640
4570000 271655
4571000 271654
4572000 271650
4573000 271652
4574000 271631
4575000 271652
4576000 271646
4577000 271655
4578000 271640
4579000 271649
4580000 271624
4581000 271621
4582000 271638
4583000 271639
4584000 271652
4585000 271637
4586000 271611
4587000 271577
4588000 271582
4589000 271570
4590000 271609
4591000 271617
4592000 271637
4593000 271657
4594000 271660
4595000 271646
4596000 271640
4597000 271613
4598000 271609
4599000 271643
4600000 271646
4601000 271656
4602000 271657
4603000 271657
4604000 271653
4605000 271670
4606000 271657
4607000 271654
4608000 271643
4609000 271624
4610000 271656
4611000 271654
4612000 271669
4613000 271648
4614000 271647
4615000 271638
4616000 271642
4617000 271660
4618000 271647
4619000 271651
4620000 271666
4621000 271656
4622000 271669
4623000 271640
4624000 271613
4625000 271632
4626000 271594
4627000 271599
4628000 271605
4629000 271566
4630000 271580
4631000 271600
4632000 271600
4633000 271583
4634000 271562
4635000 271595
4636000 271554
4637000 271560
4638000 271574
4639000 271578
4640000 271614
4641000 271619
4642000 271619
4643000 271606
4644000 271597
4645000 271591
4646000 271557
4647000 271570
4648000 271602
4649000 271589
4650000 271566
4651000 271571
4652000 271598
4653000 271622
4654000 271617
4655000 271583
4656000 271602
4657000 271606
4658000 271604
4659000 271610
4660000 271571
4661000 271541
4662000 271540
4663000 271517
4664000 271480
4665000 271463
4666000 271478
4667000 271452
4668000 271405
4669000 271437
4670000 271440
4671000 271457
4672000 271439
4673000 271424
4674000 271433
4675000 271433
4676000 271421
4677000 271444
4678000 271420
4679000 271387
4680000 271389
4681000 271404
4682000 271405
4683000 271416
4684000 271416
4685000 271406
4686000 271382
4687000 271387
4688000 271421
4689000 271427
4690000 271419
4691000 271427
4692000 271465
4693000 271468
4694000 271459
4695000 271430
4696000 271428
4697000 271421
4698000 271404
4699000 271421
4700000 271467
4701000 271474
4702000 271510
4703000 271498
4704000 271486
4705000 271516
4706000 271496
4707000 271478
4708000 271498
4709000 271473
4710000 271476
4711000 271467
4712000 271469
4713000 271444
4714000 271401
4715000 271414
4716000 271411
4717000 271389
4718000 271368
4719000 271395
4720000 271392
4721000 271352
4722000 271398
4723000 271391
4724000 271399
4725000 271402
4726000 271390
4727000 271370
4728000 271393
4729000 271403
4730000 271406
4731000 271412
4732000 271439
4733000 271425
4734000 271396
4735000 271389
4736000 271387
4737000 271407
4738000 271413
4739000 271437
4740000 271450
4741000 271428
4742000 271442
4743000 271458
4744000 271440
4745000 271429
4746000 271434
4747000 271417
4748000 271411
4749000 271423
4750000 271411
4751000 271376
4752000 271377
4753000 271378
4754000 271370
4755000 271332
4756000 271312
4757000 271313
4758000 271300
4759000 271277
4760000 271293
4761000 271299
4762000 271294
4763000 271278
4764000 271273
4765000 271245
4766000 271237
4767000 271233
4768000 271246
4769000 271238
4770000 271284
4771000 271278
4772000 271288
4773000 271290
4774000 271269
4775000 271281
4776000 271270
4777000 271249
4778000 271234
4779000 271238
4780000 271250
4781000 271260
4782000 271287
4783000 271299
4784000 271272
4785000 271271
4786000 271254
4787000 271232
4788000 271225
4789000 271228
4790000 271258
4791000 271257
4792000 271233
4793000 271222
4794000 271207
4795000 271214
4796000 271226
4797000 271204
4798000 271198
4799000 271176
4800000 271186
4801000 271200
4802000 271222
4803000 271259
4804000 271246
4805000 271262
4806000 271256
4807000 271235
4808000 271221
4809000 271197
4810000 271218
4811000 271178
4812000 271193
4813000 271198
4814000 271206
4815000 271185
4816000 271186
4817000 271182
4818000 271182
4819000 271192
4820000 271193
4821000 271231
4822000 271229
4823000 271246
4824000 271227
4825000 271203
4826000 271222
4827000 271223
4828000 271198
4829000 271203
4830000 271201
4831000 271207
4832000 271217
4833000 271223
4834000 271210
4835000 271227
4836000 271229
4837000 271216
4838000 271199
4839000 271221
4840000 271223
4841000 271234
4842000 271236
4843000 271230
4844000 271230
4845000 271216
4846000 271213
4847000 271224
4848000 271191
4849000 271172
4850000 271184
4851000 271174
4852000 271186
4853000 271168
4854000 271189
4855000 271147
4856000 271148
4857000 271155
4858000 271151
4859000 271148
4860000 271162
4861000 271152
4862000 271139
4863000 271171
4864000 271167
4865000 271163
4866000 271153
4867000 271134
4868000 271135
4869000 271148
4870000 271162
4871000 271161
4872000 271176
4873000 271171
4874000 271186
4875000 271219
4876000 271247
4877000 271268
4878000 271242
4879000 271227
4880000 271242
4881000 271207
4882000 271250
4883000 271293
4884000 271280
4885000 271282
4886000 271284
4887000 271269
4888000 271243
4889000 271252
4890000 271256
4891000 271266
4892000 271261
4893000 271259
4894000 271235
4895000 271213
4896000 271218
4897000 271225
4898000 271220
4899000 271242
4900000 271237
4901000 271239
4902000 271244
4903000 271256
4904000 271244
4905000 271250
4906000 271254
4907000 271227
4908000 271227
4909000 271184
4910000 271199
4911000 271191
4912000 271205
4913000 271173
4914000 271169
4915000 271170
4916000 271188
4917000 271166
4918000 271202
4919000 271191
4920000 271188
4921000 271185
4922000 271204
4923000 271201
4924000 271199
4925000 271197
4926000 271223
4927000 271231
4928000 271217
4929000 271235
4930000 271218
4931000 271200
4932000 271225
4933000 271192
4934000 271213
4935000 271209
4936000 271212
4937000 271195
4938000 271212
4939000 271231
4940000 271271
4941000 271279
4942000 271289
4943000 271310
4944000 271299
4945000 271306
4946000 271299
4947000 271288
4948000 271265
4949000 271272
4950000 271278
4951000 271273
4952000 271267
4953000 271288
4954000 271269
4955000 271265
4956000 271301
4957000 271305
4958000 271299
4959000 271280
4960000 271285
4961000 271304
4962000 271309
4963000 271332
4964000 271329
4965000 271325
4966000 271338
4967000 271340
4968000 271338
4969000 271353
4970000 271368
4971000 271360
4972000 271384
4973000 271383
4974000 271384
4975000 271354
4976000 271378
4977000 271399
4978000 271419
4979000 271458
4980000 271478
4981000 271492
4982000 271479
4983000 271493
4984000 271479
4985000 271490
4986000 271517
4987000 271521
4988000 271521
4989000 271511
4990000 271539
4991000 271530
4992000 271515
4993000 271513
4994000 271514
4995000 271525
4996000 271538
4997000 271525
4998000 271526
4999000 271530
5000000 271539
5001000 271568
5002000 271567
5003000 271550
5004000 271574
5005000 271547
5006000 271554
5007000 271545
5008000 271549
5009000 271538
5010000 271585
5011000 271588
5012000 271569
5013000 271558
5014000 271559
5015000 271568
5016000 271583
5017000 271590
5018000 271595
5019000 271614
5020000 271633
5021000 271657
5022000 271684
5023000 271695
5024000 271663
5025000 271678
5026000 271664
5027000 271699
5028000 271707
5029000 271749
5030000 271754
5031000 271767
5032000 271791
5033000 271779
5034000 271762
5035000 271757
5036000 271756
5037000 271757
5038000 271732
5039000 271740
5040000 271711
5041000 271738
5042000 271757
5043000 271754
5044000 271758
5045000 271764
5046000 271765
5047000 271770
5048000 271773
5049000 271744
5050000 271753
5051000 271766
5052000 271800
5053000 271777
5054000 271772
5055000 271745
5056000 271741
5057000 271711
5058000 271753
5059000 271739
5060000 271756
5061000 271760
5062000 271743
5063000 271752
5064000 271789
5065000 271779
5066000 271782
5067000 271766
5068000 271764
5069000 271740
5070000 271759
5071000 271809
5072000 271783
5073000 271798
5074000 271807
5075000 271788
5076000 271805
5077000 271799
5078000 271783
5079000 271799
5080000 271801
5081000 271793
5082000 271809
5083000 271824
5084000 271819
5085000 271820
5086000 271837
5087000 271831
5088000 271829
5089000 271811
5090000 271803
5091000 271825
5092000 271822
5093000 271829
5094000 271822
5095000 271817
5096000 271801
5097000 271811
5098000 271839
5099000 271842
5100000 271870
5101000 271878
5102000 271871
5103000 271873
5104000 271868
5105000 271870
5106000 271882
5107000 271873
5108000 271881
5109000 271863
5110000 271852
5111000 271876
5112000 271909
5113000 271914
5114000 271928
5115000 271916
5116000 271911
5117000 271904
5118000 271903
5119000 271931
5120000 271901
5121000 271924
5122000 271961
5123000 271987
5124000 271973
5125000 271987
5126000 271988
5127000 271994
5128000 272001
5129000 271999
5130000 272032
5131000 272034
5132000 272042
5133000 272043
5134000 272040
5135000 272037
5136000 272068
5137000 272058
5138000 272069
5139000 272081
5140000 272084
5141000 272079
5142000 272069
5143000 272052
5144000 272039
5145000 272065
5146000 272064
5147000 272062
5148000 272069
5149000 272053
5150000 272056
5151000 272084
5152000 272121
5153000 272110
5154000 272137
5155000 272147
5156000 272184
5157000 272191
5158000 272197
5159000 272178
5160000 272180
5161000 272202
5162000 272187
5163000 272201
5164000 272183
5165000 272189
5166000 272169
5167000 272167
5168000 272173
5169000 272162
5170000 272175
5171000 272191
5172000 272183
5173000 272198
5174000 272194
5175000 272219
5176000 272219
5177000 272225
5178000 272201
5179000 272201
5180000 272213
5181000 272256
5182000 272248
5183000 272241
5184000 272266
5185000 272240
5186000 272253
5187000 272248
5188000 272235
5189000 272245
5190000 272251
5191000 272267
5192000 272276
5193000 272294
5194000 272277
5195000 272286
5196000 272264
5197000 272272
5198000 272253
5199000 272265
5200000 272288
5201000 272312
5202000 272331
5203000 272339
5204000 272321
5205000 272330
5206000 272315
5207000 272310
5208000 272337
5209000 272331
5210000 272334
5211000 272329
5212000 272357
5213000 272361
5214000 272348
5215000 272374
5216000 272403
5217000 272381
5218000 272366
5219000 272388
5220000 272419
5221000 272424
5222000 272410
5223000 272418
5224000 272412
5225000 272421
5226000 272423
5227000 272462
5228000 272478
5229000 272463
5230000 272462
5231000 272462
5232000 272437
5233000 272450
5234000 272455
5235000 272482
5236000 272494
5237000 272453
5238000 272444
5239000 272462
5240000 272476
5241000 272500
5242000 272494
5243000 272493
5244000 272481
5245000 272464
5246000 272481
5247000 272512
5248000 272501
5249000 272507
5250000 272541
5251000 272552
5252000 272529
5253000 272558
5254000 272573
5255000 272575
5256000 272606
5257000 272598
5258000 272584
5259000 272575
5260000 272600
5261000 272582
5262000 272582
5263000 272567
5264000 272551
5265000 272555
5266000 272571
5267000 272582
5268000 272575
5269000 272585
5270000 272575
5271000 272605
5272000 272623
5273000 272655
5274000 272642
5275000 272650
5276000 272670
5277000 272671
5278000 272671
5279000 272681
5280000 272677
5281000 272696
5282000 272690
5283000 272685
5284000 272672
5285000 272652
5286000 272655
5287000 272644
5288000 272651
5289000 272632
5290000 272659
5291000 272673
5292000 272652
5293000 272673
5294000 272680
5295000 272703
5296000 272722
5297000 272709
5298000 272709
5299000 272720
5300000 272752
5301000 272738
5302000 272758
5303000 272770
5304000 272752
5305000 272782
5306000 272775
5307000 272757
5308000 272721
5309000 272744
5310000 272785
5311000 272782
5312000 272776
5313000 273489
5314000 273537
5315000 273547
5316000 273533
5317000 273538
5318000 273547
5319000 273568
5320000 273569
5321000 273561
5322000 273586
5323000 273566
5324000 273575
5325000 273610
5326000 273643
5327000 273670
5328000 273706
5329000 273676
5330000 273695
5331000 273705
5332000 273707
5333000 273708
5334000 273738
5335000 273738
5336000 273743
5337000 273764
5338000 273769
5339000 273781
5340000 273812
5341000 273810
5342000 273823
5343000 273819
5344000 273834
5345000 273859
5346000 273862
5347000 273840
5348000 273826
5349000 273859
5350000 273881
5351000 273910
5352000 273932
5353000 273946
5354000 273955
5355000 273956
5356000 273960
5357000 273995
5358000 274021
5359000 274040
5360000 274027
5361000 274071
5362000 274105
5363000 274110
5364000 274115
5365000 274129
5366000 274120
5367000 274110
5368000 274134
5369000 274118
5370000 274168
5371000 274199
5372000 274190
5373000 274214
5374000 274221
5375000 274244
5376000 274243
5377000 274247
5378000 274262
5379000 274292
5380000 274322
5381000 274310
5382000 274314
5383000 274320
5384000 274320
5385000 274340
5386000 274332
5387000 274354
5388000 274339
5389000 274342
5390000 274367
5391000 274378
5392000 274374
5393000 274373
5394000 274373
5395000 274390
5396000 274425
5397000 274441
5398000 274463
5399000 274504
5400000 274536
5401000 274550
5402000 274547
5403000 274601
5404000 274598
5405000 274618
5406000 274632
5407000 274681
5408000 274677
5409000 274702
5410000 274745
5411000 274756
5412000 274784
5413000 274806
5414000 274845
5415000 274863
5416000 274908
5417000 274911
5418000 274922
5419000 274949
5420000 274958
5421000 274983
5422000 275040
5423000 275057
5424000 275072
5425000 275072
5426000 275078
5427000 275082
5428000 275092
5429000 275103
5430000 275123
5431000 275128
5432000 275183
5433000 275187
5434000 275193
5435000 275213
5436000 275203
5437000 275245
5438000 275241
5439000 275296
5440000 275339
5441000 275349
5442000 275366
5443000 275354
5444000 275396
5445000 275409
5446000 275423
5447000 275440
5448000 275438
5449000 275449
5450000 275484
5451000 275512
5452000 275528
5453000 275530
5454000 275532
5455000 275539
5456000 275575
5457000 275567
5458000 275578
5459000 275624
5460000 275696
5461000 275724
5462000 275732
5463000 275770
5464000 275791
5465000 275822
5466000 275819
5467000 275844
5468000 275851
5469000 275851
5470000 275861
5471000 275884
5472000 275903
5473000 275916
5474000 275940
5475000 275963
5476000 275968
5477000 275988
5478000 275999
5479000 276024
5480000 276062
5481000 276087
5482000 276102
5483000 276114
5484000 276154
5485000 276158
5486000 276189
5487000 276184
5488000 276225
5489000 276256
5490000 276278
5491000 276278
5492000 276283
5493000 276301
5494000 276289
5495000 276288
5496000 276314
5497000 276309
5498000 276301
5499000 276295
5500000 276303
5501000 276341
5502000 276372
5503000 276360
5504000 276384
5505000 276405
5506000 276411
5507000 276441
5508000 276459
5509000 276463
5510000 276521
5511000 276562
5512000 276589
5513000 276592
5514000 276584
5515000 276595
5516000 276617
5517000 276643
5518000 276667
5519000 276699
5520000 276740
5521000 276749
5522000 276766
5523000 276741
5524000 276772
5525000 276747
5526000 276774
5527000 276783
5528000 276840
5529000 276859
5530000 276855
5531000 276889
5532000 276912
5533000 276911
5534000 276928
5535000 276930
5536000 276950
5537000 276949
5538000 276998
5539000 277028
5540000 277009
5541000 277044
5542000 277055
5543000 277077
5544000 277100
5545000 277131
5546000 277163
5547000 277175
5548000 277202
5549000 277184
5550000 277173
5551000 277191
5552000 277204
5553000 277223
5554000 277210
5555000 277242
5556000 277250
5557000 277290
5558000 277283
5559000 277295
5560000 277318
5561000 277351
5562000 277338
5563000 277326
5564000 277326
5565000 277343
5566000 277376
5567000 277371
5568000 277406
5569000 277429
5570000 277438
5571000 277464
5572000 277483
5573000 277512
5574000 277533
5575000 277573
5576000 277583
5577000 277599
5578000 277620
5579000 277641
5580000 277677
5581000 277686
5582000 277705
5583000 277712
5584000 277717
5585000 277745
5586000 277782
5587000 277826
5588000 277848
5589000 277868
5590000 277877
5591000 277928
5592000 277963
5593000 277960
5594000 277977
5595000 277973
5596000 277983
5597000 278006
5598000 278020
5599000 278000
5600000 278034
5601000 278083
5602000 278110
5603000 278146
5604000 278166
5605000 278176
5606000 278209
5607000 278228
5608000 278241
5609000 278274
5610000 278272
5611000 278284
5612000 278316
5613000 278316
5614000 278341
5615000 278379
5616000 278419
5617000 278432
5618000 278459
5619000 278463
5620000 278512
5621000 278550
5622000 278569
5623000 278600
5624000 278607
5625000 278638
5626000 278640
5627000 278647
5628000 278682
5629000 278712
5630000 278735
5631000 278728
5632000 278752
5633000 278781
5634000 278822
5635000 278829
5636000 278842
5637000 278842
5638000 278853
5639000 278841
5640000 278873
5641000 278877
5642000 278885
5643000 278901
5644000 278899
5645000 278930
5646000 278956
5647000 278995
5648000 279023
5649000 279019
5650000 279030
5651000 279032
5652000 279056
5653000 279071
5654000 279115
5655000 279132
5656000 279151
5657000 279183
5658000 279214
5659000 279240
5660000 279275
5661000 279286
5662000 279278
5663000 279286
5664000 279319
5665000 279360
5666000 279366
5667000 279385
5668000 279389
5669000 279403
5670000 279431
5671000 279446
5672000 279485
5673000 279484
5674000 279542
5675000 279560
5676000 279578
5677000 279598
5678000 279646
5679000 279662
5680000 279667
5681000 279702
5682000 279714
5683000 279700
5684000 279746
5685000 279769
5686000 279749
5687000 279758
5688000 279739
5689000 279751
5690000 279762
5691000 279809
5692000 279820
5693000 279815
5694000 279836
5695000 279828
5696000 279865
5697000 279906
5698000 279895
5699000 279930
5700000 279908
5701000 279944
5702000 279968
5703000 280013
5704000 280011
5705000 280032
5706000 280035
5707000 280032
5708000 280045
5709000 280058
5710000 280084
5711000 280067
5712000 280080
5713000 280082
5714000 280078
5715000 280110
5716000 280115
5717000 280137
5718000 280155
5719000 280212
5720000 280235
5721000 280258
5722000 280258
5723000 280261
5724000 280306
5725000 280326
5726000 280347
5727000 280343
5728000 280342
5729000 280368
5730000 280359
5731000 280396
5732000 280402
5733000 280445
5734000 280437
5735000 280448
5736000 280468
5737000 280459
5738000 280475
5739000 280507
5740000 280519
5741000 280548
5742000 280571
5743000 280565
5744000 280575
5745000 280574
5746000 280584
5747000 280614
5748000 280609
5749000 280657
5750000 280655
5751000 280681
5752000 280698
5753000 280722
5754000 280731
5755000 280754
5756000 280776
5757000 280786
5758000 280808
5759000 280850
5760000 280861
5761000 280879
5762000 280893
5763000 280913
5764000 280920
5765000 280945
5766000 280975
5767000 280970
5768000 280982
5769000 281004
5770000 281007
5771000 281010
5772000 281026
5773000 281057
5774000 281083
5775000 281093
5776000 281099
5777000 281151
5778000 281209
5779000 281210
5780000 281188
5781000 281204
5782000 281267
5783000 281306
5784000 281321
5785000 281341
5786000 281382
5787000 281417
5788000 281422
5789000 281457
5790000 281450
5791000 281463
5792000 281496
5793000 281516
5794000 281556
5795000 281599
5796000 281602
5797000 281619
5798000 281672
5799000 281689
5800000 281689
5801000 281716
5802000 281712
5803000 281711
5804000 281736
5805000 281707
5806000 281735
5807000 281758
5808000 281793
5809000 281776
5810000 281808
5811000 281810
5812000 281827
5813000 281859
5814000 281858
5815000 281881
5816000 281889
5817000 281890
5818000 281900
5819000 281955
5820000 281956
5821000 281976
5822000 281992
5823000 281993
5824000 282008
5825000 282012
5826000 282037
5827000 282021
5828000 282021
5829000 282042
5830000 282082
5831000 282112
5832000 282137
5833000 282170
5834000 282156
5835000 282169
5836000 282177
5837000 282180
5838000 282221
5839000 282249
5840000 282258
5841000 282267
5842000 282249
5843000 282270
5844000 282302
5845000 282318
5846000 282334
5847000 282354
5848000 282397
5849000 282424
5850000 282473
5851000 282526
5852000 282566
5853000 282569
5854000 282574
5855000 282599
5856000 282603
5857000 282613
5858000 282661
5859000 282730
5860000 282739
5861000 282756
5862000 282758
5863000 282761
5864000 282794
5865000 282824
5866000 282874
5867000 282893
5868000 282931
5869000 282924
5870000 282989
5871000 282998
5872000 283030
5873000 283047
5874000 283088
5875000 283129
5876000 283154
5877000 283162
5878000 283189
5879000 283228
5880000 283253
5881000 283307
5882000 283317
5883000 283311
5884000 283323
5885000 283361
5886000 283367
5887000 283386
5888000 283419
5889000 283465
5890000 283462
5891000 283478
5892000 283511
5893000 283528
5894000 283544
5895000 283589
5896000 283615
5897000 283611
5898000 283636
5899000 283651
5900000 283672
5901000 283681
5902000 283721
5903000 283732
5904000 283738
5905000 283794
5906000 283816
5907000 283852
5908000 283877
5909000 283888
5910000 283912
5911000 283953
5912000 283931
5913000 283965
5914000 284001
5915000 284060
5916000 284039
5917000 284052
5918000 284087
5919000 284103
5920000 284153
5921000 284170
5922000 284173
5923000 284186
5924000 284214
5925000 284246
5926000 284289
5927000 284291
5928000 284303
5929000 284292
5930000 284326
5931000 284382
5932000 284418
5933000 284427
5934000 284447
5935000 284458
5936000 284482
5937000 284485
5938000 284530
5939000 284548
5940000 284598
5941000 284624
5942000 284668
5943000 284682
5944000 284713
5945000 284727
5946000 284755
5947000 284781
5948000 284822
5949000 284831
5950000 284842
5951000 284912
5952000 284955
5953000 284992
5954000 285018
5955000 285049
5956000 285054
5957000 285063
5958000 285037
5959000 285050
5960000 285077
5961000 285132
5962000 285159
5963000 285143
5964000 285177
5965000 285197
5966000 285226
5967000 285211
5968000 285237
5969000 285247
5970000 285253
5971000 285262
5972000 285249
5973000 285288
5974000 285298
5975000 285317
5976000 285345
5977000 285384
5978000 285408
5979000 285458
5980000 285512
5981000 285525
5982000 285541
5983000 285581
5984000 285591
5985000 285620
5986000 285634
5987000 285615
5988000 285627
5989000 285658
5990000 285695
5991000 285727
5992000 285735
5993000 285736
5994000 285731
5995000 285769
5996000 285813
5997000 285808
5998000 285858
5999000 285872
6000000 285904
6001000 285908
6002000 285925
6003000 285930
6004000 285927
6005000 285979
6006000 285939
6007000 285951
6008000 285943
