0 9.58009
1000 9.62975
2000 9.67967
3000 9.6078
4000 9.45044
5000 9.38985
6000 9.22251
7000 9.12267
8000 9.04417
9000 8.90782
10000 8.86107
11000 8.7722
12000 8.71525
13000 8.69595
14000 8.67231
15000 8.70203
16000 8.6834
17000 8.66096
18000 8.64182
19000 8.61225
20000 8.6139
21000 8.61761
22000 8.59677
23000 8.60035
24000 8.55261
25000 8.54063
26000 8.4856
27000 8.43324
28000 8.41147
29000 8.3482
30000 8.36121
31000 8.33654
32000 8.32509
33000 8.34281
34000 8.31019
35000 8.33143
36000 8.31002
37000 8.30342
38000 8.3117
39000 8.28891
40000 8.3125
41000 8.29229
42000 8.28061
43000 8.30456
44000 8.27397
45000 8.289
46000 8.27384
47000 8.25153
48000 8.28198
49000 8.24702
50000 8.2697
51000 8.26598
52000 8.24488
53000 8.28109
54000 8.24797
55000 8.26807
56000 8.26168
57000 8.25343
58000 8.27736
59000 8.24517
60000 8.26492
61000 8.25491
62000 8.23458
63000 8.26084
64000 8.22948
65000 8.24602
66000 8.23885
67000 8.23034
68000 8.24788
69000 8.22947
70000 8.23919
71000 8.2425
72000 8.22628
73000 8.23113
74000 8.21663
75000 8.22343
76000 8.22029
77000 8.21446
78000 8.2232
79000 8.20464
80000 8.21648
81000 8.21151
82000 8.1988
83000 8.21323
84000 8.1994
85000 8.20557
86000 8.19935
87000 8.19646
88000 8.20008
89000 8.19112
90000 8.20279
91000 8.19131
92000 8.18317
93000 8.18213
94000 8.19058
95000 8.17591
96000 8.18158
97000 8.17229
98000 8.16088
99000 8.16648
100000 8.1638
101000 8.15913
102000 8.16773
103000 8.14965
104000 8.15121
105000 8.14813
106000 8.15217
107000 8.15128
108000 8.13592
109000 8.13915
110000 8.14075
111000 8.1294
112000 8.13861
113000 8.12729
114000 8.11298
115000 8.12988
116000 8.11435
117000 8.11844
118000 8.11731
119000 8.0991
120000 8.11648
121000 8.10386
122000 8.10159
123000 8.11111
124000 8.08377
125000 8.10273
126000 8.09257
127000 8.07796
128000 8.09931
129000 8.06939
130000 8.08502
131000 8.07851
132000 8.07459
133000 8.08419
134000 8.06416
135000 8.06924
136000 8.07158
137000 8.05929
138000 8.0631
139000 8.05115
140000 8.05714
141000 8.06724
142000 8.04334
143000 8.06392
144000 8.04837
145000 8.0392
146000 8.06132
147000 8.01849
148000 8.0481
149000 8.03746
150000 8.02324
151000 8.04996
152000 8.01616
153000 8.01442
154000 8.02103
155000 8.00654
156000 8.01924
157000 8.01554
158000 8.00254
159000 8.01402
160000 7.99881
161000 8.01254
162000 8.00115
163000 7.99215
164000 8.01364
165000 7.98119
166000 8.00488
167000 7.99399
168000 7.97859
169000 8.01126
170000 7.97414
171000 8.00016
172000 7.98982
173000 7.96157
174000 7.99986
175000 7.96257
176000 7.98176
177000 7.9871
178000 7.96178
179000 7.98725
180000 7.96527
181000 7.96089
182000 7.97386
183000 7.95236
184000 7.96703
185000 7.95746
186000 7.95097
187000 7.9663
188000 7.94248
189000 7.96152
190000 7.95367
191000 7.93823
192000 7.96128
193000 7.93628
194000 7.94629
195000 7.95225
196000 7.93024
197000 7.9617
198000 7.9308
199000 7.94132
200000 7.95113
201000 7.92198
202000 7.94826
203000 7.92722
204000 7.92865
205000 7.93079
206000 7.92333
207000 7.9307
208000 7.92157
209000 7.92834
210000 7.92524
211000 7.92418
212000 7.91666
213000 7.91428
214000 7.91363
215000 7.90618
216000 7.9168
217000 7.91193
218000 7.91339
219000 7.91439
220000 7.90579
221000 7.92192
222000 7.91092
223000 7.91765
224000 7.9132
225000 7.89997
226000 7.91732
227000 7.89703
228000 7.90004
229000 7.91581
230000 7.89174
231000 7.90414
232000 7.9017
233000 7.87911
234000 7.91152
235000 7.87908
236000 7.89614
237000 7.89646
238000 7.87478
239000 7.90535
240000 7.87493
241000 7.89877
242000 7.89301
243000 7.87453
244000 7.89672
245000 7.87421
246000 7.88875
247000 7.89044
248000 7.88085
249000 7.89544
250000 7.87934
251000 7.89214
252000 7.87453
253000 7.87188
254000 7.87528
255000 7.86957
256000 7.86771
257000 7.87049
258000 7.8549
259000 7.87057
260000 7.85922
261000 7.86665
262000 7.87488
263000 7.85219
264000 7.8728
265000 7.86241
266000 7.857
267000 7.88317
268000 7.85305
269000 7.87643
270000 7.87483
271000 7.85875
272000 7.87756
273000 7.84902
274000 7.85962
275000 7.85976
276000 7.83869
277000 7.86442
278000 7.83302
279000 7.84241
280000 7.86092
281000 7.83146
282000 7.85254
283000 7.84163
284000 7.83362
285000 7.85524
286000 7.83507
287000 7.83798
288000 7.84411
289000 7.82698
290000 7.84837
291000 7.82891
292000 7.83172
293000 7.84616
294000 7.81853
295000 7.83378
296000 7.8384
297000 7.82142
298000 7.84113
299000 7.81636
300000 7.83211
301000 7.83639
302000 7.8117
303000 7.83404
304000 7.80461
305000 7.81416
306000 7.81998
307000 7.79873
308000 7.82191
309000 7.80595
310000 7.81264
311000 7.82016
312000 7.79308
313000 7.81921
314000 7.79285
315000 7.80764
316000 7.82024
317000 7.79187
318000 7.81864
319000 7.79957
320000 7.80442
321000 7.80735
322000 7.78578
323000 7.81336
324000 7.78466
325000 7.79815
326000 7.80825
327000 7.78256
328000 7.80926
329000 7.78648
330000 7.79344
331000 7.80548
332000 7.78217
333000 7.80548
334000 7.78617
335000 7.78679
336000 7.80421
337000 7.78327
338000 7.79834
339000 7.78116
340000 7.78751
341000 7.7965
342000 7.77389
343000 7.79065
344000 7.77322
345000 7.77003
346000 7.79174
347000 7.7721
348000 7.77869
349000 7.77579
350000 7.76683
351000 7.79087
352000 7.76779
353000 7.77423
354000 7.77289
355000 7.75752
356000 7.78405
357000 7.75695
358000 7.76698
359000 7.77191
360000 7.76049
361000 7.77552
362000 7.74277
363000 7.76568
364000 7.76274
365000 7.74665
366000 7.76793
367000 7.74383
368000 7.75324
369000 7.74808
370000 7.74184
371000 7.76252
372000 7.73804
373000 7.74665
374000 7.75064
375000 7.73301
376000 7.75056
377000 7.73615
378000 7.75139
379000 7.7459
380000 7.74174
381000 7.75168
382000 7.74159
383000 7.74165
384000 7.74699
385000 7.73341
386000 7.74809
387000 7.73946
388000 7.74435
389000 7.75289
390000 7.73709
391000 7.75789
392000 7.74408
393000 7.74656
394000 7.75422
395000 7.74558
396000 7.75875
397000 7.74804
398000 7.74869
399000 7.74284
400000 7.74455
401000 7.75074
402000 7.74968
403000 7.75128
404000 7.74225
405000 7.7524
406000 7.74512
407000 7.739
408000 7.74888
409000 7.74202
410000 7.76052
411000 7.75004
412000 7.75336
413000 7.75127
414000 7.74548
415000 7.74887
416000 7.74607
417000 7.74815
418000 7.74437
419000 7.75281
420000 7.74905
421000 7.7419
422000 7.74885
423000 7.73617
424000 7.74042
425000 7.74465
426000 7.72882
427000 7.74293
428000 7.73562
429000 7.72527
430000 7.74695
431000 7.71875
432000 7.73999
433000 7.72831
434000 7.71822
435000 7.73188
436000 7.71158
437000 7.72863
438000 7.72346
439000 7.72086
440000 7.73196
441000 7.7227
442000 7.73371
443000 7.71869
444000 7.72922
445000 7.7303
446000 7.72278
447000 7.73588
448000 7.71695
449000 7.72608
450000 7.72984
451000 7.72041
452000 7.7258
453000 7.7176
454000 7.71837
455000 7.72837
456000 7.71225
457000 7.73523
458000 7.71685
459000 7.71327
460000 7.72877
461000 7.70092
462000 7.72462
463000 7.70692
464000 7.70789
465000 7.72559
466000 7.7078
467000 7.72259
468000 7.71917
469000 7.71383
470000 7.73215
471000 7.70624
472000 7.73794
473000 7.7191
474000 7.71383
475000 7.73703
476000 7.71472
477000 7.73453
478000 7.72978
479000 7.72319
480000 7.7351
481000 7.71554
482000 7.73951
483000 7.71466
484000 7.71791
485000 7.72389
486000 7.71458
487000 7.72239
488000 7.70902
489000 7.70586
490000 7.71449
491000 7.71187
492000 7.71527
493000 7.72551
494000 7.69841
495000 7.71351
496000 7.70848
497000 7.69925
498000 7.71734
499000 7.69695
500000 7.71911
501000 7.70911
502000 7.70119
503000 7.70702
504000 7.69765
505000 7.69985
506000 7.70438
507000 7.69706
508000 7.70804
509000 7.70474
510000 7.70892
511000 7.70787
512000 7.70128
513000 7.70794
514000 7.69979
515000 7.70769
516000 7.70867
517000 7.69543
518000 7.71782
519000 7.70737
520000 7.70665
521000 7.72634
522000 7.70652
523000 7.7182
524000 7.70538
525000 7.70047
526000 7.71692
527000 7.69434
528000 7.71825
529000 7.7024
530000 7.71767
531000 7.71867
532000 7.70703
533000 7.72164
534000 7.69879
535000 7.71111
536000 7.71424
537000 7.69447
538000 7.71539
539000 7.69168
540000 7.7018
541000 7.71553
542000 7.6996
543000 7.70834
544000 7.70468
545000 7.69463
546000 7.70464
547000 7.69892
548000 7.69219
549000 7.70655
550000 7.70754
551000 7.71511
552000 7.71167
553000 7.70887
554000 7.70365
555000 7.7027
556000 7.70689
557000 7.70507
558000 7.71082
559000 7.71629
560000 7.71592
561000 7.71889
562000 7.72548
563000 7.70658
564000 7.70718
565000 7.72004
566000 7.70531
567000 7.71904
568000 7.70806
569000 7.70992
570000 7.71692
571000 7.71256
572000 7.71454
573000 7.70465
574000 7.7038
575000 7.71033
576000 7.69151
577000 7.70888
578000 7.698
579000 7.70515
580000 7.70253
581000 7.70416
582000 7.71958
583000 7.70199
584000 7.71111
585000 7.70377
586000 7.70551
587000 7.72772
588000 7.70305
589000 7.72786
590000 7.7187
591000 7.72233
592000 7.73698
593000 7.71764
594000 7.73383
595000 7.73392
596000 7.72998
597000 7.74355
598000 7.72273
599000 7.72829
600000 7.73205
601000 7.72749
602000 7.73582
603000 7.72528
604000 7.72538
605000 7.72807
606000 7.72733
607000 7.73457
608000 7.73008
609000 7.73326
610000 7.73178
611000 7.73675
612000 7.73664
613000 7.72443
614000 7.7289
615000 7.72238
616000 7.72427
617000 7.70858
618000 7.72011
619000 7.71696
620000 7.70807
621000 7.72513
622000 7.70935
623000 7.7124
624000 7.7276
625000 7.69231
626000 7.73163
627000 7.70279
628000 7.71363
629000 7.73156
630000 7.70206
631000 7.74224
632000 7.7058
633000 7.71053
634000 7.7285
635000 7.69299
636000 7.73456
637000 7.71428
638000 7.70355
639000 7.73412
640000 7.69914
641000 7.73621
642000 7.72374
643000 7.72304
644000 7.75585
645000 7.72032
646000 7.74575
647000 7.74416
648000 7.72827
649000 7.75138
650000 7.73074
651000 7.74571
652000 7.74297
653000 7.72319
654000 7.75102
655000 7.7366
656000 7.73155
657000 7.74519
658000 7.7365
659000 7.74943
660000 7.75207
661000 7.75065
662000 7.76298
663000 7.74845
664000 7.76173
665000 7.74093
666000 7.75477
667000 7.75154
668000 7.7392
669000 7.75501
670000 7.74115
671000 7.75181
672000 7.75849
673000 7.73676
674000 7.74953
675000 7.74051
676000 7.74406
677000 7.763
678000 7.72833
679000 7.76401
680000 7.75218
681000 7.75055
682000 7.76414
683000 7.74036
684000 7.75409
685000 7.76712
686000 7.7489
687000 7.77363
688000 7.75112
689000 7.75761
690000 7.76494
691000 7.74952
692000 7.77503
693000 7.75065
694000 7.76555
695000 7.77456
696000 7.76058
697000 7.79508
698000 7.75598
699000 7.77783
700000 7.77151
701000 7.74708
702000 7.79153
703000 7.76078
704000 7.77042
705000 7.78265
706000 7.75588
707000 7.78796
708000 7.76191
709000 7.76213
710000 7.79627
711000 7.75838
712000 7.79944
713000 7.78183
714000 7.77393
715000 7.81241
716000 7.76726
717000 7.80377
718000 7.79755
719000 7.77051
720000 7.81244
721000 7.77747
722000 7.79301
723000 7.81279
724000 7.77708
725000 7.81059
726000 7.79593
727000 7.79573
728000 7.81168
729000 7.78503
730000 7.81519
731000 7.80705
732000 7.80253
733000 7.8166
734000 7.78454
735000 7.81493
736000 7.80755
737000 7.7965
738000 7.82358
739000 7.79183
740000 7.81088
741000 7.808
742000 7.79409
743000 7.82186
744000 7.78933
745000 7.8125
746000 7.80207
747000 7.79824
748000 7.82288
749000 7.77581
750000 7.80562
751000 7.78971
752000 7.77479
753000 7.81922
754000 7.76418
755000 7.79161
756000 7.79861
757000 7.7704
758000 7.81909
759000 7.76874
760000 7.79208
761000 7.81497
762000 7.77148
763000 7.82159
764000 7.77931
765000 7.78545
766000 7.81559
767000 7.76977
768000 7.81463
769000 7.79917
770000 7.802
771000 7.82534
772000 7.78727
773000 7.81673
774000 7.80849
775000 7.79368
776000 7.82199
777000 7.78784
778000 7.81716
779000 7.81663
780000 7.79993
781000 7.83359
782000 7.79782
783000 7.81862
784000 7.81938
785000 7.80499
786000 7.83434
787000 7.7931
788000 7.81543
789000 7.82209
790000 7.80501
791000 7.83742
792000 7.81447
793000 7.81828
794000 7.82504
795000 7.79428
796000 7.83559
797000 7.80699
798000 7.81447
799000 7.82767
800000 7.80064
801000 7.83771
802000 7.81538
803000 7.8055
804000 7.83579
805000 7.80913
806000 7.83059
807000 7.83134
808000 7.80715
809000 7.83378
810000 7.81019
811000 7.8207
812000 7.83165
813000 7.81527
814000 7.84092
815000 7.8187
816000 7.82341
817000 7.83448
818000 7.80999
819000 7.83616
820000 7.83316
821000 7.82485
822000 7.8482
823000 7.80759
824000 7.83162
825000 7.82605
826000 7.80885
827000 7.85444
828000 7.81037
829000 7.8478
830000 7.84619
831000 7.82025
832000 7.86903
833000 7.83058
834000 7.84741
835000 7.85422
836000 7.8284
837000 7.87379
838000 7.83984
839000 7.85841
840000 7.87053
841000 7.84658
842000 7.88453
843000 7.84315
844000 7.86346
845000 7.87377
846000 7.84189
847000 7.87362
848000 7.84928
849000 7.85826
850000 7.87983
851000 7.85204
852000 7.88139
853000 7.85894
854000 7.85084
855000 7.88273
856000 7.85157
857000 7.87869
858000 7.87307
859000 7.8563
860000 7.89359
861000 7.86552
862000 7.89147
863000 7.87933
864000 7.86386
865000 7.89158
866000 7.86775
867000 7.87528
868000 7.88909
869000 7.86667
870000 7.89646
871000 7.88337
872000 7.8776
873000 7.89753
874000 7.87283
875000 7.89071
876000 7.89008
877000 7.87199
878000 7.89531
879000 7.88494
880000 7.90024
881000 7.8911
882000 7.88957
883000 7.88379
884000 7.87955
885000 7.8876
886000 7.88339
887000 7.88723
888000 7.87602
889000 7.88264
890000 7.88209
891000 7.89525
892000 7.89085
893000 7.87311
894000 7.89177
895000 7.88538
896000 7.88125
897000 7.89184
898000 7.87794
899000 7.89107
900000 7.88725
901000 7.89568
902000 7.89102
903000 7.8893
904000 7.89386
905000 7.88077
906000 7.90302
907000 7.89155
908000 7.88794
909000 7.90724
910000 7.88819
911000 7.89093
912000 7.90787
913000 7.87747
914000 7.89696
915000 7.89423
916000 7.89243
917000 7.90425
918000 7.88747
919000 7.90227
920000 7.89969
921000 7.89706
922000 7.91392
923000 7.89015
924000 7.89405
925000 7.89911
926000 7.89987
927000 7.89386
928000 7.90006
929000 7.8985
930000 7.91199
931000 7.90396
932000 7.9022
933000 7.90674
934000 7.90849
935000 7.90846
936000 7.91286
937000 7.90575
938000 7.9175
939000 7.91126
940000 7.92024
941000 7.92075
942000 7.92194
943000 7.934
944000 7.91483
945000 7.93729
946000 7.93162
947000 7.92809
948000 7.94798
949000 7.93242
950000 7.95151
951000 7.94208
952000 7.93948
953000 7.94441
954000 7.92563
955000 7.94853
956000 7.95251
957000 7.93592
958000 7.95847
959000 7.94755
960000 7.95244
961000 7.96612
962000 7.94665
963000 7.95944
964000 7.95803
965000 7.94832
966000 7.984
967000 7.9478
968000 7.96316
969000 7.97413
970000 7.9483
971000 7.99165
972000 7.94982
973000 7.96548
974000 7.9673
975000 7.94218
976000 7.97831
977000 7.94895
978000 7.95864
979000 7.97698
980000 7.95709
981000 7.98961
982000 7.96218
983000 7.96869
984000 7.98271
985000 7.962
986000 7.98636
987000 7.9713
988000 7.96803
989000 7.98942
990000 7.96156
991000 7.99031
992000 7.96687
993000 7.97246
994000 7.96518
995000 7.97164
996000 7.98279
997000 7.9791
998000 7.991
999000 7.98009
1000000 7.98779
1001000 7.98618
1002000 7.98721
1003000 7.99012
1004000 7.99054
1005000 7.99243
1006000 8.00441
1007000 7.99438
1008000 7.99177
1009000 7.99788
1010000 7.9866
1011000 8.00875
1012000 7.98801
1013000 7.99268
1014000 7.99067
1015000 7.99355
1016000 8.00658
1017000 7.98475
1018000 7.99188
1019000 7.99953
1020000 7.99797
1021000 8.02096
1022000 8.00507
1023000 8.00511
1024000 8.00821
1025000 8.00628
1026000 8.02754
1027000 8.00297
1028000 8.02654
1029000 8.01788
1030000 8.00975
1031000 8.03953
1032000 8.00446
1033000 8.03464
1034000 8.02317
1035000 8.00103
1036000 8.0438
1037000 8.00841
1038000 8.01192
1039000 8.04186
1040000 7.99528
1041000 8.04104
1042000 8.01965
1043000 7.99982
1044000 8.04522
1045000 7.99676
1046000 8.03915
1047000 8.02782
1048000 8.00928
1049000 8.04959
1050000 8.02447
1051000 8.04056
1052000 8.04612
1053000 8.01732
1054000 8.05296
1055000 8.02888
1056000 8.04911
1057000 8.04062
1058000 8.03362
1059000 8.06136
1060000 8.03891
1061000 8.04862
1062000 8.05235
1063000 8.02586
1064000 8.06757
1065000 8.03996
1066000 8.04815
1067000 8.0706
1068000 8.02813
1069000 8.06279
1070000 8.05431
1071000 8.05298
1072000 8.07644
1073000 8.03824
1074000 8.06995
1075000 8.06398
1076000 8.05648
1077000 8.07936
1078000 8.04683
1079000 8.06997
1080000 8.06407
1081000 8.061
1082000 8.08178
1083000 8.0564
1084000 8.0775
1085000 8.07105
1086000 8.0715
1087000 8.07732
1088000 8.06963
1089000 8.06924
1090000 8.07654
1091000 8.07571
1092000 8.07779
1093000 8.07118
1094000 8.08253
1095000 8.08824
1096000 8.08258
1097000 8.08295
1098000 8.08437
1099000 8.07968
1100000 8.0993
1101000 8.08358
1102000 8.09187
1103000 8.07813
1104000 8.08005
1105000 8.10233
1106000 8.07885
1107000 8.08462
1108000 8.08876
1109000 8.07695
1110000 8.11263
1111000 8.08924
1112000 8.09722
1113000 8.10156
1114000 8.0903
1115000 8.11386
1116000 8.09291
1117000 8.10439
1118000 8.11851
1119000 8.09142
1120000 8.12824
1121000 8.11392
1122000 8.09355
1123000 8.11516
1124000 8.08209
1125000 8.12148
1126000 8.11231
1127000 8.08711
1128000 8.13435
1129000 8.09178
1130000 8.11598
1131000 8.14158
1132000 8.09406
1133000 8.14089
1134000 8.10738
1135000 8.12187
1136000 8.15306
1137000 8.0945
1138000 8.14806
1139000 8.13047
1140000 8.12058
1141000 8.17132
1142000 8.10165
1143000 8.14498
1144000 8.13443
1145000 8.11232
1146000 8.16839
1147000 8.11927
1148000 8.14828
1149000 8.13684
1150000 8.11622
1151000 8.1516
1152000 8.1082
1153000 8.13417
1154000 8.13405
1155000 8.10905
1156000 8.15407
1157000 8.11141
1158000 8.12985
1159000 8.13653
1160000 8.11296
1161000 8.15463
1162000 8.12726
1163000 8.13359
1164000 8.154
1165000 8.1201
1166000 8.14974
1167000 8.13759
1168000 8.12268
1169000 8.16146
1170000 8.12173
1171000 8.15238
1172000 8.14747
1173000 8.13765
1174000 8.16379
1175000 8.13784
1176000 8.16356
1177000 8.15759
1178000 8.14707
1179000 8.18118
1180000 8.15258
1181000 8.16587
1182000 8.17376
1183000 8.15778
1184000 8.17996
1185000 8.16396
1186000 8.16604
1187000 8.17861
1188000 8.14076
1189000 8.17006
1190000 8.16314
1191000 8.16431
1192000 8.18823
1193000 8.15521
1194000 8.17752
1195000 8.17749
1196000 8.15601
1197000 8.18341
1198000 8.16316
1199000 8.17446
1200000 8.18412
1201000 8.15934
1202000 8.18896
1203000 8.16438
1204000 8.17178
1205000 8.1817
1206000 8.16769
1207000 8.18296
1208000 8.16894
1209000 8.17545
1210000 8.19081
1211000 8.17084
1212000 8.19322
1213000 8.18268
1214000 8.18364
1215000 8.20018
1216000 8.18531
1217000 8.2069
1218000 8.19663
1219000 8.19777
1220000 8.21513
1221000 8.19808
1222000 8.22201
1223000 8.20356
1224000 8.20195
1225000 8.21672
1226000 8.21168
1227000 8.21714
1228000 8.21515
1229000 8.21941
1230000 8.22782
1231000 8.21549
1232000 8.22618
1233000 8.21796
1234000 8.21619
1235000 8.23306
1236000 8.2232
1237000 8.23082
1238000 8.22369
1239000 8.21851
1240000 8.22332
1241000 8.23941
1242000 8.21783
1243000 8.22879
1244000 8.23377
1245000 8.2128
1246000 8.24629
1247000 8.21352
1248000 8.22488
1249000 8.23312
1250000 8.22004
1251000 8.2414
1252000 8.22075
1253000 8.22481
1254000 8.23045
1255000 8.22201
1256000 8.23292
1257000 8.22936
1258000 8.22786
1259000 8.23464
1260000 8.24071
1261000 8.23951
1262000 8.24375
1263000 8.25076
1264000 8.24426
1265000 8.25879
1266000 8.24683
1267000 8.24448
1268000 8.26341
1269000 8.24717
1270000 8.2487
1271000 8.26146
1272000 8.23564
1273000 8.26609
1274000 8.23833
1275000 8.25913
1276000 8.26961
1277000 8.25462
1278000 8.26948
1279000 8.25329
1280000 8.27959
1281000 8.27807
1282000 8.25853
1283000 8.28189
1284000 8.26074
1285000 8.2744
1286000 8.28117
1287000 8.25338
1288000 8.28568
1289000 8.26545
1290000 8.28032
1291000 8.29788
1292000 8.27054
1293000 8.30531
1294000 8.28682
1295000 8.2857
1296000 8.30007
1297000 8.28691
1298000 8.30263
1299000 8.3096
1300000 8.30263
1301000 8.308
1302000 8.2953
1303000 8.30844
1304000 8.30483
1305000 8.30248
1306000 8.31515
1307000 8.29477
1308000 8.31198
1309000 8.31671
1310000 8.3141
1311000 8.33013
1312000 8.31025
1313000 8.31062
1314000 8.31424
1315000 8.30318
1316000 8.32471
1317000 8.31765
1318000 8.30164
1319000 8.33406
1320000 8.30719
1321000 8.31767
1322000 8.33348
1323000 8.29023
1324000 8.32873
1325000 8.30427
1326000 8.30764
1327000 8.32615
1328000 8.29295
1329000 8.34261
1330000 8.31454
1331000 8.32095
1332000 8.3374
1333000 8.29802
1334000 8.34386
1335000 8.31514
1336000 8.32377
1337000 8.33466
1338000 8.31079
1339000 8.34594
1340000 8.3179
1341000 8.33766
1342000 8.33247
1343000 8.32167
1344000 8.34236
1345000 8.32914
1346000 8.34167
1347000 8.34183
1348000 8.33414
1349000 8.3561
1350000 8.34073
1351000 8.3601
1352000 8.35185
1353000 8.34667
1354000 8.36597
1355000 8.35072
1356000 8.35276
1357000 8.35411
1358000 8.3409
1359000 8.35994
1360000 8.3614
1361000 8.35073
1362000 8.37026
1363000 8.34795
1364000 8.35732
1365000 8.36523
1366000 8.35972
1367000 8.3712
1368000 8.35425
1369000 8.36379
1370000 8.36885
1371000 8.36258
1372000 8.37877
1373000 8.36036
1374000 8.36264
1375000 8.37688
1376000 8.36854
1377000 8.37098
1378000 8.35792
1379000 8.35971
1380000 8.36354
1381000 8.35684
1382000 8.35553
1383000 8.3608
1384000 8.36548
1385000 8.3639
1386000 8.37483
1387000 8.36084
1388000 8.3529
1389000 8.38573
1390000 8.35223
1391000 8.38284
1392000 8.37462
1393000 8.35485
1394000 8.39866
1395000 8.3551
1396000 8.37859
1397000 8.38077
1398000 8.36312
1399000 8.38799
1400000 8.37319
1401000 8.3898
1402000 8.38976
1403000 8.37436
1404000 8.4066
1405000 8.38055
1406000 8.40168
1407000 8.39949
1408000 8.37505
1409000 8.39901
1410000 8.39861
1411000 8.38104
1412000 8.41339
1413000 8.36945
1414000 8.39361
1415000 8.39846
1416000 8.37375
1417000 8.39714
1418000 8.3766
1419000 8.37989
1420000 8.3974
1421000 8.37979
1422000 8.39729
1423000 8.38387
1424000 8.39397
1425000 8.41754
1426000 8.38739
1427000 8.41739
1428000 8.41632
1429000 8.3917
1430000 8.43433
1431000 8.38486
1432000 8.41441
1433000 8.4106
1434000 8.38186
1435000 8.43058
1436000 8.37957
1437000 8.41742
1438000 8.40459
1439000 8.38777
1440000 8.44505
1441000 8.38819
1442000 8.41773
1443000 8.4116
1444000 8.38367
1445000 8.43969
1446000 8.38351
1447000 8.42266
1448000 8.42503
1449000 8.4058
1450000 8.45756
1451000 8.41047
1452000 8.42519
1453000 8.42706
1454000 8.39464
1455000 8.43507
1456000 8.40983
1457000 8.41418
1458000 8.43114
1459000 8.39827
1460000 8.44096
1461000 8.41449
1462000 8.41822
1463000 8.44148
1464000 8.38582
1465000 8.43123
1466000 8.41559
1467000 8.40176
1468000 8.43673
1469000 8.40712
1470000 8.43346
1471000 8.43727
1472000 8.41774
1473000 8.44172
1474000 8.42048
1475000 8.43214
1476000 8.4401
1477000 8.41328
1478000 8.4442
1479000 8.42977
1480000 8.43224
1481000 8.43714
1482000 8.42484
1483000 8.43589
1484000 8.4436
1485000 8.42338
1486000 8.44224
1487000 8.42236
1488000 8.44435
1489000 8.44884
1490000 8.42959
1491000 8.45672
1492000 8.43175
1493000 8.44575
1494000 8.45609
1495000 8.43059
1496000 8.47419
1497000 8.43884
1498000 8.4541
1499000 8.47466
1500000 8.45316
1501000 8.47055
1502000 8.46269
1503000 8.45191
1504000 8.47823
1505000 8.46635
1506000 8.46407
1507000 8.47436
1508000 8.46213
1509000 8.48686
1510000 8.46734
1511000 8.47897
1512000 8.46913
1513000 8.46566
1514000 8.46988
1515000 8.46567
1516000 8.47787
1517000 8.48838
1518000 8.4747
1519000 8.48568
1520000 8.48558
1521000 8.48342
1522000 8.48245
1523000 8.47264
1524000 8.48688
1525000 8.46654
1526000 8.47386
1527000 8.47843
1528000 8.47532
1529000 8.48711
1530000 8.48443
1531000 8.47623
1532000 8.48488
1533000 8.47341
1534000 8.4741
1535000 8.48725
1536000 8.47359
1537000 8.48726
1538000 8.48303
1539000 8.48465
1540000 8.50089
1541000 8.47971
1542000 8.49977
1543000 8.49249
1544000 8.48867
1545000 8.50104
1546000 8.49665
1547000 8.51229
1548000 8.50368
1549000 8.51318
1550000 8.5267
1551000 8.51363
1552000 8.53519
1553000 8.51426
1554000 8.51929
1555000 8.52604
1556000 8.52162
1557000 8.53813
1558000 8.51361
1559000 8.52343
1560000 8.54393
1561000 8.52902
1562000 8.54951
1563000 8.53063
1564000 8.53879
1565000 8.54824
1566000 8.52419
1567000 8.55643
1568000 8.52015
1569000 8.53764
1570000 8.5581
1571000 8.50916
1572000 8.55686
1573000 8.52877
1574000 8.52965
1575000 8.56754
1576000 8.51489
1577000 8.56013
1578000 8.54504
1579000 8.52363
1580000 8.57263
1581000 8.53044
1582000 8.55117
1583000 8.55646
1584000 8.53006
1585000 8.57538
1586000 8.5441
1587000 8.54011
1588000 8.56269
1589000 8.53948
1590000 8.5694
1591000 8.55017
1592000 8.56158
1593000 8.55977
1594000 8.546
1595000 8.56817
1596000 8.54392
1597000 8.56244
1598000 8.55776
1599000 8.56056
1600000 8.57735
1601000 8.55925
1602000 8.58091
1603000 8.56159
1604000 8.56468
1605000 8.57384
1606000 8.55071
1607000 8.57456
1608000 8.55301
1609000 8.5746
1610000 8.57605
1611000 8.56278
1612000 8.58069
1613000 8.55654
1614000 8.57281
1615000 8.58665
1616000 8.56209
1617000 8.57735
1618000 8.56501
1619000 8.56915
1620000 8.57976
1621000 8.56447
1622000 8.57922
1623000 8.56553
1624000 8.56714
1625000 8.5774
1626000 8.55909
1627000 8.58668
1628000 8.57338
1629000 8.56822
1630000 8.59332
1631000 8.55853
1632000 8.59722
1633000 8.57305
1634000 8.5731
1635000 8.59397
1636000 8.5575
1637000 8.5961
1638000 8.57224
1639000 8.57573
1640000 8.59229
1641000 8.5677
1642000 8.59379
1643000 8.57789
1644000 8.56357
1645000 8.59809
1646000 8.56599
1647000 8.59927
1648000 8.58485
1649000 8.58272
1650000 8.61163
1651000 8.57172
1652000 8.60555
1653000 8.59489
1654000 8.5839
1655000 8.61816
1656000 8.59275
1657000 8.60299
1658000 8.5895
1659000 8.59607
1660000 8.60812
1661000 8.60039
1662000 8.60126
1663000 8.59469
1664000 8.59414
1665000 8.6067
1666000 8.59129
1667000 8.61383
1668000 8.58772
1669000 8.61174
1670000 8.60712
1671000 8.58709
1672000 8.61593
1673000 8.58958
1674000 8.60401
1675000 8.61532
1676000 8.58433
1677000 8.62298
1678000 8.59155
1679000 8.59736
1680000 8.61367
1681000 8.59672
1682000 8.61397
1683000 8.61141
1684000 8.60363
1685000 8.61836
1686000 8.59325
1687000 8.60564
1688000 8.61769
1689000 8.59576
1690000 8.6185
1691000 8.61063
1692000 8.60318
1693000 8.61627
1694000 8.58927
1695000 8.61784
1696000 8.60631
1697000 8.58857
1698000 8.60989
1699000 8.5935
1700000 8.62389
1701000 8.61776
1702000 8.61094
1703000 8.64085
1704000 8.60269
1705000 8.63353
1706000 8.63129
1707000 8.60278
1708000 8.64742
1709000 8.6113
1710000 8.64421
1711000 8.64623
1712000 8.61649
1713000 8.66222
1714000 8.63457
1715000 8.63898
1716000 8.65967
1717000 8.62563
1718000 8.64992
1719000 8.65218
1720000 8.6378
1721000 8.67258
1722000 8.63734
1723000 8.65928
1724000 8.64879
1725000 8.6346
1726000 8.65761
1727000 8.62131
1728000 8.65043
1729000 8.65031
1730000 8.62244
1731000 8.66348
1732000 8.61728
1733000 8.6456
1734000 8.64972
1735000 8.61751
1736000 8.65157
1737000 8.62789
1738000 8.64044
1739000 8.65308
1740000 8.62382
1741000 8.66337
1742000 8.63262
1743000 8.64172
1744000 8.65673
1745000 8.61216
1746000 8.65888
1747000 8.62852
1748000 8.63003
1749000 8.65827
1750000 8.62979
1751000 8.66477
1752000 8.64723
1753000 8.62689
1754000 8.67079
1755000 8.63864
1756000 8.66361
1757000 8.66553
1758000 8.64144
1759000 8.67546
1760000 8.64474
1761000 8.65261
1762000 8.66294
1763000 8.63324
1764000 8.6647
1765000 8.64914
1766000 8.64537
1767000 8.67943
1768000 8.63411
1769000 8.67965
1770000 8.66723
1771000 8.65254
1772000 8.68404
1773000 8.63955
1774000 8.66995
1775000 8.66023
1776000 8.63641
1777000 8.68561
1778000 8.64797
1779000 8.68698
1780000 8.6709
1781000 8.65499
1782000 8.70398
1783000 8.65532
1784000 8.68028
1785000 8.69576
1786000 8.65588
1787000 8.70046
1788000 8.6629
1789000 8.6808
1790000 8.69982
1791000 8.66282
1792000 8.71344
1793000 8.67242
1794000 8.67631
1795000 8.69295
1796000 8.64765
1797000 8.69617
1798000 8.6699
1799000 8.68288
1800000 8.7057
1801000 8.66941
1802000 8.70287
1803000 8.67519
1804000 8.67774
1805000 8.72299
1806000 8.67328
1807000 8.70168
1808000 8.70596
1809000 8.67639
1810000 8.72533
1811000 8.68654
1812000 8.70308
1813000 8.69747
1814000 8.68406
1815000 8.71488
1816000 8.68898
1817000 8.71182
1818000 8.70293
1819000 8.69311
1820000 8.72087
1821000 8.68686
1822000 8.70554
1823000 8.69723
1824000 8.68328
1825000 8.70677
1826000 8.68988
1827000 8.7014
1828000 8.70948
1829000 8.69278
1830000 8.71874
1831000 8.69862
1832000 8.70524
1833000 8.7072
1834000 8.69462
1835000 8.71588
1836000 8.69392
1837000 8.715
1838000 8.69983
1839000 8.70954
1840000 8.71493
1841000 8.7046
1842000 8.71462
1843000 8.71178
1844000 8.706
1845000 8.71826
1846000 8.70802
1847000 8.70119
1848000 8.7197
1849000 8.69719
1850000 8.70966
1851000 8.72308
1852000 8.69197
1853000 8.7059
1854000 8.70716
1855000 8.70273
1856000 8.70638
1857000 8.71316
1858000 8.70196
1859000 8.71268
1860000 8.71015
1861000 8.69949
1862000 8.72128
1863000 8.71229
1864000 8.7161
1865000 8.72466
1866000 8.71094
1867000 8.72635
1868000 8.71071
1869000 8.70999
1870000 8.7116
1871000 8.70893
1872000 8.71141
1873000 8.70899
1874000 8.69134
1875000 8.71167
1876000 8.6911
1877000 8.69892
1878000 8.71182
1879000 8.69129
1880000 8.72033
1881000 8.70504
1882000 8.6992
1883000 8.71582
1884000 8.67479
1885000 8.72347
1886000 8.70984
1887000 8.70045
1888000 8.7289
1889000 8.70129
1890000 8.72726
1891000 8.72845
1892000 8.70859
1893000 8.73842
1894000 8.71844
1895000 8.72955
1896000 8.74023
1897000 8.71869
1898000 8.75291
1899000 8.73205
1900000 8.74264
1901000 8.74528
1902000 8.73121
1903000 8.74604
1904000 8.73167
1905000 8.72963
1906000 8.7486
1907000 8.72828
1908000 8.73849
1909000 8.73285
1910000 8.73948
1911000 8.74861
1912000 8.72381
1913000 8.73639
1914000 8.72847
1915000 8.73342
1916000 8.74234
1917000 8.71741
1918000 8.7394
1919000 8.72677
1920000 8.72934
1921000 8.73848
1922000 8.71714
1923000 8.7417
1924000 8.73587
1925000 8.73481
1926000 8.74097
1927000 8.71213
1928000 8.7414
1929000 8.72455
1930000 8.72261
1931000 8.73024
1932000 8.71247
1933000 8.73042
1934000 8.72622
1935000 8.70443
1936000 8.72592
1937000 8.70863
1938000 8.72554
1939000 8.72669
1940000 8.71644
1941000 8.74092
1942000 8.70963
1943000 8.72481
1944000 8.72234
1945000 8.70876
1946000 8.73506
1947000 8.71876
1948000 8.72058
1949000 8.73425
1950000 8.72132
1951000 8.73577
1952000 8.7323
1953000 8.72184
1954000 8.73355
1955000 8.72406
1956000 8.72904
1957000 8.72377
1958000 8.72208
1959000 8.73131
1960000 8.7274
1961000 8.73627
1962000 8.74977
1963000 8.71441
1964000 8.75626
1965000 8.72716
1966000 8.73163
1967000 8.75016
1968000 8.70947
1969000 8.75143
1970000 8.73342
1971000 8.71482
1972000 8.75004
1973000 8.70803
1974000 8.73252
1975000 8.73464
1976000 8.70933
1977000 8.74371
1978000 8.72309
1979000 8.74027
1980000 8.74871
1981000 8.72915
1982000 8.76038
1983000 8.73266
1984000 8.74158
1985000 8.75724
1986000 8.73626
1987000 8.75855
1988000 8.74909
1989000 8.74611
1990000 8.77202
1991000 8.74892
1992000 8.76329
1993000 8.75623
1994000 8.74645
1995000 8.76427
1996000 8.74813
1997000 8.75622
1998000 8.74774
1999000 8.74909
2000000 8.75564
2001000 8.74341
2002000 8.75078
2003000 8.74108
2004000 8.73392
2005000 8.75996
2006000 8.73362
2007000 8.75304
2008000 8.75072
2009000 8.74576
2010000 8.7779
2011000 8.75295
2012000 8.77633
2013000 8.7508
2014000 8.75664
2015000 8.76981
2016000 8.74374
2017000 8.76625
2018000 8.75767
2019000 8.75515
2020000 8.76954
2021000 8.75201
2022000 8.75667
2023000 8.75326
2024000 8.75077
2025000 8.75151
2026000 8.75516
2027000 8.75072
2028000 8.73984
2029000 8.76527
2030000 8.75271
2031000 8.77297
2032000 8.75963
2033000 8.75412
2034000 8.77027
2035000 8.74986
2036000 8.76749
2037000 8.76068
2038000 8.74537
2039000 8.7727
2040000 8.7444
2041000 8.78255
2042000 8.75479
2043000 8.73671
2044000 8.78195
2045000 8.73853
2046000 8.76001
2047000 8.75773
2048000 8.72764
2049000 8.77877
2050000 8.73736
2051000 8.74697
2052000 8.76807
2053000 8.7237
2054000 8.78276
2055000 8.74919
2056000 8.74868
2057000 8.77688
2058000 8.72903
2059000 8.77482
2060000 8.76251
2061000 8.74857
2062000 8.7941
2063000 8.74473
2064000 8.75782
2065000 8.78213
2066000 8.73773
2067000 8.7972
2068000 8.76239
2069000 8.7578
2070000 8.79293
2071000 8.75489
2072000 8.78585
2073000 8.7666
2074000 8.77289
2075000 8.78293
2076000 8.76752
2077000 8.78567
2078000 8.76172
2079000 8.76969
2080000 8.78146
2081000 8.76146
2082000 8.76764
2083000 8.77058
2084000 8.76518
2085000 8.76897
2086000 8.76745
2087000 8.76659
2088000 8.76611
2089000 8.75174
2090000 8.7665
2091000 8.76713
2092000 8.75744
2093000 8.7646
2094000 8.75259
2095000 8.76559
2096000 8.76244
2097000 8.75649
2098000 8.75715
2099000 8.74801
2100000 8.75584
2101000 8.74799
2102000 8.74987
2103000 8.75741
2104000 8.74288
2105000 8.75091
2106000 8.75936
2107000 8.73914
2108000 8.7569
2109000 8.75532
2110000 8.74787
2111000 8.75723
2112000 8.74978
2113000 8.7555
2114000 8.76186
2115000 8.74923
2116000 8.76216
2117000 8.7515
2118000 8.75291
2119000 8.77525
2120000 8.74679
2121000 8.76682
2122000 8.75935
2123000 8.75358
2124000 8.77857
2125000 8.74267
2126000 8.77129
2127000 8.77019
2128000 8.74759
2129000 8.77693
2130000 8.76044
2131000 8.76894
2132000 8.76873
2133000 8.74457
2134000 8.77044
2135000 8.75107
2136000 8.76499
2137000 8.76397
2138000 8.74725
2139000 8.77877
2140000 8.75452
2141000 8.77308
2142000 8.77189
2143000 8.73957
2144000 8.77531
2145000 8.7473
2146000 8.76313
2147000 8.77127
2148000 8.74016
2149000 8.77395
2150000 8.74725
2151000 8.75477
2152000 8.77007
2153000 8.73732
2154000 8.76085
2155000 8.7578
2156000 8.74682
2157000 8.76679
2158000 8.7397
2159000 8.76523
2160000 8.75793
2161000 8.75352
2162000 8.76211
2163000 8.73985
2164000 8.76854
2165000 8.76137
2166000 8.74164
2167000 8.77363
2168000 8.74579
2169000 8.7782
2170000 8.76411
2171000 8.75346
2172000 8.77461
2173000 8.75273
2174000 8.76924
2175000 8.77184
2176000 8.75229
2177000 8.78258
2178000 8.75107
2179000 8.7701
2180000 8.78346
2181000 8.74855
2182000 8.77529
2183000 8.74175
2184000 8.75883
2185000 8.76561
2186000 8.73623
2187000 8.76244
2188000 8.73981
2189000 8.74398
2190000 8.77342
2191000 8.73432
2192000 8.76128
2193000 8.75496
2194000 8.74386
2195000 8.77892
2196000 8.73672
2197000 8.76242
2198000 8.74731
2199000 8.74522
2200000 8.7761
2201000 8.75179
2202000 8.77566
2203000 8.76512
2204000 8.75122
2205000 8.77584
2206000 8.74342
2207000 8.75919
2208000 8.75695
2209000 8.74071
2210000 8.77417
2211000 8.74833
2212000 8.76233
2213000 8.76518
2214000 8.74172
2215000 8.77453
2216000 8.75106
2217000 8.75701
2218000 8.76977
2219000 8.74387
2220000 8.77467
2221000 8.75986
2222000 8.75065
2223000 8.77774
2224000 8.74414
2225000 8.76527
2226000 8.77015
2227000 8.74483
2228000 8.75965
2229000 8.75526
2230000 8.76214
2231000 8.75367
2232000 8.75243
2233000 8.74581
2234000 8.7611
2235000 8.74037
2236000 8.75385
2237000 8.75122
2238000 8.74929
2239000 8.75458
2240000 8.75437
2241000 8.74953
2242000 8.7601
2243000 8.74588
2244000 8.75035
2245000 8.7584
2246000 8.74839
2247000 8.76866
2248000 8.74801
2249000 8.76865
2250000 8.77575
2251000 8.74974
2252000 8.77447
2253000 8.7531
2254000 8.75479
2255000 8.77715
2256000 8.75888
2257000 8.77838
2258000 8.76208
2259000 8.76008
2260000 8.7814
2261000 8.75668
2262000 8.78178
2263000 8.7591
2264000 8.7616
2265000 8.79273
2266000 8.75007
2267000 8.77872
2268000 8.75656
2269000 8.75207
2270000 8.78564
2271000 8.74693
2272000 8.78739
2273000 8.76574
2274000 8.73531
2275000 8.7841
2276000 8.72703
2277000 8.75057
2278000 8.76229
2279000 8.71021
2280000 8.77452
2281000 8.72623
2282000 8.74009
2283000 8.75073
2284000 8.71305
2285000 8.74922
2286000 8.7307
2287000 8.72683
2288000 8.75098
2289000 8.71874
2290000 8.76538
2291000 8.74201
2292000 8.73022
2293000 8.76628
2294000 8.71852
2295000 8.76396
2296000 8.74176
2297000 8.71969
2298000 8.76287
2299000 8.71149
2300000 8.74613
2301000 8.73887
2302000 8.69889
2303000 8.75445
2304000 8.69184
2305000 8.73476
2306000 8.72882
2307000 8.69288
2308000 8.74362
2309000 8.68566
2310000 8.73761
2311000 8.72679
2312000 8.70086
2313000 8.73816
2314000 8.70225
2315000 8.73114
2316000 8.72563
2317000 8.69742
2318000 8.73046
2319000 8.70934
2320000 8.71425
2321000 8.72786
2322000 8.69142
2323000 8.71772
2324000 8.7119
2325000 8.69268
2326000 8.73354
2327000 8.70441
2328000 8.71258
2329000 8.73176
2330000 8.69338
2331000 8.73083
2332000 8.71139
2333000 8.69774
2334000 8.73808
2335000 8.70472
2336000 8.73273
2337000 8.7193
2338000 8.70343
2339000 8.73875
2340000 8.70236
2341000 8.73249
2342000 8.72183
2343000 8.70341
2344000 8.74004
2345000 8.70129
2346000 8.72649
2347000 8.71872
2348000 8.71097
2349000 8.73999
2350000 8.71282
2351000 8.72053
2352000 8.71497
2353000 8.68755
2354000 8.71706
2355000 8.68803
2356000 8.69997
2357000 8.713
2358000 8.67942
2359000 8.71509
2360000 8.69127
2361000 8.69772
2362000 8.71499
2363000 8.68186
2364000 8.70446
2365000 8.68702
2366000 8.69384
2367000 8.70443
2368000 8.68685
2369000 8.70098
2370000 8.697
2371000 8.70465
2372000 8.69972
2373000 8.68973
2374000 8.69949
2375000 8.7004
2376000 8.70788
2377000 8.7029
2378000 8.69666
2379000 8.71261
2380000 8.69875
2381000 8.72081
2382000 8.7167
2383000 8.69825
2384000 8.72325
2385000 8.69171
2386000 8.70481
2387000 8.71824
2388000 8.67797
2389000 8.71351
2390000 8.68642
2391000 8.68834
2392000 8.69695
2393000 8.66964
2394000 8.68683
2395000 8.68657
2396000 8.68654
2397000 8.68582
2398000 8.68584
2399000 8.68882
2400000 8.69201
2401000 8.68283
2402000 8.67627
2403000 8.68857
2404000 8.66575
2405000 8.68268
2406000 8.67435
2407000 8.66351
2408000 8.68298
2409000 8.6576
2410000 8.67446
2411000 8.674
2412000 8.65739
2413000 8.66719
2414000 8.65817
2415000 8.66432
2416000 8.67164
2417000 8.65195
2418000 8.67306
2419000 8.66109
2420000 8.67581
2421000 8.6656
2422000 8.65592
2423000 8.67059
2424000 8.64125
2425000 8.66809
2426000 8.65941
2427000 8.65149
2428000 8.68739
2429000 8.65263
2430000 8.68959
2431000 8.68621
2432000 8.65187
2433000 8.69706
2434000 8.6475
2435000 8.66481
2436000 8.68173
2437000 8.64182
2438000 8.67962
2439000 8.668
2440000 8.66639
2441000 8.6827
2442000 8.64344
2443000 8.68144
2444000 8.66967
2445000 8.65907
2446000 8.68131
2447000 8.65453
2448000 8.66767
2449000 8.67602
2450000 8.66538
2451000 8.69204
2452000 8.67206
2453000 8.67611
2454000 8.69161
2455000 8.66339
2456000 8.69922
2457000 8.66456
2458000 8.66483
2459000 8.69054
2460000 8.65792
2461000 8.6902
2462000 8.67357
2463000 8.66998
2464000 8.69715
2465000 8.65494
2466000 8.69659
2467000 8.67302
2468000 8.65397
2469000 8.69832
2470000 8.6442
2471000 8.66311
2472000 8.67368
2473000 8.6252
2474000 8.67748
2475000 8.64134
2476000 8.6534
2477000 8.68065
2478000 8.62458
2479000 8.67709
2480000 8.66157
2481000 8.64985
2482000 8.68315
2483000 8.63494
2484000 8.67581
2485000 8.65793
2486000 8.65154
2487000 8.68091
2488000 8.64477
2489000 8.67283
2490000 8.66994
2491000 8.66361
2492000 8.67013
2493000 8.64887
2494000 8.65965
2495000 8.66491
2496000 8.66309
2497000 8.67072
2498000 8.66393
2499000 8.67837
2500000 8.67678
2501000 8.66578
2502000 8.68109
2503000 8.65348
2504000 8.66735
2505000 8.67519
2506000 8.65675
2507000 8.66877
2508000 8.65248
2509000 8.65695
2510000 8.67713
2511000 8.6662
2512000 8.67427
2513000 8.67043
2514000 8.65817
2515000 8.6821
2516000 8.65673
2517000 8.66548
2518000 8.67516
2519000 8.64563
2520000 8.68299
2521000 8.65873
2522000 8.65454
2523000 8.6826
2524000 8.65249
2525000 8.68402
2526000 8.6607
2527000 8.64424
2528000 8.68437
2529000 8.64424
2530000 8.67023
2531000 8.67233
2532000 8.63986
2533000 8.67277
2534000 8.64374
2535000 8.6581
2536000 8.6656
2537000 8.62724
2538000 8.66335
2539000 8.64797
2540000 8.6461
2541000 8.66884
2542000 8.63174
2543000 8.65225
2544000 8.65454
2545000 8.63069
2546000 8.67518
2547000 8.62804
2548000 8.63387
2549000 8.66522
2550000 8.62871
2551000 8.66636
2552000 8.64388
2553000 8.61972
2554000 8.67074
2555000 8.62546
2556000 8.6513
2557000 8.6515
2558000 8.62078
2559000 8.65464
2560000 8.62963
2561000 8.6369
2562000 8.64498
2563000 8.63189
2564000 8.63321
2565000 8.63622
2566000 8.62033
2567000 8.62534
2568000 8.618
2569000 8.62579
2570000 8.62166
2571000 8.62385
2572000 8.62957
2573000 8.60776
2574000 8.61789
2575000 8.61048
2576000 8.6036
2577000 8.59414
2578000 8.59761
2579000 8.61494
2580000 8.60381
2581000 8.60488
2582000 8.617
2583000 8.59544
2584000 8.60458
2585000 8.61436
2586000 8.59916
2587000 8.61096
2588000 8.6038
2589000 8.60268
2590000 8.61016
2591000 8.60512
2592000 8.60407
2593000 8.60346
2594000 8.59156
2595000 8.60578
2596000 8.59493
2597000 8.58335
2598000 8.60117
2599000 8.57883
2600000 8.59168
2601000 8.59893
2602000 8.5774
2603000 8.6013
2604000 8.57596
2605000 8.58955
2606000 8.60498
2607000 8.57483
2608000 8.60522
2609000 8.58408
2610000 8.58372
2611000 8.59093
2612000 8.57042
2613000 8.58148
2614000 8.57358
2615000 8.57448
2616000 8.5944
2617000 8.5696
2618000 8.58902
2619000 8.58754
2620000 8.5777
2621000 8.60953
2622000 8.57625
2623000 8.57391
2624000 8.61325
2625000 8.56044
2626000 8.60187
2627000 8.58425
2628000 8.55952
2629000 8.61446
2630000 8.55915
2631000 8.59348
2632000 8.58181
2633000 8.55546
2634000 8.60744
2635000 8.56393
2636000 8.59213
2637000 8.58295
2638000 8.57291
2639000 8.6114
2640000 8.58183
2641000 8.5883
2642000 8.59403
2643000 8.57064
2644000 8.59536
2645000 8.57591
2646000 8.57714
2647000 8.58179
2648000 8.57086
2649000 8.5792
2650000 8.57592
2651000 8.56918
2652000 8.57597
2653000 8.57386
2654000 8.57401
2655000 8.56589
2656000 8.58214
2657000 8.55296
2658000 8.58105
2659000 8.5637
2660000 8.56573
2661000 8.57875
2662000 8.55925
2663000 8.56522
2664000 8.56218
2665000 8.5661
2666000 8.56823
2667000 8.5524
2668000 8.55227
2669000 8.56952
2670000 8.54764
2671000 8.55948
2672000 8.56036
2673000 8.54675
2674000 8.56624
2675000 8.54767
2676000 8.55586
2677000 8.55842
2678000 8.54003
2679000 8.5721
2680000 8.54327
2681000 8.56682
2682000 8.56242
2683000 8.54504
2684000 8.57027
2685000 8.55926
2686000 8.55879
2687000 8.57159
2688000 8.54201
2689000 8.57525
2690000 8.56542
2691000 8.56552
2692000 8.57618
2693000 8.55018
2694000 8.56871
2695000 8.5608
2696000 8.54777
2697000 8.57108
2698000 8.55577
2699000 8.57671
2700000 8.57146
2701000 8.56478
2702000 8.56598
2703000 8.56067
2704000 8.56781
2705000 8.56788
2706000 8.55823
2707000 8.57191
2708000 8.55737
2709000 8.56904
2710000 8.56865
2711000 8.57228
2712000 8.56902
2713000 8.55498
2714000 8.58759
2715000 8.55402
2716000 8.58313
2717000 8.56891
2718000 8.54798
2719000 8.58973
2720000 8.54022
2721000 8.56034
2722000 8.57129
2723000 8.52796
2724000 8.58324
2725000 8.53699
2726000 8.56653
2727000 8.57443
2728000 8.53073
2729000 8.58789
2730000 8.55331
2731000 8.5728
2732000 8.5716
2733000 8.51905
2734000 8.58466
2735000 8.54157
2736000 8.55669
2737000 8.58001
2738000 8.5309
2739000 8.58869
2740000 8.55046
2741000 8.56171
2742000 8.58119
2743000 8.53869
2744000 8.5803
2745000 8.55351
2746000 8.55055
2747000 8.57292
2748000 8.54075
2749000 8.5771
2750000 8.56908
2751000 8.54614
2752000 8.57564
2753000 8.53912
2754000 8.56193
2755000 8.56429
2756000 8.5256
2757000 8.56798
2758000 8.53278
2759000 8.54755
2760000 8.5835
2761000 8.53676
2762000 8.57916
2763000 8.54618
2764000 8.53369
2765000 8.56613
2766000 8.51639
2767000 8.55152
2768000 8.54867
2769000 8.52216
2770000 8.55421
2771000 8.52062
2772000 8.5326
2773000 8.52339
2774000 8.50533
2775000 8.53044
2776000 8.51724
2777000 8.51363
2778000 8.52565
2779000 8.49474
2780000 8.53065
2781000 8.51307
2782000 8.50368
2783000 8.53681
2784000 8.49675
2785000 8.52958
2786000 8.52126
2787000 8.49247
2788000 8.54067
2789000 8.50465
2790000 8.52429
2791000 8.53495
2792000 8.48531
2793000 8.53941
2794000 8.49513
2795000 8.50678
2796000 8.52254
2797000 8.48306
2798000 8.5212
2799000 8.49902
2800000 8.50685
2801000 8.51158
2802000 8.49527
2803000 8.51531
2804000 8.49393
2805000 8.49884
2806000 8.51346
2807000 8.47495
2808000 8.51186
2809000 8.48961
2810000 8.47946
2811000 8.50766
2812000 8.48237
2813000 8.49483
2814000 8.49335
2815000 8.47871
2816000 8.50609
2817000 8.4847
2818000 8.49013
2819000 8.50801
2820000 8.47931
2821000 8.51173
2822000 8.48602
2823000 8.48074
2824000 8.50535
2825000 8.46752
2826000 8.49927
2827000 8.47773
2828000 8.47377
2829000 8.49869
2830000 8.47127
2831000 8.50097
2832000 8.48275
2833000 8.46867
2834000 8.49414
2835000 8.46183
2836000 8.48056
2837000 8.48704
2838000 8.46255
2839000 8.49227
2840000 8.47317
2841000 8.47353
2842000 8.4878
2843000 8.46099
2844000 8.47995
2845000 8.47919
2846000 8.47684
2847000 8.49659
2848000 8.47699
2849000 8.49525
2850000 8.48528
2851000 8.48134
2852000 8.49554
2853000 8.47475
2854000 8.49212
2855000 8.4894
2856000 8.47474
2857000 8.48318
2858000 8.47987
2859000 8.4851
2860000 8.50107
2861000 8.48847
2862000 8.50058
2863000 8.48223
2864000 8.48148
2865000 8.49495
2866000 8.47009
2867000 8.49381
2868000 8.47316
2869000 8.47154
2870000 8.48629
2871000 8.46011
2872000 8.4848
2873000 8.45441
2874000 8.45286
2875000 8.47672
2876000 8.43414
2877000 8.47556
2878000 8.45812
2879000 8.44954
2880000 8.49443
2881000 8.43243
2882000 8.48206
2883000 8.45443
2884000 8.44082
2885000 8.48547
2886000 8.4284
2887000 8.4693
2888000 8.46481
2889000 8.4456
2890000 8.48491
2891000 8.44302
2892000 8.46635
2893000 8.4638
2894000 8.43843
2895000 8.47254
2896000 8.43376
2897000 8.45446
2898000 8.452
2899000 8.42391
2900000 8.46863
2901000 8.43541
2902000 8.43893
2903000 8.458
2904000 8.41395
2905000 8.47255
2906000 8.42999
2907000 8.43663
2908000 8.46178
2909000 8.4158
2910000 8.46615
2911000 8.42408
2912000 8.42679
2913000 8.45316
2914000 8.40775
2915000 8.44697
2916000 8.42095
2917000 8.40131
2918000 8.43862
2919000 8.40141
2920000 8.4337
2921000 8.43427
2922000 8.40089
2923000 8.43435
2924000 8.40544
2925000 8.42727
2926000 8.43356
2927000 8.40288
2928000 8.44759
2929000 8.39614
2930000 8.42466
2931000 8.45174
2932000 8.39479
2933000 8.4496
2934000 8.40786
2935000 8.41437
2936000 8.44105
2937000 8.381
2938000 8.4439
2939000 8.41726
2940000 8.41881
2941000 8.45116
2942000 8.4042
2943000 8.43798
2944000 8.41037
2945000 8.41194
2946000 8.44013
2947000 8.39015
2948000 8.42307
2949000 8.41826
2950000 8.40085
2951000 8.4346
2952000 8.40084
2953000 8.41145
2954000 8.41733
2955000 8.39238
2956000 8.42437
2957000 8.40656
2958000 8.39999
2959000 8.42249
2960000 8.40114
2961000 8.40558
2962000 8.40999
2963000 8.38899
2964000 8.40134
2965000 8.40581
2966000 8.39375
2967000 8.41711
2968000 8.39428
2969000 8.40963
2970000 8.40949
2971000 8.39802
2972000 8.40579
2973000 8.38656
2974000 8.39578
2975000 8.40226
2976000 8.39209
2977000 8.40267
2978000 8.39197
2979000 8.39813
2980000 8.41081
2981000 8.38896
2982000 8.39962
2983000 8.38714
2984000 8.39282
2985000 8.39588
2986000 8.3879
2987000 8.39901
2988000 8.38563
2989000 8.39043
2990000 8.40126
2991000 8.38828
2992000 8.40604
2993000 8.39107
2994000 8.39709
2995000 8.40906
2996000 8.3932
2997000 8.40242
2998000 8.38818
2999000 8.3889
3000000 8.40749
3001000 8.38011
3002000 8.39358
3003000 8.37838
3004000 8.36357
3005000 8.39184
3006000 8.35241
3007000 8.37182
3008000 8.38058
3009000 8.34553
3010000 8.39218
3011000 8.35436
3012000 8.36569
3013000 8.38438
3014000 8.33102
3015000 8.3798
3016000 8.34597
3017000 8.33123
3018000 8.38365
3019000 8.31724
3020000 8.37803
3021000 8.35678
3022000 8.32479
3023000 8.36765
3024000 8.31547
3025000 8.36733
3026000 8.3449
3027000 8.33227
3028000 8.375
3029000 8.32036
3030000 8.35727
3031000 8.35281
3032000 8.32984
3033000 8.38209
3034000 8.32519
3035000 8.36658
3036000 8.36052
3037000 8.32583
3038000 8.3754
3039000 8.32113
3040000 8.34911
3041000 8.35884
3042000 8.30593
3043000 8.35928
3044000 8.31798
3045000 8.32548
3046000 8.34425
3047000 8.29692
3048000 8.34926
3049000 8.30426
3050000 8.32158
3051000 8.34261
3052000 8.29158
3053000 8.34319
3054000 8.30812
3055000 8.31152
3056000 8.34504
3057000 8.28817
3058000 8.3411
3059000 8.32127
3060000 8.30413
3061000 8.35731
3062000 8.298
3063000 8.33963
3064000 8.32777
3065000 8.31118
3066000 8.35852
3067000 8.30881
3068000 8.34638
3069000 8.33861
3070000 8.32345
3071000 8.35901
3072000 8.31019
3073000 8.34285
3074000 8.32814
3075000 8.31793
3076000 8.34559
3077000 8.30138
3078000 8.32761
3079000 8.32598
3080000 8.31519
3081000 8.34727
3082000 8.31185
3083000 8.31976
3084000 8.33139
3085000 8.29486
3086000 8.33057
3087000 8.30454
3088000 8.30462
3089000 8.32741
3090000 8.29636
3091000 8.3218
3092000 8.31215
3093000 8.30131
3094000 8.31348
3095000 8.29195
3096000 8.30083
3097000 8.28964
3098000 8.28986
3099000 8.2966
3100000 8.29308
3101000 8.29618
3102000 8.29443
3103000 8.2937
3104000 8.27519
3105000 8.29864
3106000 8.27829
3107000 8.29274
3108000 8.27972
3109000 8.28706
3110000 8.28645
3111000 8.27217
3112000 8.28384
3113000 8.25561
3114000 8.26729
3115000 8.27025
3116000 8.25747
3117000 8.27607
3118000 8.25186
3119000 8.26967
3120000 8.26773
3121000 8.25915
3122000 8.27915
3123000 8.25056
3124000 8.27719
3125000 8.27079
3126000 8.25504
3127000 8.27206
3128000 8.25148
3129000 8.26704
3130000 8.26526
3131000 8.25393
3132000 8.27448
3133000 8.25441
3134000 8.26639
3135000 8.2687
3136000 8.25712
3137000 8.27709
3138000 8.25145
3139000 8.26923
3140000 8.26971
3141000 8.26509
3142000 8.27113
3143000 8.25595
3144000 8.26715
3145000 8.25952
3146000 8.24636
3147000 8.26444
3148000 8.24806
3149000 8.2601
3150000 8.2549
3151000 8.25457
3152000 8.26205
3153000 8.24944
3154000 8.25421
3155000 8.26066
3156000 8.25515
3157000 8.26612
3158000 8.25427
3159000 8.24673
3160000 8.26241
3161000 8.2524
3162000 8.25587
3163000 8.25193
3164000 8.24852
3165000 8.25373
3166000 8.23954
3167000 8.24426
3168000 8.23223
3169000 8.24173
3170000 8.25186
3171000 8.23202
3172000 8.24518
3173000 8.24258
3174000 8.22304
3175000 8.25265
3176000 8.21538
3177000 8.23377
3178000 8.23314
3179000 8.22909
3180000 8.26401
3181000 8.23445
3182000 8.23367
3183000 8.25016
3184000 8.21739
3185000 8.25091
3186000 8.2356
3187000 8.22778
3188000 8.23757
3189000 8.21777
3190000 8.24602
3191000 8.22847
3192000 8.22377
3193000 8.24139
3194000 8.20483
3195000 8.23166
3196000 8.21746
3197000 8.20128
3198000 8.2313
3199000 8.20979
3200000 8.22639
3201000 8.22244
3202000 8.20386
3203000 8.21821
3204000 8.19964
3205000 8.21027
3206000 8.21337
3207000 8.20187
3208000 8.21447
3209000 8.21202
3210000 8.22345
3211000 8.21715
3212000 8.21693
3213000 8.21748
3214000 8.20502
3215000 8.21368
3216000 8.21571
3217000 8.20517
3218000 8.21754
3219000 8.2097
3220000 8.21636
3221000 8.23503
3222000 8.20995
3223000 8.21424
3224000 8.21667
3225000 8.21159
3226000 8.22465
3227000 8.20618
3228000 8.22157
3229000 8.21024
3230000 8.21982
3231000 8.2229
3232000 8.20105
3233000 8.21945
3234000 8.21376
3235000 8.20304
3236000 8.22705
3237000 8.2086
3238000 8.21501
3239000 8.22567
3240000 8.20905
3241000 8.22658
3242000 8.21072
3243000 8.20036
3244000 8.21396
3245000 8.2007
3246000 8.20945
3247000 8.21017
3248000 8.19908
3249000 8.21318
3250000 8.2002
3251000 8.21589
3252000 8.20555
3253000 8.20133
3254000 8.20641
3255000 8.19765
3256000 8.2199
3257000 8.20412
3258000 8.20806
3259000 8.21488
3260000 8.1937
3261000 8.22237
3262000 8.20633
3263000 8.19924
3264000 8.20419
3265000 8.20741
3266000 8.20489
3267000 8.20856
3268000 8.20946
3269000 8.19794
3270000 8.21483
3271000 8.20661
3272000 8.202
3273000 8.20614
3274000 8.19339
3275000 8.21862
3276000 8.19918
3277000 8.19235
3278000 8.21413
3279000 8.18863
3280000 8.20452
3281000 8.20074
3282000 8.17605
3283000 8.2042
3284000 8.18722
3285000 8.18301
3286000 8.20559
3287000 8.18271
3288000 8.18979
3289000 8.20076
3290000 8.17301
3291000 8.21161
3292000 8.17537
3293000 8.17484
3294000 8.19941
3295000 8.15859
3296000 8.19687
3297000 8.17215
3298000 8.15989
3299000 8.19727
3300000 8.15507
3301000 8.1896
3302000 8.17321
3303000 8.15159
3304000 8.19371
3305000 8.1533
3306000 8.1808
3307000 8.17305
3308000 8.14687
3309000 8.18681
3310000 8.15451
3311000 8.16986
3312000 8.17466
3313000 8.14277
3314000 8.17723
3315000 8.15794
3316000 8.1584
3317000 8.17622
3318000 8.13693
3319000 8.1776
3320000 8.16225
3321000 8.16194
3322000 8.1754
3323000 8.1469
3324000 8.17796
3325000 8.16812
3326000 8.16076
3327000 8.17113
3328000 8.1465
3329000 8.17852
3330000 8.15828
3331000 8.14603
3332000 8.17678
3333000 8.12418
3334000 8.16405
3335000 8.16049
3336000 8.13971
3337000 8.17131
3338000 8.13132
3339000 8.16036
3340000 8.1624
3341000 8.13247
3342000 8.17164
3343000 8.13052
3344000 8.14705
3345000 8.15856
3346000 8.12502
3347000 8.15891
3348000 8.11908
3349000 8.13399
3350000 8.14082
3351000 8.12343
3352000 8.14333
3353000 8.12645
3354000 8.12232
3355000 8.14034
3356000 8.11294
3357000 8.13734
3358000 8.12319
3359000 8.12691
3360000 8.14616
3361000 8.11335
3362000 8.13633
3363000 8.12174
3364000 8.11944
3365000 8.13836
3366000 8.11555
3367000 8.13019
3368000 8.12497
3369000 8.11845
3370000 8.13251
3371000 8.11765
3372000 8.11991
3373000 8.11454
3374000 8.10792
3375000 8.12482
3376000 8.09603
3377000 8.13506
3378000 8.10764
3379000 8.11293
3380000 8.13939
3381000 8.08399
3382000 8.13985
3383000 8.09828
3384000 8.10374
3385000 8.12173
3386000 8.08318
3387000 8.11314
3388000 8.09158
3389000 8.10667
3390000 8.12013
3391000 8.08365
3392000 8.12649
3393000 8.09409
3394000 8.09942
3395000 8.12105
3396000 8.10068
3397000 8.10975
3398000 8.10178
3399000 8.09438
3400000 8.11758
3401000 8.09345
3402000 8.10621
3403000 8.10254
3404000 8.09057
3405000 8.10441
3406000 8.09374
3407000 8.08382
3408000 8.10233
3409000 8.07924
3410000 8.10603
3411000 8.09786
3412000 8.08119
3413000 8.11095
3414000 8.08133
3415000 8.10719
3416000 8.08958
3417000 8.08785
3418000 8.10263
3419000 8.07297
3420000 8.09942
3421000 8.08963
3422000 8.07641
3423000 8.10747
3424000 8.06285
3425000 8.09657
3426000 8.08005
3427000 8.05453
3428000 8.09459
3429000 8.04613
3430000 8.08504
3431000 8.08388
3432000 8.06235
3433000 8.09936
3434000 8.0601
3435000 8.07955
3436000 8.09339
3437000 8.05054
3438000 8.09502
3439000 8.05875
3440000 8.07241
3441000 8.09473
3442000 8.05092
3443000 8.10281
3444000 8.06709
3445000 8.07891
3446000 8.10576
3447000 8.05444
3448000 8.10614
3449000 8.078
3450000 8.07213
3451000 8.09353
3452000 8.05976
3453000 8.08683
3454000 8.0785
3455000 8.06385
3456000 8.09358
3457000 8.0611
3458000 8.07479
3459000 8.09191
3460000 8.05116
3461000 8.09742
3462000 8.06806
3463000 8.05864
3464000 8.07481
3465000 8.04781
3466000 8.07975
3467000 8.06787
3468000 8.05039
3469000 8.08546
3470000 8.06144
3471000 8.08291
3472000 8.07073
3473000 8.0496
3474000 8.07743
3475000 8.05288
3476000 8.05071
3477000 8.06276
3478000 8.03575
3479000 8.0597
3480000 8.04466
3481000 8.03873
3482000 8.06714
3483000 8.0222
3484000 8.04428
3485000 8.04243
3486000 8.02267
3487000 8.05366
3488000 8.03455
3489000 8.04072
3490000 8.05458
3491000 8.02306
3492000 8.05444
3493000 8.03505
3494000 8.01429
3495000 8.05782
3496000 8.00423
3497000 8.03039
3498000 8.03298
3499000 8.01883
3500000 8.05646
3501000 8.02255
3502000 8.0333
3503000 8.03868
3504000 8.00947
3505000 8.04696
3506000 8.01199
3507000 8.0165
3508000 8.03281
3509000 7.99865
3510000 8.03721
3511000 8.02071
3512000 8.01484
3513000 8.03106
3514000 7.99979
3515000 8.03316
3516000 8.02252
3517000 8.01319
3518000 8.03902
3519000 8.01236
3520000 8.04282
3521000 8.03887
3522000 8.01478
3523000 8.04918
3524000 8.02383
3525000 8.03486
3526000 8.04967
3527000 8.02178
3528000 8.04906
3529000 8.04784
3530000 8.03432
3531000 8.05675
3532000 8.03474
3533000 8.03901
3534000 8.04286
3535000 8.02435
3536000 8.03984
3537000 8.0177
3538000 8.03546
3539000 8.03133
3540000 8.02685
3541000 8.04589
3542000 8.02453
3543000 8.03848
3544000 8.0308
3545000 8.03165
3546000 8.05775
3547000 8.02572
3548000 8.04918
3549000 8.03956
3550000 8.03864
3551000 8.06738
3552000 8.03005
3553000 8.04546
3554000 8.04529
3555000 8.03295
3556000 8.05684
3557000 8.03845
3558000 8.04468
3559000 8.04838
3560000 8.03607
3561000 8.05146
3562000 8.0409
3563000 8.04005
3564000 8.04727
3565000 8.02282
3566000 8.03802
3567000 8.04239
3568000 8.0182
3569000 8.0558
3570000 8.03267
3571000 8.02941
3572000 8.05328
3573000 8.00489
3574000 8.04415
3575000 8.03668
3576000 8.01318
3577000 8.05
3578000 8.01123
3579000 8.03922
3580000 8.05146
3581000 8.01446
3582000 8.06932
3583000 8.00874
3584000 8.03044
3585000 8.05257
3586000 7.99784
3587000 8.06409
3588000 8.02218
3589000 8.02668
3590000 8.06369
3591000 8.01607
3592000 8.05234
3593000 8.04137
3594000 8.01789
3595000 8.06001
3596000 8.02221
3597000 8.03925
3598000 8.04146
3599000 8.0181
3600000 8.05341
3601000 8.02932
3602000 8.0389
3603000 8.04133
3604000 8.01301
3605000 8.05219
3606000 8.02409
3607000 8.02211
3608000 8.04489
3609000 8.01043
3610000 8.04166
3611000 8.02302
3612000 8.01285
3613000 8.03519
3614000 7.99512
3615000 8.03043
3616000 8.01544
3617000 7.99736
3618000 8.04225
3619000 7.99047
3620000 8.03497
3621000 8.02752
3622000 8.01574
3623000 8.03844
3624000 8.00319
3625000 8.02244
3626000 8.02335
3627000 7.99236
3628000 8.03402
3629000 8.00605
3630000 8.02956
3631000 8.02486
3632000 8.00239
3633000 8.04009
3634000 8.00194
3635000 8.02755
3636000 8.02389
3637000 7.9848
3638000 8.03647
3639000 8.00027
3640000 8.02079
3641000 8.02529
3642000 7.99343
3643000 8.03319
3644000 8.00547
3645000 8.00628
3646000 8.02501
3647000 7.99434
3648000 8.01992
3649000 8.01279
3650000 8.00381
3651000 8.03436
3652000 7.99608
3653000 8.01588
3654000 8.02546
3655000 7.9975
3656000 8.04399
3657000 8.00765
3658000 8.01938
3659000 8.0369
3660000 8.0042
3661000 8.03803
3662000 8.01561
3663000 8.01638
3664000 8.03062
3665000 8.00775
3666000 8.0243
3667000 8.01158
3668000 8.01193
3669000 8.03233
3670000 8.02041
3671000 8.0201
3672000 8.02914
3673000 8.01072
3674000 8.02559
3675000 8.02709
3676000 8.01819
3677000 8.03034
3678000 8.01599
3679000 8.01895
3680000 8.02927
3681000 8.02448
3682000 8.0311
3683000 8.01581
3684000 8.03079
3685000 8.02174
3686000 8.0261
3687000 8.01675
3688000 8.02095
3689000 8.02047
3690000 8.02463
3691000 8.03569
3692000 8.02125
3693000 8.01403
3694000 8.01746
3695000 8.01297
3696000 8.0243
3697000 8.01867
3698000 8.01564
3699000 8.019
3700000 8.00949
3701000 8.01896
3702000 8.00568
3703000 8.00566
3704000 8.01349
3705000 7.99581
3706000 8.01491
3707000 8.00528
3708000 8.00762
3709000 8.01928
3710000 8.00781
3711000 8.0087
3712000 8.00296
3713000 8.00828
3714000 8.00226
3715000 7.99782
3716000 8.00704
3717000 7.99844
3718000 8.0006
3719000 8.00824
3720000 7.99906
3721000 8.00947
3722000 8.00769
3723000 7.99945
3724000 8.00892
3725000 8.00113
3726000 8.01347
3727000 7.99496
3728000 8.01524
3729000 8.00949
3730000 8.00156
3731000 8.02286
3732000 7.97829
3733000 8.01103
3734000 7.99738
3735000 7.99289
3736000 8.01238
3737000 7.98746
3738000 7.99429
3739000 8.00182
3740000 7.99534
3741000 8.01097
3742000 7.99361
3743000 7.98915
3744000 7.99848
3745000 7.99259
3746000 7.99243
3747000 7.98937
3748000 7.98843
3749000 7.99428
3750000 8.00375
3751000 7.99811
3752000 7.98609
3753000 8.00504
3754000 7.99464
3755000 7.99266
3756000 8.00289
3757000 7.97852
3758000 7.99814
3759000 8.00094
3760000 7.98094
3761000 8.01319
3762000 7.97921
3763000 7.98753
3764000 7.99877
3765000 7.96855
3766000 8.01039
3767000 7.97131
3768000 7.97139
3769000 7.99343
3770000 7.94456
3771000 7.99759
3772000 7.95994
3773000 7.95733
3774000 7.98437
3775000 7.94436
3776000 7.97835
3777000 7.97015
3778000 7.96001
3779000 7.98006
3780000 7.9497
3781000 7.97652
3782000 7.96303
3783000 7.95446
3784000 7.97396
3785000 7.9487
3786000 7.96733
3787000 7.96091
3788000 7.93663
3789000 7.97707
3790000 7.95028
3791000 7.96554
3792000 7.96726
3793000 7.94058
3794000 7.96319
3795000 7.94879
3796000 7.94932
3797000 7.96599
3798000 7.93574
3799000 7.94683
3800000 7.96081
3801000 7.93568
3802000 7.96521
3803000 7.93993
3804000 7.94734
3805000 7.95485
3806000 7.94093
3807000 7.97682
3808000 7.93107
3809000 7.95285
3810000 7.96119
3811000 7.93246
3812000 7.95267
3813000 7.92669
3814000 7.94015
3815000 7.94517
3816000 7.92506
3817000 7.94094
3818000 7.92164
3819000 7.94448
3820000 7.94395
3821000 7.93569
3822000 7.94795
3823000 7.91627
3824000 7.94024
3825000 7.93491
3826000 7.92521
3827000 7.94489
3828000 7.92211
3829000 7.93491
3830000 7.94724
3831000 7.92809
3832000 7.94613
3833000 7.93308
3834000 7.93101
3835000 7.94909
3836000 7.92047
3837000 7.95004
3838000 7.92788
3839000 7.93378
3840000 7.96372
3841000 7.92961
3842000 7.95773
3843000 7.94745
3844000 7.93363
3845000 7.96882
3846000 7.92075
3847000 7.94925
3848000 7.94827
3849000 7.92161
3850000 7.96973
3851000 7.91706
3852000 7.94436
3853000 7.95308
3854000 7.91385
3855000 7.96923
3856000 7.91344
3857000 7.94139
3858000 7.96313
3859000 7.91572
3860000 7.96981
3861000 7.9243
3862000 7.93704
3863000 7.96129
3864000 7.90415
3865000 7.96158
3866000 7.93611
3867000 7.92598
3868000 7.97033
3869000 7.91234
3870000 7.96128
3871000 7.95418
3872000 7.92661
3873000 7.96836
3874000 7.92827
3875000 7.94828
3876000 7.95923
3877000 7.92087
3878000 7.96664
3879000 7.92865
3880000 7.94506
3881000 7.96034
3882000 7.90496
3883000 7.96252
3884000 7.91853
3885000 7.92729
3886000 7.96485
3887000 7.90592
3888000 7.96056
3889000 7.93099
3890000 7.92191
3891000 7.96211
3892000 7.90385
3893000 7.9395
3894000 7.92929
3895000 7.91189
3896000 7.95686
3897000 7.90355
3898000 7.93206
3899000 7.94315
3900000 7.90377
3901000 7.95482
3902000 7.90704
3903000 7.91959
3904000 7.93435
3905000 7.88686
3906000 7.94883
3907000 7.89693
3908000 7.90449
3909000 7.94383
3910000 7.88971
3911000 7.94163
3912000 7.90724
3913000 7.90744
3914000 7.9391
3915000 7.89746
3916000 7.93944
3917000 7.91
3918000 7.90053
3919000 7.93599
3920000 7.89337
3921000 7.93236
3922000 7.91366
3923000 7.89543
3924000 7.92167
3925000 7.88981
3926000 7.9116
3927000 7.90532
3928000 7.8945
3929000 7.91856
3930000 7.90209
3931000 7.90763
3932000 7.90819
3933000 7.89778
3934000 7.90265
3935000 7.89964
3936000 7.90673
3937000 7.89666
3938000 7.90406
3939000 7.89722
3940000 7.89553
3941000 7.90267
3942000 7.88136
3943000 7.89746
3944000 7.89533
3945000 7.88805
3946000 7.90201
3947000 7.88306
3948000 7.89524
3949000 7.8921
3950000 7.87792
3951000 7.90367
3952000 7.88374
3953000 7.88332
3954000 7.89067
3955000 7.88455
3956000 7.90118
3957000 7.88693
3958000 7.87503
3959000 7.90162
3960000 7.88097
3961000 7.8945
3962000 7.88508
3963000 7.87395
3964000 7.89194
3965000 7.87183
3966000 7.88963
3967000 7.87937
3968000 7.87186
3969000 7.90033
3970000 7.86422
3971000 7.90168
3972000 7.88014
3973000 7.86939
3974000 7.89527
3975000 7.85684
3976000 7.88205
3977000 7.87488
3978000 7.84941
3979000 7.88718
3980000 7.86074
3981000 7.87655
3982000 7.87489
3983000 7.84982
3984000 7.88566
3985000 7.85643
3986000 7.85078
3987000 7.87904
3988000 7.83586
3989000 7.88173
3990000 7.86259
3991000 7.86608
3992000 7.8703
3993000 7.82685
3994000 7.8792
3995000 7.8487
3996000 7.84179
3997000 7.88375
3998000 7.82109
3999000 7.86583
4000000 7.85725
4001000 7.83628
4002000 7.8796
4003000 7.82164
4004000 7.86952
4005000 7.84872
4006000 7.83341
4007000 7.872
4008000 7.83522
4009000 7.86283
4010000 7.86518
4011000 7.84972
4012000 7.87824
4013000 7.8405
4014000 7.85764
4015000 7.86159
4016000 7.84179
4017000 7.87421
4018000 7.84455
4019000 7.85738
4020000 7.87343
4021000 7.8398
4022000 7.87789
4023000 7.83351
4024000 7.85792
4025000 7.86251
4026000 7.83253
4027000 7.87681
4028000 7.83529
4029000 7.85375
4030000 7.86355
4031000 7.82422
4032000 7.86355
4033000 7.81739
4034000 7.83475
4035000 7.84909
4036000 7.80737
4037000 7.86666
4038000 7.82173
4039000 7.83805
4040000 7.86201
4041000 7.81304
4042000 7.8658
4043000 7.82931
4044000 7.82408
4045000 7.87156
4046000 7.81768
4047000 7.85735
4048000 7.83855
4049000 7.8247
4050000 7.87929
4051000 7.8216
4052000 7.85878
4053000 7.85498
4054000 7.81078
4055000 7.87006
4056000 7.81761
4057000 7.84492
4058000 7.85128
4059000 7.80719
4060000 7.87445
4061000 7.82243
4062000 7.84844
4063000 7.85473
4064000 7.81134
4065000 7.86785
4066000 7.8271
4067000 7.83754
4068000 7.86245
4069000 7.8141
4070000 7.86848
4071000 7.83774
4072000 7.8346
4073000 7.86781
4074000 7.81666
4075000 7.84862
4076000 7.84152
4077000 7.82606
4078000 7.85089
4079000 7.83915
4080000 7.84374
4081000 7.85039
4082000 7.83499
4083000 7.84024
4084000 7.83068
4085000 7.84824
4086000 7.84655
4087000 7.8401
4088000 7.84819
4089000 7.84883
4090000 7.85326
4091000 7.85668
4092000 7.84778
4093000 7.84327
4094000 7.85034
4095000 7.84249
4096000 7.8453
4097000 7.84242
4098000 7.83358
4099000 7.84156
4100000 7.84599
4101000 7.84835
4102000 7.84856
4103000 7.83964
4104000 7.84275
4105000 7.83941
4106000 7.84039
4107000 7.83994
4108000 7.82349
4109000 7.84966
4110000 7.82887
4111000 7.82713
4112000 7.85046
4113000 7.80933
4114000 7.83681
4115000 7.83557
4116000 7.81778
4117000 7.8358
4118000 7.80305
4119000 7.82374
4120000 7.81618
4121000 7.80349
4122000 7.8208
4123000 7.80257
4124000 7.80537
4125000 7.82019
4126000 7.80482
4127000 7.81021
4128000 7.82563
4129000 7.79914
4130000 7.8268
4131000 7.81817
4132000 7.80442
4133000 7.82203
4134000 7.80654
4135000 7.81327
4136000 7.81158
4137000 7.80196
4138000 7.81953
4139000 7.8106
4140000 7.81087
4141000 7.82387
4142000 7.80906
4143000 7.81782
4144000 7.82266
4145000 7.81001
4146000 7.83072
4147000 7.81135
4148000 7.81615
4149000 7.82774
4150000 7.80812
4151000 7.84022
4152000 7.80193
4153000 7.81077
4154000 7.81139
4155000 7.78734
4156000 7.82213
4157000 7.79164
4158000 7.79561
4159000 7.81833
4160000 7.78505
4161000 7.8307
4162000 7.79159
4163000 7.8
4164000 7.82522
4165000 7.78098
4166000 7.8284
4167000 7.79279
4168000 7.7945
4169000 7.81824
4170000 7.78091
4171000 7.82827
4172000 7.79383
4173000 7.80386
4174000 7.81474
4175000 7.76946
4176000 7.81467
4177000 7.7797
4178000 7.78685
4179000 7.81697
4180000 7.77093
4181000 7.81686
4182000 7.7856
4183000 7.78996
4184000 7.8126
4185000 7.76943
4186000 7.8172
4187000 7.7845
4188000 7.77996
4189000 7.80828
4190000 7.76395
4191000 7.80221
4192000 7.76893
4193000 7.77826
4194000 7.79647
4195000 7.75775
4196000 7.80324
4197000 7.76661
4198000 7.77445
4199000 7.80087
4200000 7.76157
4201000 7.80213
4202000 7.78014
4203000 7.77525
4204000 7.79677
4205000 7.76409
4206000 7.79857
4207000 7.7748
4208000 7.7735
4209000 7.79679
4210000 7.77165
4211000 7.78538
4212000 7.78901
4213000 7.75723
4214000 7.7938
4215000 7.76856
4216000 7.77551
4217000 7.78609
4218000 7.7533
4219000 7.78059
4220000 7.76286
4221000 7.75496
4222000 7.78178
4223000 7.74372
4224000 7.77052
4225000 7.77212
4226000 7.75291
4227000 7.77986
4228000 7.74655
4229000 7.76181
4230000 7.77434
4231000 7.7492
4232000 7.7671
4233000 7.75958
4234000 7.74799
4235000 7.76919
4236000 7.74419
4237000 7.75291
4238000 7.7542
4239000 7.7396
4240000 7.76646
4241000 7.74953
4242000 7.76483
4243000 7.75397
4244000 7.74156
4245000 7.76532
4246000 7.73432
4247000 7.75694
4248000 7.74546
4249000 7.7345
4250000 7.75465
4251000 7.7433
4252000 7.74518
4253000 7.74536
4254000 7.73661
4255000 7.7457
4256000 7.74523
4257000 7.72754
4258000 7.74837
4259000 7.73849
4260000 7.73938
4261000 7.74944
4262000 7.72788
4263000 7.74708
4264000 7.73832
4265000 7.72832
4266000 7.75456
4267000 7.73184
4268000 7.7449
4269000 7.7465
4270000 7.73423
4271000 7.75255
4272000 7.73278
4273000 7.73563
4274000 7.73884
4275000 7.72191
4276000 7.74761
4277000 7.72101
4278000 7.73967
4279000 7.74313
4280000 7.72805
4281000 7.74992
4282000 7.71977
4283000 7.73646
4284000 7.73129
4285000 7.7212
4286000 7.73728
4287000 7.70889
4288000 7.72499
4289000 7.72209
4290000 7.71598
4291000 7.73085
4292000 7.71751
4293000 7.72662
4294000 7.72439
4295000 7.71913
4296000 7.73204
4297000 7.71987
4298000 7.72976
4299000 7.72782
4300000 7.72134
4301000 7.73911
4302000 7.71838
4303000 7.72078
4304000 7.72693
4305000 7.71677
4306000 7.73355
4307000 7.71359
4308000 7.71781
4309000 7.73537
4310000 7.71809
4311000 7.73231
4312000 7.72925
4313000 7.71172
4314000 7.73945
4315000 7.71532
4316000 7.7247
4317000 7.72973
4318000 7.7081
4319000 7.74504
4320000 7.72212
4321000 7.72469
4322000 7.73516
4323000 7.70697
4324000 7.73829
4325000 7.71243
4326000 7.70973
4327000 7.7379
4328000 7.68625
4329000 7.73725
4330000 7.71156
4331000 7.69827
4332000 7.73517
4333000 7.68967
4334000 7.72391
4335000 7.70833
4336000 7.68847
4337000 7.72602
4338000 7.67856
4339000 7.71477
4340000 7.7069
4341000 7.6926
4342000 7.71426
4343000 7.68275
4344000 7.70357
4345000 7.70111
4346000 7.68512
4347000 7.70257
4348000 7.68103
4349000 7.6915
4350000 7.68733
4351000 7.69331
4352000 7.68376
4353000 7.67822
4354000 7.68174
4355000 7.67028
4356000 7.67902
4357000 7.67579
4358000 7.66836
4359000 7.68179
4360000 7.67778
4361000 7.69284
4362000 7.68783
4363000 7.66495
4364000 7.692
4365000 7.67272
4366000 7.66442
4367000 7.69524
4368000 7.6458
4369000 7.68562
4370000 7.67671
4371000 7.65736
4372000 7.69549
4373000 7.653
4374000 7.67802
4375000 7.67949
4376000 7.64631
4377000 7.68431
4378000 7.65333
4379000 7.6653
4380000 7.68077
4381000 7.65279
4382000 7.68149
4383000 7.65025
4384000 7.66207
4385000 7.67088
4386000 7.65197
4387000 7.67266
4388000 7.65721
4389000 7.66046
4390000 7.67501
4391000 7.65961
4392000 7.66838
4393000 7.65556
4394000 7.65096
4395000 7.66465
4396000 7.65606
4397000 7.65274
4398000 7.65477
4399000 7.65655
4400000 7.66462
4401000 7.66042
4402000 7.66312
4403000 7.64788
4404000 7.64799
4405000 7.6647
4406000 7.64394
4407000 7.67178
4408000 7.65384
4409000 7.64278
4410000 7.6819
4411000 7.64556
4412000 7.67501
4413000 7.65702
4414000 7.6482
4415000 7.67529
4416000 7.64719
4417000 7.66952
4418000 7.65754
4419000 7.64648
4420000 7.66877
4421000 7.64447
4422000 7.66002
4423000 7.65682
4424000 7.6413
4425000 7.67586
4426000 7.63598
4427000 7.65737
4428000 7.6644
4429000 7.64546
4430000 7.67497
4431000 7.66163
4432000 7.65266
4433000 7.67321
4434000 7.64627
4435000 7.67165
4436000 7.66518
4437000 7.64341
4438000 7.67518
4439000 7.63806
4440000 7.6707
4441000 7.66283
4442000 7.64707
4443000 7.6706
4444000 7.64435
4445000 7.65604
4446000 7.6633
4447000 7.6375
4448000 7.65647
4449000 7.63995
4450000 7.66191
4451000 7.65657
4452000 7.6339
4453000 7.66198
4454000 7.63465
4455000 7.64965
4456000 7.64778
4457000 7.61795
4458000 7.65375
4459000 7.62009
4460000 7.63683
4461000 7.64881
4462000 7.61216
4463000 7.64548
4464000 7.616
4465000 7.62477
4466000 7.63147
4467000 7.60281
4468000 7.63902
4469000 7.62214
4470000 7.62828
4471000 7.63761
4472000 7.60176
4473000 7.63053
4474000 7.61035
4475000 7.60906
4476000 7.63247
4477000 7.59862
4478000 7.61865
4479000 7.61912
4480000 7.6008
4481000 7.62919
4482000 7.59708
4483000 7.62089
4484000 7.62501
4485000 7.59603
4486000 7.64017
4487000 7.6166
4488000 7.60979
4489000 7.64645
4490000 7.59741
4491000 7.64632
4492000 7.61964
4493000 7.60987
4494000 7.64244
4495000 7.60201
4496000 7.63553
4497000 7.61344
4498000 7.60276
4499000 7.63588
4500000 7.59649
4501000 7.63134
4502000 7.61993
4503000 7.60243
4504000 7.63018
4505000 7.60743
4506000 7.62723
4507000 7.61222
4508000 7.60284
4509000 7.619
4510000 7.6028
4511000 7.61925
4512000 7.60926
4513000 7.61462
4514000 7.61607
4515000 7.60347
4516000 7.61587
4517000 7.60885
4518000 7.603
4519000 7.62064
4520000 7.60864
4521000 7.61233
4522000 7.61101
4523000 7.60301
4524000 7.60909
4525000 7.60323
4526000 7.61534
4527000 7.59722
4528000 7.59693
4529000 7.62231
4530000 7.59703
4531000 7.61545
4532000 7.60989
4533000 7.59194
4534000 7.61099
4535000 7.5827
4536000 7.59879
4537000 7.58444
4538000 7.57832
4539000 7.59633
4540000 7.57969
4541000 7.60175
4542000 7.5837
4543000 7.57705
4544000 7.59343
4545000 7.57664
4546000 7.57858
4547000 7.58146
4548000 7.56613
4549000 7.5866
4550000 7.57298
4551000 7.58969
4552000 7.5791
4553000 7.57408
4554000 7.58223
4555000 7.57244
4556000 7.57959
4557000 7.57411
4558000 7.56696
4559000 7.58132
4560000 7.56777
4561000 7.57601
4562000 7.56602
4563000 7.57086
4564000 7.56471
4565000 7.56005
4566000 7.55903
4567000 7.55689
4568000 7.55111
4569000 7.55172
4570000 7.56121
4571000 7.5501
4572000 7.55504
4573000 7.55183
4574000 7.54681
4575000 7.55933
4576000 7.53743
4577000 7.5523
4578000 7.54706
4579000 7.54321
4580000 7.55593
4581000 7.53539
4582000 7.55335
4583000 7.53714
4584000 7.54309
4585000 7.55248
4586000 7.54088
4587000 7.55077
4588000 7.54647
4589000 7.55332
4590000 7.56114
4591000 7.55412
4592000 7.5596
4593000 7.54964
4594000 7.54435
4595000 7.55275
4596000 7.53471
4597000 7.53585
4598000 7.54449
4599000 7.54295
4600000 7.54619
4601000 7.54202
4602000 7.54016
4603000 7.53456
4604000 7.54692
4605000 7.55035
4606000 7.54713
4607000 7.55001
4608000 7.53623
4609000 7.54782
4610000 7.54414
4611000 7.54076
4612000 7.55496
4613000 7.53233
4614000 7.54398
4615000 7.53767
4616000 7.53989
4617000 7.54427
4618000 7.54133
4619000 7.53222
4620000 7.54259
4621000 7.53838
4622000 7.53713
4623000 7.53753
4624000 7.53181
4625000 7.53304
4626000 7.53694
4627000 7.53156
4628000 7.52191
4629000 7.53622
4630000 7.52136
4631000 7.5301
4632000 7.53324
4633000 7.5238
4634000 7.54002
4635000 7.5242
4636000 7.538
4637000 7.53852
4638000 7.52104
4639000 7.54519
4640000 7.52717
4641000 7.52915
4642000 7.53419
4643000 7.51499
4644000 7.53944
4645000 7.52951
4646000 7.53394
4647000 7.53038
4648000 7.52005
4649000 7.5333
4650000 7.52077
4651000 7.52859
4652000 7.52331
4653000 7.52026
4654000 7.52474
4655000 7.52267
4656000 7.52136
4657000 7.52885
4658000 7.51281
4659000 7.52365
4660000 7.52051
4661000 7.51836
4662000 7.52867
4663000 7.51075
4664000 7.51827
4665000 7.52224
4666000 7.50247
4667000 7.51856
4668000 7.49874
4669000 7.50593
4670000 7.51323
4671000 7.50418
4672000 7.51356
4673000 7.49929
4674000 7.52279
4675000 7.49897
4676000 7.51298
4677000 7.51712
4678000 7.50253
4679000 7.51739
4680000 7.50731
4681000 7.50653
4682000 7.50862
4683000 7.5061
4684000 7.50839
4685000 7.50025
4686000 7.50722
4687000 7.51301
4688000 7.50669
4689000 7.51061
4690000 7.50697
4691000 7.50165
4692000 7.51704
4693000 7.5089
4694000 7.51269
4695000 7.51785
4696000 7.50172
4697000 7.52891
4698000 7.50676
4699000 7.50733
4700000 7.52916
4701000 7.49276
4702000 7.51461
4703000 7.50943
4704000 7.48845
4705000 7.52138
4706000 7.47679
4707000 7.49758
4708000 7.49666
4709000 7.47827
4710000 7.51015
4711000 7.49024
4712000 7.49298
4713000 7.49762
4714000 7.48087
4715000 7.50914
4716000 7.48838
4717000 7.48866
4718000 7.50176
4719000 7.487
4720000 7.49857
4721000 7.49785
4722000 7.48492
4723000 7.49398
4724000 7.49023
4725000 7.48883
4726000 7.50407
4727000 7.4699
4728000 7.50167
4729000 7.49335
4730000 7.48694
4731000 7.50456
4732000 7.48172
4733000 7.4934
4734000 7.49084
4735000 7.4822
4736000 7.49522
4737000 7.48522
4738000 7.48775
4739000 7.49687
4740000 7.48868
4741000 7.49221
4742000 7.4864
4743000 7.49063
4744000 7.48644
4745000 7.50362
4746000 7.4911
4747000 7.49048
4748000 7.5016
4749000 7.481
4750000 7.50358
4751000 7.49237
4752000 7.48367
4753000 7.50125
4754000 7.46569
4755000 7.49307
4756000 7.48475
4757000 7.4787
4758000 7.50486
4759000 7.47695
4760000 7.49354
4761000 7.49731
4762000 7.48486
4763000 7.49844
4764000 7.47274
4765000 7.49985
4766000 7.48358
4767000 7.47699
4768000 7.49141
4769000 7.47316
4770000 7.49223
4771000 7.48847
4772000 7.47866
4773000 7.49988
4774000 7.47376
4775000 7.48185
4776000 7.49053
4777000 7.46623
4778000 7.49196
4779000 7.47833
4780000 7.4904
4781000 7.48905
4782000 7.47408
4783000 7.49709
4784000 7.46644
4785000 7.48863
4786000 7.48226
4787000 7.45945
4788000 7.493
4789000 7.46642
4790000 7.48807
4791000 7.48694
4792000 7.47401
4793000 7.48817
4794000 7.46861
4795000 7.48756
4796000 7.48547
4797000 7.46652
4798000 7.50152
4799000 7.48515
4800000 7.48074
4801000 7.50649
4802000 7.47111
4803000 7.49473
4804000 7.49065
4805000 7.47668
4806000 7.49755
4807000 7.47309
4808000 7.48233
4809000 7.49437
4810000 7.47629
4811000 7.4939
4812000 7.47201
4813000 7.46766
4814000 7.47912
4815000 7.46289
4816000 7.47802
4817000 7.47191
4818000 7.46212
4819000 7.4777
4820000 7.46321
4821000 7.46631
4822000 7.4681
4823000 7.45287
4824000 7.465
4825000 7.4484
4826000 7.4512
4827000 7.46443
4828000 7.45042
4829000 7.457
4830000 7.45306
4831000 7.45594
4832000 7.45858
4833000 7.43642
4834000 7.45946
4835000 7.43985
4836000 7.45058
4837000 7.45893
4838000 7.44272
4839000 7.46033
4840000 7.44617
4841000 7.45345
4842000 7.45905
4843000 7.43624
4844000 7.44914
4845000 7.45283
4846000 7.43758
4847000 7.46362
4848000 7.4269
4849000 7.44851
4850000 7.4515
4851000 7.42378
4852000 7.46186
4853000 7.42021
4854000 7.43822
4855000 7.44186
4856000 7.40796
4857000 7.44728
4858000 7.4169
4859000 7.42893
4860000 7.44323
4861000 7.4178
4862000 7.44558
4863000 7.41299
4864000 7.42609
4865000 7.44929
4866000 7.40196
4867000 7.441
4868000 7.41247
4869000 7.41429
4870000 7.43663
4871000 7.38869
4872000 7.42207
4873000 7.40282
4874000 7.40297
4875000 7.42325
4876000 7.39374
4877000 7.4222
4878000 7.4075
4879000 7.39422
4880000 7.42081
4881000 7.38606
4882000 7.41092
4883000 7.40628
4884000 7.39152
4885000 7.4193
4886000 7.3936
4887000 7.41644
4888000 7.40779
4889000 7.39365
4890000 7.41272
4891000 7.39323
4892000 7.41139
4893000 7.41109
4894000 7.39364
4895000 7.42335
4896000 7.39907
4897000 7.40705
4898000 7.41681
4899000 7.38854
4900000 7.42403
4901000 7.40374
4902000 7.40227
4903000 7.42494
4904000 7.39571
4905000 7.42473
4906000 7.41663
4907000 7.41892
4908000 7.43783
4909000 7.40674
4910000 7.43703
4911000 7.4146
4912000 7.41272
4913000 7.4357
4914000 7.39658
4915000 7.43509
4916000 7.42536
4917000 7.40211
4918000 7.44739
4919000 7.40133
4920000 7.42356
4921000 7.42267
4922000 7.411
4923000 7.43938
4924000 7.40441
4925000 7.43154
4926000 7.42948
4927000 7.40319
4928000 7.43942
4929000 7.41445
4930000 7.42828
4931000 7.44155
4932000 7.40962
4933000 7.44641
4934000 7.40638
4935000 7.4288
4936000 7.42573
4937000 7.41139
4938000 7.43185
4939000 7.41675
4940000 7.42588
4941000 7.42677
4942000 7.41819
4943000 7.42923
4944000 7.41323
4945000 7.42112
4946000 7.42349
4947000 7.40932
4948000 7.42516
4949000 7.39831
4950000 7.42505
4951000 7.40927
4952000 7.40905
4953000 7.41838
4954000 7.3965
4955000 7.40425
4956000 7.40025
4957000 7.38742
4958000 7.40283
4959000 7.38251
4960000 7.39289
4961000 7.40258
4962000 7.3875
4963000 7.40775
4964000 7.39342
4965000 7.39705
4966000 7.41357
4967000 7.38714
4968000 7.40742
4969000 7.39671
4970000 7.39243
4971000 7.40349
4972000 7.38887
4973000 7.39591
4974000 7.38698
4975000 7.38205
4976000 7.39816
4977000 7.3896
4978000 7.39266
4979000 7.40577
4980000 7.39555
4981000 7.40581
4982000 7.41054
4983000 7.38931
4984000 7.41184
4985000 7.39402
4986000 7.41195
4987000 7.40399
4988000 7.39709
4989000 7.41479
4990000 7.38876
4991000 7.41239
4992000 7.40879
4993000 7.39251
4994000 7.42336
4995000 7.38542
4996000 7.41735
4997000 7.40876
4998000 7.38624
4999000 7.43191
5000000 7.38526
5001000 7.42135
5002000 7.42829
5003000 7.38335
5004000 7.44319
5005000 7.39854
5006000 7.41557
5007000 7.42413
5008000 7.38708
5009000 7.44101
5010000 7.40581
5011000 7.41218
5012000 7.42389
5013000 7.3965
5014000 7.42991
5015000 7.41764
5016000 7.41898
5017000 7.426
5018000 7.41029
5019000 7.42888
5020000 7.41474
5021000 7.4223
5022000 7.42696
5023000 7.41352
5024000 7.43307
5025000 7.42203
5026000 7.42013
5027000 7.43689
5028000 7.4138
5029000 7.43223
5030000 7.42564
5031000 7.41947
5032000 7.43593
5033000 7.40648
5034000 7.41331
5035000 7.4245
5036000 7.39868
5037000 7.42553
5038000 7.40368
5039000 7.4132
5040000 7.42101
5041000 7.41224
5042000 7.41478
5043000 7.41215
5044000 7.40728
5045000 7.42398
5046000 7.41636
5047000 7.41597
5048000 7.42477
5049000 7.40779
5050000 7.42784
5051000 7.4182
5052000 7.41326
5053000 7.43342
5054000 7.41314
5055000 7.42703
5056000 7.41406
5057000 7.40688
5058000 7.41303
5059000 7.40628
5060000 7.41558
5061000 7.41631
5062000 7.40709
5063000 7.41015
5064000 7.4057
5065000 7.41174
5066000 7.40535
5067000 7.39627
5068000 7.40644
5069000 7.4064
5070000 7.39962
5071000 7.41615
5072000 7.39952
5073000 7.40646
5074000 7.41265
5075000 7.4035
5076000 7.41261
5077000 7.40389
5078000 7.42125
5079000 7.42319
5080000 7.42101
5081000 7.42151
5082000 7.4148
5083000 7.40949
5084000 7.41371
5085000 7.40609
5086000 7.40017
5087000 7.40219
5088000 7.4006
5089000 7.39464
5090000 7.40426
5091000 7.40045
5092000 7.40063
5093000 7.40492
5094000 7.39541
5095000 7.40046
5096000 7.41073
5097000 7.39617
5098000 7.40837
5099000 7.40262
5100000 7.40096
5101000 7.42244
5102000 7.41443
5103000 7.40929
5104000 7.41128
5105000 7.40219
5106000 7.43227
5107000 7.40472
5108000 7.41518
5109000 7.42489
5110000 7.40156
5111000 7.43511
5112000 7.40762
5113000 7.42205
5114000 7.42185
5115000 7.41017
5116000 7.43239
5117000 7.41495
5118000 7.42145
5119000 7.43468
5120000 7.42231
5121000 7.43703
5122000 7.43352
5123000 7.42308
5124000 7.43915
5125000 7.42583
5126000 7.43054
5127000 7.42398
5128000 7.42402
5129000 7.43334
5130000 7.43018
5131000 7.42965
5132000 7.42691
5133000 7.41581
5134000 7.42259
5135000 7.42079
5136000 7.4184
5137000 7.41943
5138000 7.42274
5139000 7.41686
5140000 7.42154
5141000 7.4159
5142000 7.42008
5143000 7.41981
5144000 7.41138
5145000 7.41206
5146000 7.40779
5147000 7.40911
5148000 7.40828
5149000 7.41107
5150000 7.41297
5151000 7.41952
5152000 7.42117
5153000 7.41291
5154000 7.41178
5155000 7.42025
5156000 7.41621
5157000 7.41979
5158000 7.41952
5159000 7.41491
5160000 7.43434
5161000 7.42617
5162000 7.43293
5163000 7.42747
5164000 7.42059
5165000 7.4369
5166000 7.41424
5167000 7.41748
5168000 7.43095
5169000 7.40738
5170000 7.43464
5171000 7.41998
5172000 7.41881
5173000 7.42737
5174000 7.40672
5175000 7.43629
5176000 7.41598
5177000 7.41049
5178000 7.43768
5179000 7.41368
5180000 7.43454
5181000 7.42631
5182000 7.41916
5183000 7.4398
5184000 7.41575
5185000 7.4376
5186000 7.43387
5187000 7.4226
5188000 7.44445
5189000 7.41275
5190000 7.43388
5191000 7.43147
5192000 7.41525
5193000 7.44723
5194000 7.41451
5195000 7.42585
5196000 7.44525
5197000 7.42208
5198000 7.44466
5199000 7.4236
5200000 7.43724
5201000 7.44692
5202000 7.42531
5203000 7.43942
5204000 7.42929
5205000 7.42
5206000 7.44856
5207000 7.42305
5208000 7.44242
5209000 7.45433
5210000 7.43224
5211000 7.46133
5212000 7.44365
5213000 7.45306
5214000 7.46454
5215000 7.4454
5216000 7.46489
5217000 7.45386
5218000 7.45644
5219000 7.45948
5220000 7.44292
5221000 7.46964
5222000 7.44872
5223000 7.4579
5224000 7.47184
5225000 7.44212
5226000 7.4702
5227000 7.44935
5228000 7.44833
5229000 7.47622
5230000 7.437
5231000 7.4654
5232000 7.45822
5233000 7.43596
5234000 7.47133
5235000 7.42992
5236000 7.44792
5237000 7.4548
5238000 7.41977
5239000 7.4609
5240000 7.44421
5241000 7.4351
5242000 7.47346
5243000 7.41538
5244000 7.45334
5245000 7.44578
5246000 7.43185
5247000 7.46066
5248000 7.43238
5249000 7.45171
5250000 7.46294
5251000 7.43639
5252000 7.46999
5253000 7.4389
5254000 7.44572
5255000 7.47339
5256000 7.43468
5257000 7.47567
5258000 7.45147
5259000 7.45497
5260000 7.47974
5261000 7.4497
5262000 7.477
5263000 7.45968
5264000 7.45492
5265000 7.47571
5266000 7.44788
5267000 7.46204
5268000 7.46823
5269000 7.45387
5270000 7.48717
5271000 7.46023
5272000 7.47
5273000 7.48197
5274000 7.4517
5275000 7.48302
5276000 7.45472
5277000 7.46693
5278000 7.47815
5279000 7.46332
5280000 7.48814
5281000 7.46412
5282000 7.4759
5283000 7.4782
5284000 7.45399
5285000 7.48716
5286000 7.44837
5287000 7.46175
5288000 7.46901
5289000 7.4475
5290000 7.479
5291000 7.44962
5292000 7.45809
5293000 7.46175
5294000 7.44337
5295000 7.46403
5296000 7.45071
5297000 7.45345
5298000 7.46994
5299000 7.446
5300000 7.46905
5301000 7.45068
5302000 7.44551
5303000 7.46481
5304000 7.43923
5305000 7.46209
5306000 7.46192
5307000 7.44419
5308000 7.47049
5309000 7.44921
5310000 7.46214
5311000 7.47752
5312000 7.45349
5317000 7.62953
5318000 7.59715
5319000 7.61248
5320000 7.61541
5321000 7.59605
5322000 7.62619
5323000 7.60171
5324000 7.60515
5325000 7.61245
5326000 7.5893
5327000 7.61897
5328000 7.59105
5329000 7.60118
5330000 7.60693
5331000 7.5893
5332000 7.61541
5333000 7.58734
5334000 7.59582
5335000 7.6093
5336000 7.59457
5337000 7.62488
5338000 7.59585
5339000 7.6159
5340000 7.62484
5341000 7.6143
5342000 7.62615
5343000 7.61333
5344000 7.61199
5345000 7.62632
5346000 7.61091
5347000 7.6122
5348000 7.61877
5349000 7.60539
5350000 7.62801
5351000 7.62319
5352000 7.62065
5353000 7.62909
5354000 7.61315
5355000 7.6337
5356000 7.62142
5357000 7.63284
5358000 7.64661
5359000 7.6265
5360000 7.65104
5361000 7.64032
5362000 7.63604
5363000 7.6528
5364000 7.62877
5365000 7.65231
5366000 7.64386
5367000 7.63401
5368000 7.65819
5369000 7.63808
5370000 7.651
5371000 7.66506
5372000 7.64319
5373000 7.65943
5374000 7.65718
5375000 7.6478
5376000 7.66958
5377000 7.64271
5378000 7.6559
5379000 7.6723
5380000 7.65037
5381000 7.67599
5382000 7.65755
5383000 7.65531
5384000 7.67127
5385000 7.66554
5386000 7.67619
5387000 7.66262
5388000 7.66355
5389000 7.67126
5390000 7.66003
5391000 7.67044
5392000 7.66904
5393000 7.66137
5394000 7.67592
5395000 7.65981
5396000 7.67486
5397000 7.67936
5398000 7.66292
5399000 7.69552
5400000 7.67318
5401000 7.67067
5402000 7.6893
5403000 7.66368
5404000 7.68388
5405000 7.66587
5406000 7.67194
5407000 7.67385
5408000 7.67046
5409000 7.67685
5410000 7.67204
5411000 7.67722
5412000 7.67084
5413000 7.66972
5414000 7.67433
5415000 7.67269
5416000 7.66495
5417000 7.68084
5418000 7.65452
5419000 7.66956
5420000 7.67473
5421000 7.66649
5422000 7.67224
5423000 7.66499
5424000 7.6661
5425000 7.67084
5426000 7.65358
5427000 7.66593
5428000 7.65775
5429000 7.66455
5430000 7.67561
5431000 7.67038
5432000 7.67303
5433000 7.66595
5434000 7.65886
5435000 7.67262
5436000 7.65338
5437000 7.65741
5438000 7.65877
5439000 7.65882
5440000 7.67686
5441000 7.66147
5442000 7.67987
5443000 7.67461
5444000 7.66484
5445000 7.68761
5446000 7.66134
5447000 7.68325
5448000 7.67028
5449000 7.65918
5450000 7.69094
5451000 7.67083
5452000 7.68761
5453000 7.67606
5454000 7.66692
5455000 7.69051
5456000 7.66978
5457000 7.67883
5458000 7.68296
5459000 7.66795
5460000 7.71268
5461000 7.68504
5462000 7.69921
5463000 7.70497
5464000 7.68566
5465000 7.70694
5466000 7.70134
5467000 7.6895
5468000 7.7054
5469000 7.69511
5470000 7.71341
5471000 7.71329
5472000 7.70312
5473000 7.71877
5474000 7.70636
5475000 7.722
5476000 7.71941
5477000 7.70695
5478000 7.73001
5479000 7.70554
5480000 7.72659
5481000 7.74069
5482000 7.71797
5483000 7.73968
5484000 7.72248
5485000 7.73156
5486000 7.73732
5487000 7.71561
5488000 7.73569
5489000 7.72613
5490000 7.73121
5491000 7.74119
5492000 7.7187
5493000 7.73954
5494000 7.72536
5495000 7.7247
5496000 7.7407
5497000 7.71187
5498000 7.74092
5499000 7.72067
5500000 7.72085
5501000 7.74043
5502000 7.7129
5503000 7.73872
5504000 7.72464
5505000 7.7213
5506000 7.75326
5507000 7.71862
5508000 7.74184
5509000 7.74287
5510000 7.72747
5511000 7.76424
5512000 7.73676
5513000 7.74873
5514000 7.74619
5515000 7.72835
5516000 7.75644
5517000 7.73875
5518000 7.75432
5519000 7.75499
5520000 7.72793
5521000 7.76279
5522000 7.7283
5523000 7.73814
5524000 7.74896
5525000 7.72278
5526000 7.75564
5527000 7.73795
5528000 7.73588
5529000 7.76025
5530000 7.74061
5531000 7.75954
5532000 7.74851
5533000 7.73843
5534000 7.74843
5535000 7.73539
5536000 7.74714
5537000 7.74383
5538000 7.73017
5539000 7.75671
5540000 7.74081
5541000 7.74697
5542000 7.74861
5543000 7.7227
5544000 7.74942
5545000 7.73581
5546000 7.73536
5547000 7.74851
5548000 7.72981
5549000 7.74256
5550000 7.73838
5551000 7.74012
5552000 7.74473
5553000 7.74136
5554000 7.74422
5555000 7.74185
5556000 7.74915
5557000 7.74926
5558000 7.75732
5559000 7.75586
5560000 7.75355
5561000 7.76098
5562000 7.76709
5563000 7.75412
5564000 7.76746
5565000 7.75616
5566000 7.77663
5567000 7.7569
5568000 7.76136
5569000 7.77069
5570000 7.76493
5571000 7.76918
5572000 7.77344
5573000 7.76669
5574000 7.7796
5575000 7.77
5576000 7.76865
5577000 7.77806
5578000 7.77336
5579000 7.77937
5580000 7.78278
5581000 7.78717
5582000 7.79196
5583000 7.77968
5584000 7.78456
5585000 7.79339
5586000 7.7882
5587000 7.80001
5588000 7.77241
5589000 7.7912
5590000 7.79201
5591000 7.78994
5592000 7.79617
5593000 7.79098
5594000 7.78241
5595000 7.78878
5596000 7.7815
5597000 7.78352
5598000 7.77989
5599000 7.7811
5600000 7.78863
5601000 7.78321
5602000 7.78237
5603000 7.7664
5604000 7.77625
5605000 7.77369
5606000 7.77378
5607000 7.78537
5608000 7.77049
5609000 7.78549
5610000 7.78716
5611000 7.77069
5612000 7.77998
5613000 7.77873
5614000 7.77282
5615000 7.78668
5616000 7.77794
5617000 7.78545
5618000 7.78454
5619000 7.76893
5620000 7.80369
5621000 7.78207
5622000 7.78552
5623000 7.8031
5624000 7.77398
5625000 7.81189
5626000 7.78779
5627000 7.78281
5628000 7.80622
5629000 7.77229
5630000 7.79683
5631000 7.79562
5632000 7.78583
5633000 7.80426
5634000 7.79168
5635000 7.80124
5636000 7.805
5637000 7.79525
5638000 7.80798
5639000 7.80193
5640000 7.80756
5641000 7.80357
5642000 7.7926
5643000 7.80837
5644000 7.79703
5645000 7.79766
5646000 7.81662
5647000 7.7904
5648000 7.81653
5649000 7.8105
5650000 7.80243
5651000 7.83602
5652000 7.78974
5653000 7.82425
5654000 7.82889
5655000 7.79635
5656000 7.83219
5657000 7.80515
5658000 7.82417
5659000 7.8398
5660000 7.80885
5661000 7.84019
5662000 7.81758
5663000 7.82264
5664000 7.84845
5665000 7.81039
5666000 7.84266
5667000 7.82845
5668000 7.82242
5669000 7.84083
5670000 7.81904
5671000 7.83311
5672000 7.83623
5673000 7.8201
5674000 7.8478
5675000 7.82268
5676000 7.82941
5677000 7.84474
5678000 7.80779
5679000 7.84408
5680000 7.82624
5681000 7.82726
5682000 7.83159
5683000 7.79391
5684000 7.83451
5685000 7.81375
5686000 7.81445
5687000 7.84827
5688000 7.79832
5689000 7.83905
5690000 7.83695
5691000 7.81723
5692000 7.86442
5693000 7.81291
5694000 7.84174
5695000 7.84263
5696000 7.80994
5697000 7.86212
5698000 7.82242
5699000 7.84032
5700000 7.84937
5701000 7.82002
5702000 7.86169
5703000 7.82154
5704000 7.84208
5705000 7.84866
5706000 7.82885
5707000 7.8587
5708000 7.83871
5709000 7.85737
5710000 7.85985
5711000 7.85239
5712000 7.86337
5713000 7.83466
5714000 7.85461
5715000 7.85041
5716000 7.84657
5717000 7.86429
5718000 7.84636
5719000 7.86145
5720000 7.86451
5721000 7.86062
5722000 7.8678
5723000 7.86227
5724000 7.85478
5725000 7.86001
5726000 7.86793
5727000 7.86052
5728000 7.86331
5729000 7.87739
5730000 7.8668
5731000 7.88056
5732000 7.88107
5733000 7.87187
5734000 7.88725
5735000 7.87968
5736000 7.8812
5737000 7.89507
5738000 7.87031
5739000 7.88132
5740000 7.88155
5741000 7.8751
5742000 7.88435
5743000 7.87421
5744000 7.87902
5745000 7.87922
5746000 7.86243
5747000 7.87698
5748000 7.87024
5749000 7.88219
5750000 7.88511
5751000 7.88276
5752000 7.88415
5753000 7.87292
5754000 7.88084
5755000 7.88756
5756000 7.88294
5757000 7.88151
5758000 7.89673
5759000 7.89069
5760000 7.88587
5761000 7.89731
5762000 7.87351
5763000 7.88034
5764000 7.87173
5765000 7.87843
5766000 7.89217
5767000 7.86889
5768000 7.89044
5769000 7.88907
5770000 7.88404
5771000 7.90338
5772000 7.86894
5773000 7.89757
5774000 7.89603
5775000 7.87752
5776000 7.91618
5777000 7.87448
5778000 7.89282
5779000 7.90368
5780000 7.86647
5781000 7.91043
5782000 7.89459
5783000 7.89452
5784000 7.91731
5785000 7.88039
5786000 7.92487
5787000 7.89454
5788000 7.89331
5789000 7.92312
5790000 7.88428
5791000 7.91691
5792000 7.91025
5793000 7.88317
5794000 7.92919
5795000 7.88113
5796000 7.91159
5797000 7.89965
5798000 7.89841
5799000 7.92097
5800000 7.90464
5801000 7.91968
5802000 7.90481
5803000 7.90243
5804000 7.92074
5805000 7.90988
5806000 7.92139
5807000 7.91291
5808000 7.90489
5809000 7.91996
5810000 7.90771
5811000 7.91592
5812000 7.91332
5813000 7.90907
5814000 7.91672
5815000 7.90976
5816000 7.9233
5817000 7.90672
5818000 7.91037
5819000 7.92043
5820000 7.90932
5821000 7.92258
5822000 7.91902
5823000 7.9098
5824000 7.90939
5825000 7.92005
5826000 7.91392
5827000 7.92221
5828000 7.90858
5829000 7.9281
5830000 7.92811
5831000 7.92683
5832000 7.93361
5833000 7.91855
5834000 7.92561
5835000 7.9275
5836000 7.92617
5837000 7.93375
5838000 7.92448
5839000 7.94165
5840000 7.93792
5841000 7.92555
5842000 7.92929
5843000 7.92253
5844000 7.92816
5845000 7.93081
5846000 7.92998
5847000 7.93112
5848000 7.93329
5849000 7.93771
5850000 7.94358
5851000 7.94642
5852000 7.94561
5853000 7.94288
5854000 7.94563
5855000 7.95115
5856000 7.93947
5857000 7.95253
5858000 7.94236
5859000 7.94837
5860000 7.95771
5861000 7.95418
5862000 7.96763
5863000 7.95123
5864000 7.9522
5865000 7.95593
5866000 7.94805
5867000 7.96229
5868000 7.95091
5869000 7.94609
5870000 7.96152
5871000 7.93856
5872000 7.96309
5873000 7.93807
5874000 7.95908
5875000 7.96166
5876000 7.94671
5877000 7.96556
5878000 7.95358
5879000 7.95699
5880000 7.96104
5881000 7.95151
5882000 7.96184
5883000 7.95567
5884000 7.95234
5885000 7.96069
5886000 7.96302
5887000 7.95359
5888000 7.9624
5889000 7.96936
5890000 7.96251
5891000 7.97443
5892000 7.95527
5893000 7.97384
5894000 7.96677
5895000 7.96326
5896000 7.96385
5897000 7.94694
5898000 7.97909
5899000 7.9627
5900000 7.97178
5901000 7.96103
5902000 7.96711
5903000 7.97433
5904000 7.95025
5905000 7.97976
5906000 7.96519
5907000 7.9638
5908000 7.97442
5909000 7.96725
5910000 7.97985
5911000 7.96527
5912000 7.96831
5913000 7.96062
5914000 7.96528
5915000 7.96686
5916000 7.96255
5917000 7.95844
5918000 7.96176
5919000 7.96815
5920000 7.95812
5921000 7.97239
5922000 7.95771
5923000 7.97367
5924000 7.9641
5925000 7.97121
5926000 7.96739
5927000 7.96867
5928000 7.98431
5929000 7.95823
5930000 7.98113
5931000 7.97314
5932000 7.96702
5933000 7.98202
5934000 7.95898
5935000 7.9834
5936000 7.97463
5937000 7.96309
5938000 7.99217
5939000 7.96724
5940000 7.97479
5941000 7.99826
5942000 7.96453
5943000 7.98624
5944000 7.98505
5945000 7.97131
5946000 8.01039
5947000 7.97098
5948000 8.00082
5949000 8.00383
5950000 7.98746
5951000 8.02197
5952000 7.98838
5953000 8.00487
5954000 8.01504
5955000 7.9883
5956000 8.02696
5957000 8.01325
5958000 8.00281
5959000 8.02828
5960000 7.99873
5961000 8.03477
5962000 8.01913
5963000 8.01722
5964000 8.03896
5965000 8.00771
5966000 8.02607
5967000 8.01883
5968000 8.01374
5969000 8.04366
5970000 8.02734
5971000 8.02462
5972000 8.03439
5973000 8.01895
5974000 8.04021
5975000 8.03125
5976000 8.01796
5977000 8.03412
5978000 8.02826
5979000 8.04507
5980000 8.03773
5981000 8.04683
5982000 8.05631
5983000 8.03433
5984000 8.05646
5985000 8.05562
5986000 8.04763
5987000 8.06289
5988000 8.04218
5989000 8.0637
5990000 8.0629
5991000 8.05688
5992000 8.0672
5993000 8.06318
5994000 8.0637
5995000 8.07158
5996000 8.0652
5997000 8.07196
5998000 8.07394
5999000 8.06618
6000000 8.07308
6001000 8.0723
6002000 8.06473
6003000 8.07051
6004000 8.05854
6005000 8.05935
6006000 8.05766
6007000 8.06211
6008000 8.06842
