2000   120
3000   110
4000   99
5000   94
6000   90
7000   91
8000   80
9000   73
10000   60
11000   76
12000   71
13000   81
14000   63
15000   88
16000   71
17000   79
18000   70
19000   78
20000   68
21000   79
22000   80
23000   65
24000   74
25000   69
26000   75
27000   66
28000   76
29000   52
30000   71
31000   69
32000   70
33000   74
34000   90
35000   76
36000   68
37000   77
38000   76
39000   77
40000   57
41000   73
42000   68
43000   59
44000   66
45000   73
46000   79
47000   67
48000   70
49000   65
50000   69
51000   65
52000   77
53000   71
54000   78
55000   54
56000   65
57000   69
58000   53
59000   66
60000   76
61000   68
62000   80
63000   68
64000   64
65000   56
66000   66
67000   78
68000   76
69000   82
70000   60
71000   57
72000   68
73000   75
74000   64
75000   72
76000   61
77000   58
78000   81
79000   64
80000   72
81000   68
82000   55
83000   65
84000   74
85000   67
86000   67
87000   66
88000   57
89000   62
90000   69
91000   60
92000   83
93000   76
94000   60
95000   66
96000   75
97000   54
98000   69
99000   70
100000   71
101000   62
102000   56
103000   66
104000   60
105000   63
106000   62
107000   65
108000   72
109000   63
110000   74
111000   60
112000   56
113000   81
114000   67
115000   66
116000   69
117000   56
118000   75
119000   65
120000   68
121000   68
122000   65
123000   63
124000   67
125000   66
126000   63
127000   62
128000   63
129000   88
130000   78
131000   67
132000   64
133000   74
134000   79
135000   80
136000   71
137000   61
138000   69
139000   67
140000   71
141000   57
142000   57
143000   70
144000   65
145000   75
146000   67
147000   73
148000   56
149000   76
150000   71
151000   64
152000   70
153000   63
154000   65
155000   63
156000   70
157000   56
158000   58
159000   67
160000   57
161000   58
162000   59
163000   68
164000   60
165000   73
166000   72
167000   60
168000   48
169000   77
170000   65
171000   60
172000   62
173000   57
174000   70
175000   57
176000   56
177000   66
178000   71
179000   67
180000   66
181000   74
182000   63
183000   69
184000   68
185000   53
186000   59
187000   53
188000   65
189000   53
190000   62
191000   72
192000   76
193000   55
194000   68
195000   49
196000   63
197000   74
198000   60
199000   68
200000   74
201000   58
202000   58
203000   61
204000   68
205000   64
206000   49
207000   60
208000   77
209000   77
210000   57
211000   57
212000   69
213000   66
214000   64
215000   66
216000   73
217000   63
218000   66
219000   56
220000   64
221000   66
222000   56
223000   71
224000   60
225000   54
226000   72
227000   58
228000   64
229000   73
230000   49
231000   75
232000   76
233000   54
234000   58
235000   67
236000   69
237000   78
238000   63
239000   76
240000   67
241000   68
242000   60
243000   71
244000   70
245000   56
246000   67
247000   67
248000   60
249000   53
250000   81
251000   67
252000   66
253000   72
254000   71
255000   53
256000   54
257000   61
258000   46
259000   70
260000   60
261000   71
262000   66
263000   60
264000   55
265000   59
266000   69
267000   44
268000   64
269000   70
270000   50
271000   75
272000   70
273000   57
274000   75
275000   71
276000   79
277000   77
278000   61
279000   58
280000   70
281000   64
282000   59
283000   77
284000   60
285000   69
286000   51
287000   72
288000   69
289000   75
290000   74
291000   57
292000   75
293000   63
294000   70
295000   68
296000   65
297000   66
298000   52
299000   71
300000   67
301000   75
302000   60
303000   61
304000   73
305000   52
306000   67
307000   55
308000   73
309000   66
310000   63
311000   70
312000   58
313000   81
314000   68
315000   62
316000   60
317000   63
318000   57
319000   70
320000   73
321000   74
322000   74
323000   52
324000   61
325000   67
326000   67
327000   65
328000   70
329000   63
330000   71
331000   60
332000   60
333000   64
334000   54
335000   63
336000   82
337000   66
338000   46
339000   69
340000   56
341000   73
342000   61
343000   79
344000   55
345000   51
346000   69
347000   64
348000   60
349000   56
350000   55
351000   71
352000   77
353000   86
354000   74
355000   54
356000   56
357000   69
358000   66
359000   58
360000   64
361000   76
362000   69
363000   57
364000   80
365000   73
366000   72
367000   65
368000   65
369000   63
370000   84
371000   78
372000   61
373000   60
374000   69
375000   55
376000   57
377000   63
378000   76
379000   61
380000   69
381000   61
382000   58
383000   68
384000   65
385000   65
386000   64
387000   56
388000   50
389000   59
390000   62
391000   76
392000   75
393000   64
394000   68
395000   57
396000   55
397000   62
398000   65
399000   74
400000   57
401000   66
402000   56
403000   59
404000   84
405000   61
406000   64
407000   51
408000   55
409000   41
410000   62
411000   80
412000   84
413000   65
414000   71
415000   65
416000   73
417000   72
418000   54
419000   77
420000   58
421000   74
422000   54
423000   75
424000   68
425000   71
426000   75
427000   78
428000   72
429000   74
430000   63
431000   84
432000   68
433000   79
434000   78
435000   67
436000   77
437000   63
438000   61
439000   81
440000   71
441000   61
442000   67
443000   88
444000   64
445000   71
446000   61
447000   73
448000   65
449000   65
450000   61
451000   69
452000   57
453000   61
454000   72
455000   74
456000   63
457000   62
458000   71
459000   67
460000   67
461000   72
462000   70
463000   68
464000   48
465000   54
466000   62
467000   67
468000   80
469000   63
470000   66
471000   70
472000   66
473000   80
474000   64
475000   61
476000   54
477000   50
478000   64
479000   80
480000   81
481000   65
482000   82
483000   80
484000   76
485000   81
486000   63
487000   82
488000   84
489000   70
490000   56
491000   64
492000   54
493000   71
494000   76
495000   75
496000   78
497000   85
498000   70
499000   71
500000   73
501000   74
502000   66
503000   75
504000   74
505000   77
506000   65
507000   64
508000   80
509000   63
510000   68
511000   69
512000   67
513000   74
514000   86
515000   68
516000   90
517000   65
518000   66
519000   56
520000   81
521000   74
522000   67
523000   74
524000   64
525000   69
526000   71
527000   78
528000   83
529000   46
530000   66
531000   64
532000   60
533000   71
534000   89
535000   79
536000   56
537000   69
538000   78
539000   64
540000   75
541000   66
542000   84
543000   62
544000   87
545000   77
546000   73
547000   70
548000   66
549000   59
550000   60
551000   78
552000   76
553000   53
554000   79
555000   77
556000   74
557000   70
558000   57
559000   78
560000   77
561000   83
562000   90
563000   84
564000   94
565000   62
566000   76
567000   65
568000   69
569000   61
570000   68
571000   75
572000   79
573000   78
574000   76
575000   87
576000   61
577000   86
578000   76
579000   66
580000   77
581000   70
582000   55
583000   74
584000   83
585000   58
586000   63
587000   53
588000   82
589000   60
590000   51
591000   61
592000   66
593000   56
594000   64
595000   68
596000   75
597000   67
598000   72
599000   72
600000   68
601000   72
602000   65
603000   77
604000   75
605000   76
606000   56
607000   75
608000   69
609000   72
610000   59
611000   80
612000   66
613000   70
614000   70
615000   63
616000   86
617000   68
618000   72
619000   65
620000   75
621000   63
622000   49
623000   69
624000   61
625000   65
626000   62
627000   69
628000   57
629000   70
630000   64
631000   81
632000   70
633000   71
634000   83
635000   82
636000   65
637000   61
638000   64
639000   67
640000   66
641000   75
642000   76
643000   75
644000   66
645000   61
646000   62
647000   88
648000   80
649000   73
650000   75
651000   69
652000   69
653000   63
654000   77
655000   74
656000   84
657000   82
658000   66
659000   83
660000   68
661000   80
662000   78
663000   69
664000   76
665000   70
666000   74
667000   82
668000   90
669000   79
670000   84
671000   78
672000   61
673000   85
674000   76
675000   62
676000   72
677000   77
678000   71
679000   64
680000   75
681000   79
682000   75
683000   74
684000   67
685000   62
686000   69
687000   86
688000   70
689000   75
690000   69
691000   91
692000   69
693000   68
694000   71
695000   73
696000   73
697000   74
698000   75
699000   82
700000   83
701000   76
702000   74
703000   73
704000   78
705000   70
706000   71
707000   77
708000   88
709000   72
710000   68
711000   79
712000   68
713000   73
714000   83
715000   77
716000   65
717000   82
718000   71
719000   73
720000   90
721000   68
722000   68
723000   75
724000   79
725000   82
726000   76
727000   66
728000   83
729000   85
730000   79
731000   73
732000   68
733000   79
734000   68
735000   80
736000   67
737000   72
738000   79
739000   79
740000   85
741000   93
742000   84
743000   80
744000   79
745000   77
746000   76
747000   61
748000   84
749000   93
750000   100
751000   74
752000   81
753000   76
754000   79
755000   79
756000   82
757000   72
758000   70
759000   79
760000   85
761000   71
762000   78
763000   73
764000   77
765000   88
766000   88
767000   77
768000   74
769000   85
770000   71
771000   82
772000   77
773000   70
774000   76
775000   90
776000   63
777000   73
778000   83
779000   81
780000   70
781000   80
782000   75
783000   71
784000   83
785000   64
786000   78
787000   95
788000   77
789000   97
790000   60
791000   83
792000   69
793000   89
794000   79
795000   67
796000   81
797000   80
798000   87
799000   93
800000   74
801000   72
802000   92
803000   88
804000   79
805000   82
806000   86
807000   92
808000   77
809000   90
810000   77
811000   78
812000   65
813000   81
814000   84
815000   63
816000   86
817000   83
818000   79
819000   74
820000   72
821000   85
822000   82
823000   84
824000   80
825000   81
826000   86
827000   67
828000   87
829000   72
830000   76
831000   84
832000   66
833000   93
834000   79
835000   74
836000   82
837000   81
838000   67
839000   80
840000   66
841000   90
842000   81
843000   81
844000   76
845000   84
846000   101
847000   82
848000   80
849000   72
850000   73
851000   90
852000   76
853000   101
854000   88
855000   88
856000   87
857000   67
858000   75
859000   91
860000   92
861000   71
862000   74
863000   85
864000   83
865000   80
866000   67
867000   95
868000   81
869000   66
870000   82
871000   83
872000   86
873000   76
874000   95
875000   82
876000   79
877000   91
878000   80
879000   86
880000   76
881000   90
882000   92
883000   79
884000   81
885000   78
886000   75
887000   84
888000   86
889000   81
890000   89
891000   99
892000   88
893000   83
894000   77
895000   81
896000   87
897000   78
898000   89
899000   86
900000   84
901000   72
902000   84
903000   83
904000   79
905000   87
906000   91
907000   95
908000   85
909000   102
910000   69
911000   83
912000   88
913000   84
914000   89
915000   69
916000   72
917000   73
918000   85
919000   85
920000   86
921000   88
922000   62
923000   88
924000   84
925000   76
926000   92
927000   97
928000   84
929000   87
930000   89
931000   89
932000   78
933000   84
934000   98
935000   88
936000   82
937000   95
938000   75
939000   79
940000   81
941000   93
942000   67
943000   87
944000   76
945000   83
946000   74
947000   81
948000   85
949000   72
950000   91
951000   91
952000   88
953000   94
954000   72
955000   81
956000   88
957000   90
958000   78
959000   90
960000   89
961000   92
962000   79
963000   90
964000   81
965000   83
966000   106
967000   96
968000   86
969000   91
970000   87
971000   80
972000   85
973000   80
974000   85
975000   100
976000   81
977000   90
978000   74
979000   90
980000   101
981000   85
982000   84
983000   97
984000   69
985000   100
986000   101
987000   87
988000   84
989000   85
990000   98
991000   86
992000   101
993000   80
994000   92
995000   82
996000   70
997000   73
998000   67
999000   107
1000000   105
1001000   90
1002000   93
1003000   67
1004000   76
1005000   74
1006000   92
1007000   92
1008000   95
1009000   79
1010000   98
1011000   94
1012000   86
1013000   92
1014000   82
1015000   96
1016000   99
1017000   85
1018000   81
1019000   76
1020000   86
1021000   72
1022000   86
1023000   80
1024000   99
1025000   77
1026000   84
1027000   106
1028000   95
1029000   84
1030000   82
1031000   89
1032000   90
1033000   74
1034000   96
1035000   93
1036000   88
1037000   74
1038000   88
1039000   80
1040000   85
1041000   88
1042000   86
1043000   68
1044000   92
1045000   94
1046000   90
1047000   95
1048000   83
1049000   85
1050000   92
1051000   100
1052000   92
1053000   85
1054000   77
1055000   92
1056000   89
1057000   89
1058000   77
1059000   86
1060000   85
1061000   95
1062000   98
1063000   98
1064000   94
1065000   88
1066000   86
1067000   81
1068000   98
1069000   80
1070000   93
1071000   94
1072000   97
1073000   89
1074000   93
1075000   98
1076000   72
1077000   100
1078000   90
1079000   83
1080000   93
1081000   103
1082000   93
1083000   109
1084000   88
1085000   92
1086000   88
1087000   102
1088000   84
1089000   96
1090000   87
1091000   81
1092000   84
1093000   75
1094000   93
1095000   79
1096000   79
1097000   97
1098000   104
1099000   89
1100000   91
1101000   81
1102000   96
1103000   93
1104000   82
1105000   83
1106000   98
1107000   94
1108000   85
1109000   84
1110000   83
1111000   96
1112000   100
1113000   101
1114000   79
1115000   97
1116000   96
1117000   91
1118000   96
1119000   85
1120000   90
1121000   99
1122000   103
1123000   88
1124000   95
1125000   96
1126000   96
1127000   84
1128000   85
1129000   102
1130000   84
1131000   84
1132000   99
1133000   89
1134000   90
1135000   73
1136000   91
1137000   106
1138000   82
1139000   84
1140000   88
1141000   96
1142000   83
1143000   86
1144000   103
1145000   81
1146000   100
1147000   90
1148000   106
1149000   111
1150000   89
1151000   105
1152000   89
1153000   105
1154000   89
1155000   105
1156000   95
1157000   88
1158000   83
1159000   85
1160000   88
1161000   104
1162000   109
1163000   89
1164000   104
1165000   81
1166000   94
1167000   100
1168000   118
1169000   98
1170000   78
1171000   99
1172000   82
1173000   92
1174000   98
1175000   77
1176000   83
1177000   88
1178000   90
1179000   95
1180000   108
1181000   97
1182000   77
1183000   85
1184000   85
1185000   117
1186000   96
1187000   98
1188000   103
1189000   85
1190000   87
1191000   94
1192000   104
1193000   85
1194000   101
1195000   87
1196000   78
1197000   82
1198000   100
1199000   89
1200000   110
1201000   92
1202000   91
1203000   89
1204000   105
1205000   86
1206000   98
1207000   110
1208000   89
1209000   107
1210000   82
1211000   88
1212000   99
1213000   95
1214000   82
1215000   89
1216000   89
1217000   107
1218000   88
1219000   84
1220000   115
1221000   109
1222000   83
1223000   112
1224000   99
1225000   100
1226000   79
1227000   94
1228000   101
1229000   113
1230000   100
1231000   110
1232000   103
1233000   101
1234000   108
1235000   97
1236000   74
1237000   89
1238000   103
1239000   120
1240000   113
1241000   89
1242000   97
1243000   104
1244000   83
1245000   93
1246000   107
1247000   114
1248000   89
1249000   87
1250000   112
1251000   92
1252000   99
1253000   81
1254000   102
1255000   108
1256000   94
1257000   120
1258000   97
1259000   89
1260000   88
1261000   87
1262000   73
1263000   104
1264000   88
1265000   96
1266000   101
1267000   86
1268000   92
1269000   98
1270000   82
1271000   113
1272000   82
1273000   105
1274000   100
1275000   84
1276000   81
1277000   98
1278000   98
1279000   98
1280000   93
1281000   90
1282000   103
1283000   124
1284000   78
1285000   106
1286000   106
1287000   85
1288000   105
1289000   89
1290000   77
1291000   85
1292000   91
1293000   96
1294000   99
1295000   105
1296000   91
1297000   95
1298000   92
1299000   87
1300000   86
1301000   82
1302000   88
1303000   96
1304000   83
1305000   81
1306000   103
1307000   105
1308000   86
1309000   97
1310000   99
1311000   101
1312000   93
1313000   129
1314000   95
1315000   93
1316000   100
1317000   100
1318000   94
1319000   86
1320000   94
1321000   104
1322000   102
1323000   105
1324000   97
1325000   101
1326000   98
1327000   106
1328000   90
1329000   98
1330000   110
1331000   97
1332000   109
1333000   116
1334000   96
1335000   105
1336000   96
1337000   97
1338000   99
1339000   95
1340000   100
1341000   106
1342000   101
1343000   85
1344000   95
1345000   93
1346000   96
1347000   85
1348000   91
1349000   98
1350000   81
1351000   99
1352000   95
1353000   85
1354000   110
1355000   114
1356000   97
1357000   109
1358000   95
1359000   97
1360000   113
1361000   104
1362000   93
1363000   93
1364000   91
1365000   93
1366000   102
1367000   96
1368000   112
1369000   107
1370000   101
1371000   100
1372000   78
1373000   101
1374000   100
1375000   101
1376000   115
1377000   103
1378000   124
1379000   120
1380000   107
1381000   97
1382000   87
1383000   105
1384000   100
1385000   103
1386000   95
1387000   104
1388000   105
1389000   94
1390000   95
1391000   92
1392000   96
1393000   105
1394000   109
1395000   108
1396000   102
1397000   94
1398000   93
1399000   101
1400000   87
1401000   99
1402000   104
1403000   112
1404000   89
1405000   122
1406000   116
1407000   118
1408000   84
1409000   108
1410000   98
1411000   114
1412000   118
1413000   116
1414000   89
1415000   111
1416000   101
1417000   111
1418000   99
1419000   115
1420000   91
1421000   97
1422000   97
1423000   92
1424000   97
1425000   99
1426000   93
1427000   119
1428000   106
1429000   111
1430000   125
1431000   111
1432000   96
1433000   105
1434000   107
1435000   118
1436000   84
1437000   116
1438000   110
1439000   113
1440000   124
1441000   105
1442000   100
1443000   107
1444000   97
1445000   110
1446000   115
1447000   99
1448000   108
1449000   105
1450000   103
1451000   99
1452000   106
1453000   120
1454000   100
1455000   107
1456000   101
1457000   99
1458000   99
1459000   102
1460000   97
1461000   117
1462000   87
1463000   111
1464000   88
1465000   107
1466000   100
1467000   99
1468000   121
1469000   100
1470000   85
1471000   99
1472000   96
1473000   106
1474000   102
1475000   113
1476000   101
1477000   105
1478000   107
1479000   107
1480000   102
1481000   103
1482000   78
1483000   115
1484000   103
1485000   122
1486000   98
1487000   112
1488000   103
1489000   96
1490000   94
1491000   117
1492000   82
1493000   112
1494000   96
1495000   105
1496000   106
1497000   115
1498000   121
1499000   89
1500000   103
1501000   115
1502000   124
1503000   92
1504000   108
1505000   114
1506000   110
1507000   90
1508000   114
1509000   112
1510000   114
1511000   107
1512000   98
1513000   117
1514000   104
1515000   97
1516000   105
1517000   101
1518000   99
1519000   92
1520000   95
1521000   112
1522000   129
1523000   104
1524000   115
1525000   126
1526000   95
1527000   102
1528000   111
1529000   112
1530000   97
1531000   111
1532000   112
1533000   106
1534000   130
1535000   97
1536000   116
1537000   109
1538000   95
1539000   108
1540000   90
1541000   97
1542000   106
1543000   110
1544000   109
1545000   92
1546000   94
1547000   128
1548000   92
1549000   91
1550000   104
1551000   119
1552000   103
1553000   109
1554000   129
1555000   104
1556000   104
1557000   106
1558000   103
1559000   103
1560000   119
1561000   106
1562000   95
1563000   131
1564000   93
1565000   104
1566000   113
1567000   117
1568000   98
1569000   119
1570000   107
1571000   116
1572000   102
1573000   124
1574000   121
1575000   99
1576000   117
1577000   113
1578000   128
1579000   114
1580000   112
1581000   114
1582000   118
1583000   78
1584000   120
1585000   118
1586000   117
1587000   139
1588000   112
1589000   95
1590000   102
1591000   123
1592000   106
1593000   122
1594000   115
1595000   104
1596000   110
1597000   109
1598000   98
1599000   113
1600000   115
1601000   114
1602000   114
1603000   107
1604000   114
1605000   103
1606000   112
1607000   103
1608000   119
1609000   110
1610000   126
1611000   134
1612000   111
1613000   100
1614000   117
1615000   85
1616000   100
1617000   121
1618000   98
1619000   114
1620000   110
1621000   109
1622000   127
1623000   112
1624000   93
1625000   105
1626000   112
1627000   106
1628000   119
1629000   120
1630000   120
1631000   117
1632000   110
1633000   104
1634000   114
1635000   106
1636000   109
1637000   98
1638000   107
1639000   135
1640000   116
1641000   119
1642000   110
1643000   117
1644000   104
1645000   96
1646000   99
1647000   125
1648000   106
1649000   101
1650000   120
1651000   111
1652000   117
1653000   100
1654000   116
1655000   109
1656000   116
1657000   123
1658000   114
1659000   105
1660000   117
1661000   100
1662000   129
1663000   113
1664000   119
1665000   126
1666000   103
1667000   118
1668000   116
1669000   119
1670000   102
1671000   103
1672000   113
1673000   93
1674000   112
1675000   113
1676000   107
1677000   92
1678000   126
1679000   119
1680000   127
1681000   102
1682000   116
1683000   109
1684000   122
1685000   111
1686000   135
1687000   113
1688000   101
1689000   109
1690000   111
1691000   96
1692000   129
1693000   91
1694000   124
1695000   114
1696000   127
1697000   109
1698000   113
1699000   104
1700000   104
1701000   110
1702000   102
1703000   125
1704000   114
1705000   112
1706000   105
1707000   98
1708000   117
1709000   119
1710000   117
1711000   102
1712000   109
1713000   119
1714000   102
1715000   116
1716000   106
1717000   106
1718000   120
1719000   117
1720000   115
1721000   115
1722000   131
1723000   118
1724000   128
1725000   122
1726000   144
1727000   112
1728000   114
1729000   123
1730000   122
1731000   114
1732000   109
1733000   126
1734000   115
1735000   119
1736000   119
1737000   103
1738000   99
1739000   107
1740000   115
1741000   121
1742000   106
1743000   109
1744000   121
1745000   124
1746000   118
1747000   127
1748000   121
1749000   105
1750000   115
1751000   110
1752000   100
1753000   115
1754000   111
1755000   93
1756000   115
1757000   123
1758000   96
1759000   108
1760000   109
1761000   105
1762000   132
1763000   117
1764000   110
1765000   115
1766000   120
1767000   119
1768000   105
1769000   110
1770000   128
1771000   115
1772000   127
1773000   116
1774000   119
1775000   119
1776000   122
1777000   103
1778000   89
1779000   121
1780000   118
1781000   89
1782000   105
1783000   126
1784000   131
1785000   95
1786000   105
1787000   95
1788000   113
1789000   106
1790000   122
1791000   115
1792000   118
1793000   125
1794000   119
1795000   114
1796000   112
1797000   113
1798000   112
1799000   126
1800000   127
1801000   125
1802000   119
1803000   112
1804000   103
1805000   112
1806000   103
1807000   115
1808000   117
1809000   112
1810000   127
1811000   127
1812000   104
1813000   123
1814000   117
1815000   107
1816000   111
1817000   114
1818000   127
1819000   118
1820000   90
1821000   142
1822000   98
1823000   148
1824000   124
1825000   106
1826000   117
1827000   107
1828000   113
1829000   126
1830000   116
1831000   108
1832000   103
1833000   112
1834000   106
1835000   127
1836000   112
1837000   122
1838000   132
1839000   112
1840000   119
1841000   121
1842000   114
1843000   122
1844000   109
1845000   124
1846000   128
1847000   94
1848000   110
1849000   131
1850000   109
1851000   117
1852000   121
1853000   123
1854000   120
1855000   104
1856000   113
1857000   124
1858000   116
1859000   105
1860000   113
1861000   98
1862000   109
1863000   116
1864000   125
1865000   117
1866000   110
1867000   105
1868000   123
1869000   128
1870000   127
1871000   129
1872000   115
1873000   139
1874000   129
1875000   110
1876000   129
1877000   106
1878000   99
1879000   110
1880000   107
1881000   105
1882000   120
1883000   124
1884000   132
1885000   96
1886000   112
1887000   95
1888000   119
1889000   105
1890000   102
1891000   120
1892000   129
1893000   100
1894000   116
1895000   123
1896000   116
1897000   114
1898000   101
1899000   114
1900000   119
1901000   105
1902000   116
1903000   124
1904000   105
1905000   118
1906000   118
1907000   123
1908000   135
1909000   124
1910000   113
1911000   114
1912000   133
1913000   116
1914000   111
1915000   120
1916000   116
1917000   148
1918000   99
1919000   138
1920000   112
1921000   110
1922000   117
1923000   103
1924000   101
1925000   129
1926000   113
1927000   120
1928000   113
1929000   105
1930000   116
1931000   99
1932000   109
1933000   123
1934000   129
1935000   122
1936000   105
1937000   112
1938000   111
1939000   119
1940000   97
1941000   137
1942000   113
1943000   120
1944000   110
1945000   112
1946000   130
1947000   126
1948000   101
1949000   121
1950000   95
1951000   93
1952000   113
1953000   119
1954000   111
1955000   112
1956000   121
1957000   118
1958000   107
1959000   111
1960000   103
1961000   99
1962000   105
1963000   104
1964000   124
1965000   123
1966000   116
1967000   118
1968000   137
1969000   114
1970000   111
1971000   125
1972000   109
1973000   113
1974000   118
1975000   140
1976000   96
1977000   101
1978000   121
1979000   121
1980000   106
1981000   113
1982000   117
1983000   118
1984000   108
1985000   113
1986000   119
1987000   115
1988000   120
1989000   122
1990000   109
1991000   112
1992000   119
1993000   136
1994000   111
1995000   120
1996000   116
1997000   110
1998000   115
1999000   130
2000000   131
2001000   124
2002000   127
2003000   134
2004000   113
2005000   124
2006000   97
2007000   100
2008000   103
2009000   121
2010000   109
2011000   137
2012000   112
2013000   109
2014000   110
2015000   104
2016000   113
2017000   109
2018000   113
2019000   131
2020000   126
2021000   138
2022000   129
2023000   126
2024000   95
2025000   104
2026000   138
2027000   126
2028000   126
2029000   96
2030000   124
2031000   104
2032000   113
2033000   125
2034000   109
2035000   113
2036000   119
2037000   115
2038000   127
2039000   119
2040000   115
2041000   126
2042000   114
2043000   112
2044000   125
2045000   115
2046000   131
2047000   115
2048000   128
2049000   115
2050000   123
2051000   136
2052000   117
2053000   114
2054000   98
2055000   104
2056000   129
2057000   117
2058000   126
2059000   125
2060000   106
2061000   118
2062000   122
2063000   123
2064000   97
2065000   131
2066000   124
2067000   96
2068000   121
2069000   128
2070000   118
2071000   115
2072000   115
2073000   133
2074000   126
2075000   124
2076000   124
2077000   118
2078000   134
2079000   119
2080000   112
2081000   122
2082000   110
2083000   108
2084000   118
2085000   120
2086000   107
2087000   117
2088000   118
2089000   125
2090000   132
2091000   125
2092000   111
2093000   115
2094000   112
2095000   102
2096000   127
2097000   116
2098000   122
2099000   122
2100000   145
2101000   119
2102000   129
2103000   130
2104000   131
2105000   115
2106000   124
2107000   98
2108000   132
2109000   117
2110000   109
2111000   116
2112000   118
2113000   121
2114000   126
2115000   134
2116000   118
2117000   150
2118000   111
2119000   133
2120000   118
2121000   121
2122000   107
2123000   110
2124000   114
2125000   126
2126000   128
2127000   113
2128000   120
2129000   124
2130000   121
2131000   116
2132000   127
2133000   125
2134000   105
2135000   101
2136000   133
2137000   115
2138000   112
2139000   127
2140000   126
2141000   95
2142000   122
2143000   141
2144000   115
2145000   127
2146000   120
2147000   118
2148000   126
2149000   123
2150000   139
2151000   123
2152000   129
2153000   139
2154000   110
2155000   111
2156000   107
2157000   107
2158000   107
2159000   120
2160000   93
2161000   131
2162000   115
2163000   114
2164000   90
2165000   131
2166000   127
2167000   99
2168000   113
2169000   110
2170000   121
2171000   116
2172000   119
2173000   114
2174000   129
2175000   110
2176000   116
2177000   107
2178000   126
2179000   113
2180000   100
2181000   144
2182000   123
2183000   116
2184000   123
2185000   127
2186000   113
2187000   131
2188000   130
2189000   126
2190000   114
2191000   135
2192000   106
2193000   109
2194000   105
2195000   112
2196000   119
2197000   122
2198000   116
2199000   128
2200000   125
2201000   109
2202000   100
2203000   124
2204000   117
2205000   119
2206000   115
2207000   120
2208000   135
2209000   108
2210000   134
2211000   119
2212000   127
2213000   107
2214000   114
2215000   110
2216000   121
2217000   137
2218000   129
2219000   134
2220000   136
2221000   121
2222000   109
2223000   106
2224000   121
2225000   106
2226000   126
2227000   122
2228000   140
2229000   111
2230000   121
2231000   122
2232000   137
2233000   121
2234000   127
2235000   123
2236000   111
2237000   114
2238000   115
2239000   120
2240000   121
2241000   117
2242000   116
2243000   106
2244000   116
2245000   106
2246000   102
2247000   117
2248000   119
2249000   111
2250000   111
2251000   140
2252000   133
2253000   123
2254000   108
2255000   110
2256000   107
2257000   111
2258000   115
2259000   134
2260000   118
2261000   115
2262000   120
2263000   138
2264000   123
2265000   136
2266000   119
2267000   137
2268000   138
2269000   113
2270000   119
2271000   107
2272000   126
2273000   108
2274000   133
2275000   127
2276000   129
2277000   116
2278000   115
2279000   110
2280000   104
2281000   114
2282000   121
2283000   143
2284000   136
2285000   117
2286000   125
2287000   121
2288000   119
2289000   122
2290000   131
2291000   119
2292000   121
2293000   116
2294000   124
2295000   122
2296000   121
2297000   119
2298000   118
2299000   127
2300000   142
2301000   127
2302000   135
2303000   114
2304000   121
2305000   118
2306000   120
2307000   98
2308000   125
2309000   120
2310000   115
2311000   128
2312000   102
2313000   145
2314000   110
2315000   89
2316000   124
2317000   131
2318000   113
2319000   118
2320000   115
2321000   122
2322000   143
2323000   129
2324000   115
2325000   102
2326000   101
2327000   115
2328000   125
2329000   147
2330000   121
2331000   108
2332000   118
2333000   115
2334000   114
2335000   120
2336000   103
2337000   105
2338000   131
2339000   123
2340000   116
2341000   107
2342000   114
2343000   129
2344000   115
2345000   143
2346000   99
2347000   115
2348000   124
2349000   100
2350000   139
2351000   137
2352000   122
2353000   114
2354000   114
2355000   117
2356000   104
2357000   114
2358000   139
2359000   117
2360000   108
2361000   129
2362000   114
2363000   119
2364000   120
2365000   113
2366000   121
2367000   113
2368000   112
2369000   121
2370000   123
2371000   119
2372000   123
2373000   111
2374000   121
2375000   109
2376000   109
2377000   112
2378000   104
2379000   120
2380000   111
2381000   107
2382000   123
2383000   120
2384000   128
2385000   117
2386000   116
2387000   129
2388000   145
2389000   119
2390000   125
2391000   131
2392000   126
2393000   138
2394000   106
2395000   114
2396000   118
2397000   107
2398000   135
2399000   119
2400000   138
2401000   122
2402000   116
2403000   127
2404000   120
2405000   111
2406000   109
2407000   115
2408000   120
2409000   125
2410000   142
2411000   123
2412000   105
2413000   111
2414000   121
2415000   105
2416000   114
2417000   106
2418000   118
2419000   112
2420000   122
2421000   132
2422000   139
2423000   95
2424000   106
2425000   115
2426000   100
2427000   106
2428000   123
2429000   122
2430000   104
2431000   119
2432000   118
2433000   118
2434000   127
2435000   123
2436000   114
2437000   125
2438000   110
2439000   118
2440000   97
2441000   109
2442000   117
2443000   103
2444000   111
2445000   131
2446000   111
2447000   115
2448000   115
2449000   117
2450000   112
2451000   114
2452000   122
2453000   114
2454000   108
2455000   124
2456000   110
2457000   122
2458000   121
2459000   103
2460000   128
2461000   121
2462000   116
2463000   111
2464000   115
2465000   123
2466000   117
2467000   123
2468000   129
2469000   124
2470000   122
2471000   121
2472000   145
2473000   122
2474000   114
2475000   99
2476000   127
2477000   121
2478000   122
2479000   99
2480000   120
2481000   108
2482000   100
2483000   112
2484000   117
2485000   126
2486000   115
2487000   121
2488000   128
2489000   111
2490000   110
2491000   101
2492000   115
2493000   143
2494000   127
2495000   115
2496000   114
2497000   125
2498000   116
2499000   109
2500000   134
2501000   127
2502000   112
2503000   120
2504000   125
2505000   107
2506000   132
2507000   103
2508000   115
2509000   124
2510000   115
2511000   120
2512000   128
2513000   125
2514000   139
2515000   132
2516000   121
2517000   127
2518000   117
2519000   131
2520000   127
2521000   141
2522000   109
2523000   106
2524000   102
2525000   117
2526000   119
2527000   133
2528000   116
2529000   130
2530000   112
2531000   127
2532000   125
2533000   112
2534000   147
2535000   110
2536000   119
2537000   106
2538000   119
2539000   114
2540000   130
2541000   123
2542000   125
2543000   111
2544000   117
2545000   110
2546000   130
2547000   145
2548000   111
2549000   116
2550000   110
2551000   123
2552000   118
2553000   123
2554000   101
2555000   119
2556000   102
2557000   136
2558000   131
2559000   110
2560000   116
2561000   118
2562000   123
2563000   112
2564000   113
2565000   123
2566000   128
2567000   133
2568000   110
2569000   112
2570000   131
2571000   115
2572000   104
2573000   137
2574000   110
2575000   143
2576000   134
2577000   130
2578000   122
2579000   112
2580000   122
2581000   126
2582000   121
2583000   135
2584000   103
2585000   101
2586000   106
2587000   131
2588000   124
2589000   120
2590000   109
2591000   127
2592000   119
2593000   131
2594000   113
2595000   138
2596000   119
2597000   134
2598000   111
2599000   110
2600000   104
2601000   116
2602000   119
2603000   133
2604000   140
2605000   119
2606000   104
2607000   139
2608000   124
2609000   122
2610000   139
2611000   121
2612000   122
2613000   123
2614000   111
2615000   143
2616000   93
2617000   140
2618000   124
2619000   129
2620000   118
2621000   115
2622000   114
2623000   85
2624000   109
2625000   133
2626000   119
2627000   125
2628000   105
2629000   99
2630000   118
2631000   159
2632000   115
2633000   116
2634000   118
2635000   128
2636000   121
2637000   124
2638000   104
2639000   118
2640000   123
2641000   115
2642000   116
2643000   110
2644000   119
2645000   121
2646000   131
2647000   133
2648000   102
2649000   111
2650000   106
2651000   119
2652000   120
2653000   104
2654000   116
2655000   122
2656000   107
2657000   118
2658000   118
2659000   130
2660000   122
2661000   109
2662000   118
2663000   105
2664000   131
2665000   125
2666000   119
2667000   128
2668000   120
2669000   109
2670000   136
2671000   119
2672000   105
2673000   119
2674000   125
2675000   121
2676000   105
2677000   120
2678000   133
2679000   133
2680000   124
2681000   119
2682000   129
2683000   106
2684000   114
2685000   104
2686000   99
2687000   133
2688000   117
2689000   113
2690000   108
2691000   140
2692000   129
2693000   129
2694000   124
2695000   121
2696000   128
2697000   124
2698000   118
2699000   111
2700000   126
2701000   151
2702000   112
2703000   95
2704000   114
2705000   136
2706000   113
2707000   112
2708000   114
2709000   119
2710000   134
2711000   121
2712000   120
2713000   124
2714000   105
2715000   96
2716000   98
2717000   115
2718000   127
2719000   121
2720000   131
2721000   124
2722000   109
2723000   124
2724000   119
2725000   108
2726000   126
2727000   136
2728000   114
2729000   109
2730000   115
2731000   113
2732000   118
2733000   107
2734000   112
2735000   114
2736000   114
2737000   117
2738000   146
2739000   145
2740000   133
2741000   111
2742000   96
2743000   135
2744000   125
2745000   108
2746000   117
2747000   114
2748000   125
2749000   125
2750000   105
2751000   145
2752000   123
2753000   109
2754000   115
2755000   122
2756000   123
2757000   125
2758000   122
2759000   100
2760000   122
2761000   112
2762000   111
2763000   125
2764000   129
2765000   125
2766000   112
2767000   113
2768000   123
2769000   129
2770000   120
2771000   137
2772000   121
2773000   128
2774000   111
2775000   127
2776000   110
2777000   120
2778000   130
2779000   150
2780000   145
2781000   112
2782000   124
2783000   103
2784000   128
2785000   120
2786000   110
2787000   106
2788000   95
2789000   109
2790000   140
2791000   109
2792000   120
2793000   134
2794000   129
2795000   130
2796000   111
2797000   131
2798000   112
2799000   123
2800000   112
2801000   146
2802000   117
2803000   112
2804000   116
2805000   134
2806000   126
2807000   118
2808000   133
2809000   127
2810000   127
2811000   114
2812000   112
2813000   105
2814000   120
2815000   127
2816000   123
2817000   113
2818000   121
2819000   119
2820000   113
2821000   123
2822000   116
2823000   103
2824000   118
2825000   138
2826000   137
2827000   111
2828000   119
2829000   117
2830000   106
2831000   116
2832000   124
2833000   137
2834000   115
2835000   120
2836000   96
2837000   112
2838000   121
2839000   134
2840000   134
2841000   115
2842000   115
2843000   102
2844000   128
2845000   99
2846000   108
2847000   114
2848000   104
2849000   107
2850000   134
2851000   127
2852000   122
2853000   107
2854000   107
2855000   126
2856000   90
2857000   121
2858000   115
2859000   118
2860000   103
2861000   119
2862000   112
2863000   114
2864000   116
2865000   117
2866000   116
2867000   120
2868000   113
2869000   120
2870000   114
2871000   104
2872000   143
2873000   125
2874000   115
2875000   121
2876000   109
2877000   104
2878000   103
2879000   112
2880000   124
2881000   127
2882000   126
2883000   118
2884000   138
2885000   135
2886000   115
2887000   122
2888000   118
2889000   116
2890000   133
2891000   116
2892000   110
2893000   107
2894000   123
2895000   128
2896000   112
2897000   128
2898000   141
2899000   118
2900000   126
2901000   112
2902000   130
2903000   121
2904000   117
2905000   111
2906000   135
2907000   131
2908000   124
2909000   125
2910000   117
2911000   127
2912000   106
2913000   114
2914000   126
2915000   120
2916000   100
2917000   120
2918000   136
2919000   113
2920000   116
2921000   111
2922000   109
2923000   119
2924000   122
2925000   102
2926000   119
2927000   120
2928000   119
2929000   113
2930000   117
2931000   126
2932000   145
2933000   117
2934000   113
2935000   119
2936000   127
2937000   113
2938000   111
2939000   121
2940000   118
2941000   114
2942000   132
2943000   120
2944000   114
2945000   129
2946000   111
2947000   142
2948000   111
2949000   120
2950000   110
2951000   109
2952000   110
2953000   124
2954000   119
2955000   121
2956000   110
2957000   125
2958000   134
2959000   127
2960000   118
2961000   134
2962000   122
2963000   126
2964000   107
2965000   118
2966000   124
2967000   114
2968000   102
2969000   103
2970000   119
2971000   114
2972000   130
2973000   131
2974000   126
2975000   112
2976000   134
2977000   112
2978000   116
2979000   129
2980000   129
2981000   115
2982000   115
2983000   124
2984000   116
2985000   132
2986000   119
2987000   108
2988000   124
2989000   117
2990000   124
2991000   126
2992000   114
2993000   107
2994000   119
2995000   126
2996000   129
2997000   111
2998000   129
2999000   118
3000000   126
3001000   123
3002000   136
3003000   125
3004000   125
3005000   138
3006000   117
3007000   130
3008000   136
3009000   113
3010000   136
3011000   134
3012000   124
3013000   115
3014000   117
3015000   144
3016000   113
3017000   138
3018000   112
3019000   119
3020000   135
3021000   125
3022000   147
3023000   131
3024000   101
3025000   114
3026000   127
3027000   115
3028000   102
3029000   128
3030000   114
3031000   127
3032000   119
3033000   86
3034000   127
3035000   123
3036000   115
3037000   130
3038000   137
3039000   121
3040000   135
3041000   117
3042000   98
3043000   120
3044000   124
3045000   121
3046000   113
3047000   120
3048000   140
3049000   131
3050000   111
3051000   136
3052000   88
3053000   127
3054000   127
3055000   126
3056000   117
3057000   104
3058000   124
3059000   115
3060000   120
3061000   118
3062000   126
3063000   130
3064000   120
3065000   120
3066000   111
3067000   120
3068000   135
3069000   121
3070000   125
3071000   118
3072000   115
3073000   119
3074000   120
3075000   124
3076000   110
3077000   145
3078000   117
3079000   96
3080000   115
3081000   125
3082000   92
3083000   127
3084000   116
3085000   122
3086000   124
3087000   128
3088000   110
3089000   101
3090000   131
3091000   120
3092000   94
3093000   126
3094000   135
3095000   152
3096000   106
3097000   118
3098000   106
3099000   123
3100000   134
3101000   112
3102000   108
3103000   134
3104000   131
3105000   115
3106000   117
3107000   119
3108000   122
3109000   125
3110000   111
3111000   105
3112000   103
3113000   145
3114000   109
3115000   118
3116000   111
3117000   123
3118000   121
3119000   139
3120000   115
3121000   127
3122000   119
3123000   125
3124000   108
3125000   133
3126000   113
3127000   133
3128000   119
3129000   115
3130000   115
3131000   117
3132000   109
3133000   105
3134000   124
3135000   119
3136000   111
3137000   122
3138000   115
3139000   106
3140000   107
3141000   138
3142000   106
3143000   119
3144000   126
3145000   138
3146000   121
3147000   115
3148000   143
3149000   120
3150000   106
3151000   117
3152000   121
3153000   114
3154000   105
3155000   104
3156000   114
3157000   118
3158000   136
3159000   122
3160000   102
3161000   124
3162000   116
3163000   102
3164000   118
3165000   131
3166000   119
3167000   115
3168000   121
3169000   109
3170000   121
3171000   112
3172000   113
3173000   122
3174000   107
3175000   126
3176000   113
3177000   111
3178000   109
3179000   96
3180000   115
3181000   119
3182000   123
3183000   123
3184000   107
3185000   134
3186000   111
3187000   111
3188000   127
3189000   107
3190000   123
3191000   107
3192000   117
3193000   117
3194000   115
3195000   142
3196000   124
3197000   111
3198000   112
3199000   102
3200000   114
3201000   119
3202000   135
3203000   121
3204000   108
3205000   118
3206000   133
3207000   106
3208000   118
3209000   118
3210000   107
3211000   131
3212000   98
3213000   133
3214000   124
3215000   132
3216000   128
3217000   119
3218000   111
3219000   117
3220000   122
3221000   121
3222000   101
3223000   120
3224000   102
3225000   103
3226000   86
3227000   125
3228000   89
3229000   119
3230000   105
3231000   120
3232000   117
3233000   130
3234000   126
3235000   104
3236000   121
3237000   114
3238000   123
3239000   108
3240000   114
3241000   144
3242000   119
3243000   126
3244000   107
3245000   109
3246000   106
3247000   103
3248000   116
3249000   119
3250000   130
3251000   115
3252000   136
3253000   127
3254000   109
3255000   115
3256000   126
3257000   117
3258000   113
3259000   131
3260000   129
3261000   113
3262000   127
3263000   131
3264000   105
3265000   104
3266000   113
3267000   108
3268000   94
3269000   121
3270000   118
3271000   113
3272000   134
3273000   129
3274000   128
3275000   128
3276000   112
3277000   120
3278000   131
3279000   116
3280000   131
3281000   125
3282000   144
3283000   110
3284000   131
3285000   91
3286000   127
3287000   98
3288000   113
3289000   124
3290000   123
3291000   136
3292000   105
3293000   113
3294000   119
3295000   109
3296000   106
3297000   120
3298000   115
3299000   129
3300000   104
3301000   113
3302000   103
3303000   106
3304000   125
3305000   109
3306000   123
3307000   130
3308000   118
3309000   133
3310000   113
3311000   121
3312000   121
3313000   97
3314000   117
3315000   109
3316000   125
3317000   108
3318000   116
3319000   105
3320000   122
3321000   123
3322000   120
3323000   112
3324000   112
3325000   114
3326000   111
3327000   125
3328000   127
3329000   136
3330000   123
3331000   117
3332000   110
3333000   112
3334000   110
3335000   85
3336000   107
3337000   123
3338000   144
3339000   117
3340000   115
3341000   128
3342000   114
3343000   106
3344000   118
3345000   120
3346000   130
3347000   128
3348000   122
3349000   133
3350000   132
3351000   113
3352000   117
3353000   112
3354000   116
3355000   134
3356000   120
3357000   106
3358000   115
3359000   129
3360000   142
3361000   124
3362000   107
3363000   112
3364000   118
3365000   101
3366000   121
3367000   124
3368000   113
3369000   116
3370000   110
3371000   107
3372000   140
3373000   108
3374000   117
3375000   127
3376000   94
3377000   99
3378000   99
3379000   121
3380000   99
3381000   120
3382000   126
3383000   119
3384000   128
3385000   118
3386000   121
3387000   109
3388000   112
3389000   106
3390000   111
3391000   117
3392000   114
3393000   118
3394000   100
3395000   126
3396000   116
3397000   118
3398000   138
3399000   107
3400000   120
3401000   110
3402000   110
3403000   103
3404000   121
3405000   122
3406000   137
3407000   108
3408000   124
3409000   122
3410000   107
3411000   111
3412000   112
3413000   128
3414000   111
3415000   138
3416000   127
3417000   115
3418000   125
3419000   118
3420000   119
3421000   122
3422000   113
3423000   107
3424000   116
3425000   103
3426000   123
3427000   115
3428000   109
3429000   123
3430000   98
3431000   123
3432000   137
3433000   122
3434000   116
3435000   124
3436000   111
3437000   136
3438000   119
3439000   126
3440000   117
3441000   107
3442000   93
3443000   103
3444000   104
3445000   115
3446000   117
3447000   111
3448000   101
3449000   112
3450000   121
3451000   109
3452000   113
3453000   104
3454000   105
3455000   114
3456000   110
3457000   119
3458000   127
3459000   130
3460000   109
3461000   102
3462000   114
3463000   115
3464000   115
3465000   120
3466000   92
3467000   110
3468000   102
3469000   107
3470000   122
3471000   125
3472000   124
3473000   108
3474000   101
3475000   114
3476000   116
3477000   129
3478000   121
3479000   108
3480000   109
3481000   104
3482000   94
3483000   139
3484000   121
3485000   111
3486000   120
3487000   114
3488000   102
3489000   113
3490000   126
3491000   106
3492000   134
3493000   127
3494000   122
3495000   117
3496000   122
3497000   131
3498000   100
3499000   104
3500000   112
3501000   105
3502000   133
3503000   108
3504000   114
3505000   115
3506000   112
3507000   123
3508000   124
3509000   107
3510000   112
3511000   113
3512000   107
3513000   106
3514000   120
3515000   104
3516000   105
3517000   105
3518000   105
3519000   88
3520000   111
3521000   112
3522000   105
3523000   106
3524000   110
3525000   94
3526000   131
3527000   109
3528000   99
3529000   112
3530000   110
3531000   108
3532000   95
3533000   121
3534000   106
3535000   124
3536000   117
3537000   106
3538000   106
3539000   106
3540000   122
3541000   120
3542000   105
3543000   93
3544000   112
3545000   117
3546000   128
3547000   114
3548000   129
3549000   108
3550000   113
3551000   88
3552000   105
3553000   119
3554000   116
3555000   112
3556000   102
3557000   115
3558000   107
3559000   106
3560000   129
3561000   109
3562000   121
3563000   113
3564000   110
3565000   110
3566000   116
3567000   110
3568000   95
3569000   108
3570000   120
3571000   118
3572000   124
3573000   105
3574000   95
3575000   107
3576000   115
3577000   121
3578000   98
3579000   117
3580000   115
3581000   97
3582000   124
3583000   126
3584000   121
3585000   95
3586000   94
3587000   105
3588000   112
3589000   113
3590000   108
3591000   102
3592000   115
3593000   108
3594000   111
3595000   125
3596000   132
3597000   110
3598000   117
3599000   119
3600000   114
3601000   110
3602000   112
3603000   118
3604000   96
3605000   132
3606000   126
3607000   114
3608000   119
3609000   126
3610000   126
3611000   109
3612000   108
3613000   135
3614000   121
3615000   112
3616000   115
3617000   103
3618000   96
3619000   123
3620000   117
3621000   105
3622000   102
3623000   126
3624000   113
3625000   115
3626000   99
3627000   104
3628000   111
3629000   128
3630000   112
3631000   144
3632000   109
3633000   111
3634000   132
3635000   125
3636000   129
3637000   112
3638000   105
3639000   109
3640000   105
3641000   127
3642000   108
3643000   100
3644000   136
3645000   119
3646000   114
3647000   116
3648000   108
3649000   107
3650000   107
3651000   119
3652000   96
3653000   120
3654000   95
3655000   97
3656000   119
3657000   110
3658000   103
3659000   100
3660000   136
3661000   125
3662000   110
3663000   116
3664000   118
3665000   111
3666000   115
3667000   121
3668000   99
3669000   92
3670000   103
3671000   120
3672000   127
3673000   108
3674000   110
3675000   130
3676000   126
3677000   113
3678000   131
3679000   118
3680000   118
3681000   110
3682000   115
3683000   114
3684000   109
3685000   123
3686000   116
3687000   120
3688000   107
3689000   110
3690000   137
3691000   106
3692000   125
3693000   117
3694000   123
3695000   109
3696000   112
3697000   105
3698000   96
3699000   115
3700000   129
3701000   108
3702000   117
3703000   113
3704000   119
3705000   118
3706000   103
3707000   98
3708000   108
3709000   106
3710000   110
3711000   150
3712000   119
3713000   130
3714000   126
3715000   119
3716000   112
3717000   103
3718000   107
3719000   127
3720000   120
3721000   111
3722000   90
3723000   110
3724000   123
3725000   112
3726000   115
3727000   118
3728000   102
3729000   108
3730000   118
3731000   124
3732000   116
3733000   117
3734000   115
3735000   107
3736000   126
3737000   112
3738000   125
3739000   107
3740000   109
3741000   117
3742000   110
3743000   119
3744000   125
3745000   139
3746000   99
3747000   132
3748000   97
3749000   100
3750000   102
3751000   123
3752000   88
3753000   113
3754000   124
3755000   121
3756000   137
3757000   118
3758000   105
3759000   119
3760000   102
3761000   115
3762000   104
3763000   120
3764000   119
3765000   127
3766000   109
3767000   130
3768000   130
3769000   115
3770000   117
3771000   112
3772000   104
3773000   119
3774000   117
3775000   120
3776000   118
3777000   105
3778000   120
3779000   127
3780000   119
3781000   91
3782000   122
3783000   130
3784000   135
3785000   101
3786000   118
3787000   127
3788000   118
3789000   113
3790000   104
3791000   115
3792000   118
3793000   104
3794000   124
3795000   115
3796000   103
3797000   104
3798000   119
3799000   106
3800000   123
3801000   125
3802000   117
3803000   103
3804000   118
3805000   113
3806000   112
3807000   94
3808000   125
3809000   101
3810000   134
3811000   107
3812000   110
3813000   134
3814000   123
3815000   122
3816000   99
3817000   100
3818000   99
3819000   113
3820000   122
3821000   106
3822000   100
3823000   125
3824000   116
3825000   119
3826000   85
3827000   119
3828000   129
3829000   117
3830000   111
3831000   119
3832000   104
3833000   111
3834000   114
3835000   113
3836000   113
3837000   115
3838000   110
3839000   118
3840000   122
3841000   94
3842000   115
3843000   126
3844000   104
3845000   107
3846000   99
3847000   105
3848000   104
3849000   117
3850000   126
3851000   124
3852000   117
3853000   104
3854000   98
3855000   125
3856000   122
3857000   102
3858000   118
3859000   109
3860000   111
3861000   113
3862000   116
3863000   133
3864000   106
3865000   125
3866000   91
3867000   113
3868000   105
3869000   120
3870000   103
3871000   121
3872000   110
3873000   114
3874000   106
3875000   125
3876000   128
3877000   105
3878000   125
3879000   112
3880000   132
3881000   125
3882000   115
3883000   87
3884000   108
3885000   107
3886000   101
3887000   116
3888000   139
3889000   118
3890000   120
3891000   119
3892000   116
3893000   119
3894000   118
3895000   111
3896000   119
3897000   126
3898000   97
3899000   134
3900000   127
3901000   125
3902000   98
3903000   106
3904000   136
3905000   113
3906000   100
3907000   120
3908000   107
3909000   112
3910000   129
3911000   104
3912000   127
3913000   112
3914000   118
3915000   112
3916000   116
3917000   116
3918000   134
3919000   112
3920000   110
3921000   100
3922000   126
3923000   107
3924000   112
3925000   139
3926000   115
3927000   110
3928000   98
3929000   106
3930000   115
3931000   101
3932000   139
3933000   141
3934000   96
3935000   117
3936000   129
3937000   130
3938000   135
3939000   118
3940000   114
3941000   127
3942000   101
3943000   105
3944000   129
3945000   101
3946000   117
3947000   131
3948000   120
3949000   127
3950000   115
3951000   94
3952000   113
3953000   102
3954000   96
3955000   95
3956000   116
3957000   119
3958000   113
3959000   112
3960000   122
3961000   114
3962000   116
3963000   121
3964000   114
3965000   108
3966000   99
3967000   118
3968000   113
3969000   120
3970000   104
3971000   111
3972000   110
3973000   114
3974000   115
3975000   124
3976000   127
3977000   110
3978000   104
3979000   85
3980000   101
3981000   128
3982000   123
3983000   112
3984000   116
3985000   127
3986000   130
3987000   94
3988000   116
3989000   98
3990000   113
3991000   106
3992000   122
3993000   112
3994000   98
3995000   102
3996000   108
3997000   113
3998000   116
3999000   128
4000000   113
4001000   130
4002000   111
4003000   112
4004000   120
4005000   109
4006000   110
4007000   100
4008000   132
4009000   112
4010000   106
4011000   111
4012000   120
4013000   110
4014000   111
4015000   116
4016000   108
4017000   128
4018000   123
4019000   112
4020000   120
4021000   141
4022000   96
4023000   112
4024000   126
4025000   132
4026000   125
4027000   100
4028000   122
4029000   125
4030000   124
4031000   132
4032000   105
4033000   122
4034000   131
4035000   89
4036000   125
4037000   128
4038000   91
4039000   106
4040000   113
4041000   113
4042000   106
4043000   117
4044000   109
4045000   102
4046000   115
4047000   134
4048000   119
4049000   115
4050000   112
4051000   119
4052000   109
4053000   122
4054000   108
4055000   103
4056000   129
4057000   108
4058000   104
4059000   98
4060000   103
4061000   106
4062000   131
4063000   105
4064000   117
4065000   112
4066000   111
4067000   112
4068000   98
4069000   103
4070000   132
4071000   111
4072000   109
4073000   121
4074000   113
4075000   117
4076000   111
4077000   107
4078000   115
4079000   105
4080000   111
4081000   122
4082000   112
4083000   108
4084000   99
4085000   110
4086000   105
4087000   108
4088000   104
4089000   119
4090000   118
4091000   124
4092000   99
4093000   117
4094000   95
4095000   131
4096000   120
4097000   119
4098000   111
4099000   112
4100000   118
4101000   109
4102000   113
4103000   103
4104000   112
4105000   112
4106000   125
4107000   94
4108000   109
4109000   124
4110000   123
4111000   95
4112000   108
4113000   127
4114000   115
4115000   128
4116000   122
4117000   116
4118000   122
4119000   114
4120000   143
4121000   124
4122000   118
4123000   110
4124000   101
4125000   135
4126000   105
4127000   108
4128000   115
4129000   122
4130000   110
4131000   102
4132000   122
4133000   117
4134000   96
4135000   108
4136000   112
4137000   123
4138000   108
4139000   110
4140000   132
4141000   112
4142000   104
4143000   114
4144000   102
4145000   122
4146000   125
4147000   94
4148000   112
4149000   100
4150000   122
4151000   117
4152000   104
4153000   125
4154000   123
4155000   107
4156000   120
4157000   119
4158000   117
4159000   119
4160000   107
4161000   126
4162000   109
4163000   100
4164000   108
4165000   107
4166000   117
4167000   133
4168000   123
4169000   125
4170000   121
4171000   114
4172000   92
4173000   122
4174000   132
4175000   117
4176000   123
4177000   121
4178000   104
4179000   110
4180000   112
4181000   122
4182000   125
4183000   124
4184000   117
4185000   120
4186000   114
4187000   123
4188000   117
4189000   131
4190000   136
4191000   120
4192000   112
4193000   116
4194000   121
4195000   123
4196000   126
4197000   104
4198000   117
4199000   108
4200000   125
4201000   124
4202000   135
4203000   107
4204000   115
4205000   108
4206000   118
4207000   119
4208000   113
4209000   94
4210000   107
4211000   119
4212000   105
4213000   120
4214000   119
4215000   108
4216000   103
4217000   124
4218000   123
4219000   114
4220000   116
4221000   119
4222000   116
4223000   93
4224000   121
4225000   129
4226000   105
4227000   122
4228000   108
4229000   108
4230000   127
4231000   110
4232000   123
4233000   106
4234000   128
4235000   113
4236000   128
4237000   98
4238000   115
4239000   133
4240000   98
4241000   108
4242000   110
4243000   106
4244000   122
4245000   112
4246000   123
4247000   92
4248000   124
4249000   117
4250000   128
4251000   109
4252000   131
4253000   124
4254000   109
4255000   96
4256000   124
4257000   105
4258000   99
4259000   109
4260000   117
4261000   137
4262000   118
4263000   100
4264000   121
4265000   112
4266000   114
4267000   110
4268000   103
4269000   132
4270000   113
4271000   120
4272000   116
4273000   123
4274000   111
4275000   109
4276000   97
4277000   106
4278000   113
4279000   106
4280000   108
4281000   118
4282000   103
4283000   107
4284000   127
4285000   117
4286000   107
4287000   107
4288000   138
4289000   109
4290000   117
4291000   111
4292000   113
4293000   119
4294000   131
4295000   96
4296000   100
4297000   105
4298000   115
4299000   117
4300000   103
4301000   106
4302000   122
4303000   132
4304000   110
4305000   125
4306000   118
4307000   138
4308000   92
4309000   109
4310000   110
4311000   124
4312000   99
4313000   108
4314000   124
4315000   106
4316000   123
4317000   118
4318000   108
4319000   113
4320000   121
4321000   113
4322000   130
4323000   90
4324000   131
4325000   122
4326000   107
4327000   121
4328000   117
4329000   112
4330000   103
4331000   117
4332000   121
4333000   115
4334000   106
4335000   121
4336000   130
4337000   93
4338000   95
4339000   116
4340000   112
4341000   127
4342000   113
4343000   111
4344000   108
4345000   113
4346000   111
4347000   109
4348000   104
4349000   112
4350000   108
4351000   110
4352000   112
4353000   101
4354000   131
4355000   104
4356000   128
4357000   121
4358000   104
4359000   110
4360000   104
4361000   114
4362000   119
4363000   102
4364000   110
4365000   119
4366000   133
4367000   97
4368000   113
4369000   114
4370000   116
4371000   119
4372000   120
4373000   135
4374000   103
4375000   140
4376000   111
4377000   109
4378000   106
4379000   125
4380000   106
4381000   122
4382000   120
4383000   122
4384000   103
4385000   130
4386000   106
4387000   107
4388000   109
4389000   109
4390000   113
4391000   126
4392000   110
4393000   121
4394000   137
4395000   94
4396000   115
4397000   108
4398000   119
4399000   112
4400000   129
4401000   116
4402000   118
4403000   121
4404000   116
4405000   107
4406000   89
4407000   105
4408000   105
4409000   114
4410000   107
4411000   111
4412000   118
4413000   114
4414000   121
4415000   99
4416000   112
4417000   119
4418000   120
4419000   124
4420000   119
4421000   112
4422000   123
4423000   100
4424000   91
4425000   85
4426000   133
4427000   135
4428000   102
4429000   125
4430000   120
4431000   114
4432000   118
4433000   120
4434000   100
4435000   110
4436000   116
4437000   119
4438000   110
4439000   104
4440000   103
4441000   123
4442000   116
4443000   114
4444000   124
4445000   115
4446000   97
4447000   137
4448000   121
4449000   118
4450000   103
4451000   120
4452000   136
4453000   95
4454000   124
4455000   123
4456000   121
4457000   122
4458000   116
4459000   121
4460000   124
4461000   114
4462000   130
4463000   97
4464000   94
4465000   117
4466000   129
4467000   128
4468000   100
4469000   99
4470000   110
4471000   130
4472000   118
4473000   116
4474000   113
4475000   115
4476000   116
4477000   117
4478000   128
4479000   126
4480000   112
4481000   107
4482000   93
4483000   135
4484000   108
4485000   99
4486000   117
4487000   110
4488000   107
4489000   103
4490000   112
4491000   93
4492000   122
4493000   122
4494000   126
4495000   108
4496000   116
4497000   115
4498000   118
4499000   112
4500000   106
4501000   103
4502000   100
4503000   105
4504000   111
4505000   116
4506000   107
4507000   131
4508000   124
4509000   103
4510000   90
4511000   124
4512000   124
4513000   97
4514000   95
4515000   113
4516000   102
4517000   115
4518000   105
4519000   111
4520000   115
4521000   115
4522000   114
4523000   98
4524000   109
4525000   122
4526000   136
4527000   111
4528000   107
4529000   110
4530000   141
4531000   122
4532000   119
4533000   110
4534000   118
4535000   148
4536000   117
4537000   112
4538000   106
4539000   96
4540000   110
4541000   130
4542000   110
4543000   107
4544000   110
4545000   108
4546000   102
4547000   118
4548000   116
4549000   114
4550000   103
4551000   126
4552000   90
4553000   93
4554000   97
4555000   103
4556000   111
4557000   118
4558000   92
4559000   121
4560000   133
4561000   112
4562000   120
4563000   123
4564000   128
4565000   101
4566000   111
4567000   96
4568000   117
4569000   101
4570000   111
4571000   120
4572000   110
4573000   105
4574000   95
4575000   102
4576000   125
4577000   91
4578000   103
4579000   113
4580000   118
4581000   116
4582000   93
4583000   91
4584000   105
4585000   111
4586000   103
4587000   131
4588000   107
4589000   117
4590000   99
4591000   93
4592000   104
4593000   115
4594000   105
4595000   114
4596000   114
4597000   133
4598000   108
4599000   101
4600000   113
4601000   107
4602000   103
4603000   87
4604000   101
4605000   79
4606000   121
4607000   107
4608000   107
4609000   115
4610000   106
4611000   126
4612000   110
4613000   108
4614000   97
4615000   110
4616000   103
4617000   103
4618000   120
4619000   121
4620000   101
4621000   107
4622000   111
4623000   112
4624000   108
4625000   101
4626000   132
4627000   105
4628000   99
4629000   124
4630000   112
4631000   105
4632000   114
4633000   107
4634000   114
4635000   102
4636000   112
4637000   105
4638000   107
4639000   99
4640000   103
4641000   111
4642000   112
4643000   117
4644000   97
4645000   121
4646000   120
4647000   104
4648000   104
4649000   112
4650000   124
4651000   101
4652000   104
4653000   97
4654000   130
4655000   115
4656000   99
4657000   100
4658000   116
4659000   116
4660000   123
4661000   109
4662000   107
4663000   128
4664000   104
4665000   106
4666000   103
4667000   119
4668000   122
4669000   92
4670000   110
4671000   110
4672000   116
4673000   112
4674000   100
4675000   99
4676000   112
4677000   91
4678000   111
4679000   116
4680000   113
4681000   111
4682000   106
4683000   91
4684000   84
4685000   116
4686000   114
4687000   95
4688000   97
4689000   108
4690000   103
4691000   102
4692000   93
4693000   99
4694000   124
4695000   127
4696000   110
4697000   103
4698000   112
4699000   96
4700000   101
4701000   116
4702000   113
4703000   112
4704000   96
4705000   84
4706000   134
4707000   94
4708000   101
4709000   131
4710000   101
4711000   113
4712000   109
4713000   116
4714000   106
4715000   98
4716000   96
4717000   127
4718000   114
4719000   90
4720000   107
4721000   110
4722000   94
4723000   110
4724000   97
4725000   102
4726000   105
4727000   124
4728000   82
4729000   98
4730000   93
4731000   113
4732000   104
4733000   108
4734000   117
4735000   116
4736000   101
4737000   104
4738000   104
4739000   104
4740000   113
4741000   112
4742000   114
4743000   95
4744000   114
4745000   126
4746000   116
4747000   110
4748000   120
4749000   111
4750000   114
4751000   120
4752000   106
4753000   107
4754000   117
4755000   117
4756000   110
4757000   120
4758000   107
4759000   123
4760000   107
4761000   95
4762000   105
4763000   110
4764000   102
4765000   105
4766000   124
4767000   112
4768000   102
4769000   99
4770000   86
4771000   114
4772000   95
4773000   102
4774000   124
4775000   110
4776000   110
4777000   123
4778000   108
4779000   109
4780000   102
4781000   106
4782000   96
4783000   91
4784000   112
4785000   106
4786000   122
4787000   121
4788000   103
4789000   118
4790000   108
4791000   110
4792000   129
4793000   112
4794000   112
4795000   102
4796000   101
4797000   104
4798000   100
4799000   111
4800000   115
4801000   97
4802000   89
4803000   103
4804000   101
4805000   95
4806000   103
4807000   117
4808000   103
4809000   117
4810000   103
4811000   130
4812000   89
4813000   101
4814000   94
4815000   122
4816000   101
4817000   115
4818000   96
4819000   107
4820000   119
4821000   90
4822000   104
4823000   96
4824000   107
4825000   117
4826000   100
4827000   106
4828000   107
4829000   113
4830000   113
4831000   113
4832000   103
4833000   104
4834000   99
4835000   88
4836000   104
4837000   108
4838000   117
4839000   112
4840000   109
4841000   93
4842000   103
4843000   119
4844000   117
4845000   106
4846000   113
4847000   93
4848000   117
4849000   121
4850000   106
4851000   124
4852000   104
4853000   116
4854000   102
4855000   143
4856000   107
4857000   93
4858000   100
4859000   119
4860000   110
4861000   100
4862000   122
4863000   103
4864000   111
4865000   108
4866000   121
4867000   108
4868000   107
4869000   99
4870000   109
4871000   113
4872000   94
4873000   102
4874000   88
4875000   100
4876000   99
4877000   107
4878000   136
4879000   120
4880000   109
4881000   122
4882000   80
4883000   82
4884000   96
4885000   106
4886000   110
4887000   105
4888000   126
4889000   114
4890000   104
4891000   106
4892000   96
4893000   99
4894000   114
4895000   117
4896000   101
4897000   107
4898000   110
4899000   99
4900000   103
4901000   109
4902000   101
4903000   100
4904000   104
4905000   107
4906000   106
4907000   110
4908000   104
4909000   121
4910000   109
4911000   109
4912000   105
4913000   116
4914000   105
4915000   111
4916000   107
4917000   116
4918000   82
4919000   132
4920000   119
4921000   95
4922000   99
4923000   116
4924000   100
4925000   95
4926000   96
4927000   108
4928000   118
4929000   89
4930000   104
4931000   104
4932000   103
4933000   114
4934000   103
4935000   106
4936000   109
4937000   121
4938000   103
4939000   102
4940000   94
4941000   103
4942000   105
4943000   101
4944000   106
4945000   107
4946000   109
4947000   102
4948000   102
4949000   107
4950000   109
4951000   126
4952000   101
4953000   113
4954000   123
4955000   104
4956000   102
4957000   112
4958000   104
4959000   109
4960000   97
4961000   106
4962000   102
4963000   90
4964000   97
4965000   100
4966000   103
4967000   99
4968000   102
4969000   99
4970000   97
4971000   115
4972000   98
4973000   110
4974000   108
4975000   115
4976000   86
4977000   92
4978000   93
4979000   94
4980000   97
4981000   107
4982000   113
4983000   118
4984000   96
4985000   102
4986000   97
4987000   99
4988000   95
4989000   120
4990000   110
4991000   99
4992000   105
4993000   108
4994000   115
4995000   103
4996000   99
4997000   101
4998000   105
4999000   103
5000000   117
5001000   92
5002000   110
5003000   120
5004000   90
5005000   108
5006000   99
5007000   140
5008000   104
5009000   126
5010000   94
5011000   119
5012000   121
5013000   112
5014000   99
5015000   76
5016000   93
5017000   102
5018000   117
5019000   107
5020000   96
5021000   98
5022000   97
5023000   95
5024000   134
5025000   100
5026000   101
5027000   106
5028000   94
5029000   88
5030000   112
5031000   108
5032000   120
5033000   116
5034000   113
5035000   116
5036000   108
5037000   106
5038000   117
5039000   102
5040000   123
5041000   92
5042000   101
5043000   103
5044000   115
5045000   100
5046000   112
5047000   103
5048000   112
5049000   117
5050000   100
5051000   120
5052000   103
5053000   125
5054000   108
5055000   113
5056000   113
5057000   128
5058000   82
5059000   114
5060000   85
5061000   106
5062000   121
5063000   92
5064000   97
5065000   120
5066000   95
5067000   111
5068000   92
5069000   106
5070000   95
5071000   86
5072000   116
5073000   82
5074000   98
5075000   101
5076000   95
5077000   106
5078000   107
5079000   83
5080000   114
5081000   115
5082000   98
5083000   108
5084000   93
5085000   109
5086000   102
5087000   108
5088000   112
5089000   127
5090000   102
5091000   104
5092000   103
5093000   98
5094000   112
5095000   97
5096000   95
5097000   105
5098000   99
5099000   115
5100000   108
5101000   109
5102000   108
5103000   98
5104000   95
5105000   95
5106000   88
5107000   111
5108000   111
5109000   110
5110000   117
5111000   102
5112000   98
5113000   90
5114000   89
5115000   113
5116000   110
5117000   107
5118000   103
5119000   89
5120000   123
5121000   90
5122000   100
5123000   91
5124000   126
5125000   88
5126000   121
5127000   92
5128000   102
5129000   115
5130000   101
5131000   111
5132000   107
5133000   107
5134000   97
5135000   111
5136000   78
5137000   110
5138000   110
5139000   96
5140000   119
5141000   117
5142000   108
5143000   120
5144000   101
5145000   106
5146000   109
5147000   114
5148000   98
5149000   118
5150000   100
5151000   98
5152000   96
5153000   117
5154000   101
5155000   110
5156000   92
5157000   109
5158000   109
5159000   104
5160000   108
5161000   90
5162000   119
5163000   108
5164000   108
5165000   109
5166000   126
5167000   107
5168000   90
5169000   118
5170000   105
5171000   105
5172000   110
5173000   97
5174000   106
5175000   94
5176000   114
5177000   100
5178000   115
5179000   110
5180000   105
5181000   104
5182000   108
5183000   109
5184000   98
5185000   115
5186000   94
5187000   110
5188000   121
5189000   109
5190000   122
5191000   96
5192000   101
5193000   98
5194000   113
5195000   105
5196000   120
5197000   107
5198000   131
5199000   120
5200000   84
5201000   92
5202000   96
5203000   110
5204000   116
5205000   107
5206000   124
5207000   105
5208000   103
5209000   120
5210000   103
5211000   114
5212000   89
5213000   100
5214000   108
5215000   97
5216000   91
5217000   121
5218000   109
5219000   98
5220000   109
5221000   101
5222000   126
5223000   93
5224000   115
5225000   111
5226000   99
5227000   93
5228000   110
5229000   121
5230000   104
5231000   121
5232000   124
5233000   110
5234000   108
5235000   111
5236000   105
5237000   113
5238000   103
5239000   101
5240000   116
5241000   100
5242000   115
5243000   115
5244000   109
5245000   104
5246000   87
5247000   90
5248000   108
5249000   103
5250000   103
5251000   107
5252000   108
5253000   100
5254000   88
5255000   117
5256000   97
5257000   118
5258000   112
5259000   117
5260000   101
5261000   114
5262000   98
5263000   115
5264000   120
5265000   103
5266000   118
5267000   100
5268000   109
5269000   120
5270000   119
5271000   88
5272000   93
5273000   96
5274000   125
5275000   104
5276000   100
5277000   103
5278000   101
5279000   97
5280000   111
5281000   113
5282000   116
5283000   110
5284000   131
5285000   123
5286000   131
5287000   117
5288000   110
5289000   123
5290000   103
5291000   110
5292000   121
5293000   109
5294000   101
5295000   98
5296000   101
5297000   113
5298000   90
5299000   106
5300000   114
5301000   119
5302000   106
5303000   97
5304000   101
5305000   92
5306000   100
5307000   106
5308000   124
5309000   93
5310000   78
5311000   101
5312000   99
5315000   110
5316000   122
5317000   124
5318000   111
5319000   117
5320000   120
5321000   121
5322000   106
5323000   123
5324000   113
5325000   93
5326000   116
5327000   108
5328000   95
5329000   133
5330000   117
5331000   105
5332000   116
5333000   110
5334000   92
5335000   119
5336000   103
5337000   106
5338000   123
5339000   103
5340000   102
5341000   115
5342000   115
5343000   106
5344000   106
5345000   95
5346000   130
5347000   120
5348000   110
5349000   88
5350000   106
5351000   119
5352000   118
5353000   99
5354000   100
5355000   110
5356000   112
5357000   92
5358000   115
5359000   118
5360000   113
5361000   84
5362000   107
5363000   116
5364000   110
5365000   121
5366000   123
5367000   102
5368000   111
5369000   121
5370000   100
5371000   115
5372000   132
5373000   106
5374000   101
5375000   104
5376000   137
5377000   111
5378000   112
5379000   111
5380000   98
5381000   129
5382000   112
5383000   118
5384000   100
5385000   104
5386000   131
5387000   114
5388000   114
5389000   105
5390000   113
5391000   113
5392000   125
5393000   118
5394000   113
5395000   107
5396000   101
5397000   106
5398000   119
5399000   108
5400000   109
5401000   115
5402000   119
5403000   98
5404000   121
5405000   105
5406000   105
5407000   94
5408000   112
5409000   107
5410000   101
5411000   100
5412000   97
5413000   102
5414000   99
5415000   106
5416000   99
5417000   118
5418000   114
5419000   107
5420000   105
5421000   100
5422000   113
5423000   117
5424000   124
5425000   125
5426000   117
5427000   118
5428000   120
5429000   101
5430000   113
5431000   109
5432000   104
5433000   125
5434000   114
5435000   112
5436000   122
5437000   107
5438000   123
5439000   92
5440000   102
5441000   94
5442000   115
5443000   119
5444000   105
5445000   113
5446000   100
5447000   113
5448000   126
5449000   103
5450000   102
5451000   107
5452000   105
5453000   117
5454000   103
5455000   112
5456000   82
5457000   133
5458000   104
5459000   88
5460000   77
5461000   113
5462000   101
5463000   106
5464000   115
5465000   109
5466000   120
5467000   102
5468000   119
5469000   118
5470000   102
5471000   116
5472000   114
5473000   119
5474000   110
5475000   89
5476000   114
5477000   116
5478000   125
5479000   108
5480000   101
5481000   110
5482000   110
5483000   106
5484000   109
5485000   122
5486000   105
5487000   113
5488000   94
5489000   116
5490000   113
5491000   163
5492000   137
5493000   110
5494000   125
5495000   138
5496000   105
5497000   129
5498000   134
5499000   128
5500000   113
5501000   110
5502000   115
5503000   125
5504000   104
5505000   114
5506000   112
5507000   101
5508000   116
5509000   121
5510000   89
5511000   101
5512000   107
5513000   135
5514000   122
5515000   116
5516000   93
5517000   118
5518000   122
5519000   130
5520000   121
5521000   102
5522000   108
5523000   133
5524000   115
5525000   147
5526000   120
5527000   113
5528000   107
5529000   128
5530000   119
5531000   111
5532000   112
5533000   129
5534000   117
5535000   122
5536000   100
5537000   148
5538000   101
5539000   107
5540000   127
5541000   116
5542000   127
5543000   109
5544000   105
5545000   107
5546000   120
5547000   114
5548000   103
5549000   145
5550000   132
5551000   104
5552000   116
5553000   100
5554000   124
5555000   112
5556000   118
5557000   106
5558000   119
5559000   107
5560000   107
5561000   103
5562000   127
5563000   127
5564000   112
5565000   121
5566000   112
5567000   129
5568000   111
5569000   107
5570000   118
5571000   115
5572000   103
5573000   96
5574000   114
5575000   112
5576000   126
5577000   111
5578000   110
5579000   117
5580000   101
5581000   96
5582000   128
5583000   120
5584000   131
5585000   111
5586000   98
5587000   115
5588000   107
5589000   124
5590000   122
5591000   107
5592000   118
5593000   124
5594000   125
5595000   134
5596000   124
5597000   107
5598000   132
5599000   129
5600000   120
5601000   100
5602000   125
5603000   115
5604000   114
5605000   117
5606000   120
5607000   111
5608000   103
5609000   119
5610000   132
5611000   136
5612000   107
5613000   113
5614000   123
5615000   104
5616000   98
5617000   115
5618000   124
5619000   115
5620000   95
5621000   103
5622000   123
5623000   105
5624000   130
5625000   110
5626000   116
5627000   122
5628000   116
5629000   142
5630000   105
5631000   124
5632000   109
5633000   106
5634000   93
5635000   124
5636000   99
5637000   116
5638000   110
5639000   134
5640000   116
5641000   127
5642000   111
5643000   111
5644000   129
5645000   98
5646000   102
5647000   112
5648000   113
5649000   140
5650000   129
5651000   107
5652000   120
5653000   120
5654000   110
5655000   124
5656000   122
5657000   94
5658000   102
5659000   126
5660000   110
5661000   113
5662000   124
5663000   123
5664000   111
5665000   127
5666000   124
5667000   128
5668000   120
5669000   136
5670000   119
5671000   137
5672000   104
5673000   127
5674000   100
5675000   121
5676000   127
5677000   110
5678000   98
5679000   122
5680000   137
5681000   122
5682000   136
5683000   138
5684000   104
5685000   128
5686000   133
5687000   120
5688000   131
5689000   124
5690000   119
5691000   108
5692000   119
5693000   128
5694000   118
5695000   121
5696000   115
5697000   100
5698000   133
5699000   112
5700000   130
5701000   108
5702000   122
5703000   102
5704000   132
5705000   107
5706000   122
5707000   120
5708000   108
5709000   112
5710000   118
5711000   145
5712000   130
5713000   116
5714000   128
5715000   104
5716000   122
5717000   109
5718000   110
5719000   106
5720000   123
5721000   101
5722000   125
5723000   123
5724000   107
5725000   130
5726000   114
5727000   120
5728000   115
5729000   107
5730000   135
5731000   118
5732000   126
5733000   118
5734000   139
5735000   117
5736000   122
5737000   125
5738000   121
5739000   135
5740000   129
5741000   115
5742000   120
5743000   125
5744000   125
5745000   128
5746000   132
5747000   98
5748000   135
5749000   93
5750000   136
5751000   110
5752000   128
5753000   111
5754000   119
5755000   116
5756000   107
5757000   120
5758000   115
5759000   96
5760000   133
5761000   122
5762000   126
5763000   111
5764000   127
5765000   117
5766000   110
5767000   134
5768000   107
5769000   126
5770000   143
5771000   133
5772000   118
5773000   99
5774000   107
5775000   120
5776000   133
5777000   115
5778000   104
5779000   128
5780000   145
5781000   118
5782000   103
5783000   122
5784000   130
5785000   113
5786000   112
5787000   124
5788000   123
5789000   122
5790000   126
5791000   125
5792000   105
5793000   118
5794000   120
5795000   115
5796000   128
5797000   125
5798000   102
5799000   115
5800000   126
5801000   109
5802000   126
5803000   117
5804000   117
5805000   132
5806000   109
5807000   133
5808000   122
5809000   129
5810000   107
5811000   138
5812000   120
5813000   109
5814000   116
5815000   122
5816000   128
5817000   141
5818000   104
5819000   104
5820000   119
5821000   124
5822000   120
5823000   119
5824000   119
5825000   121
5826000   114
5827000   142
5828000   121
5829000   111
5830000   114
5831000   110
5832000   119
5833000   114
5834000   132
5835000   111
5836000   130
5837000   132
5838000   106
5839000   120
5840000   124
5841000   123
5842000   135
5843000   116
5844000   121
5845000   125
5846000   113
5847000   116
5848000   121
5849000   125
5850000   99
5851000   94
5852000   101
5853000   141
5854000   125
5855000   114
5856000   140
5857000   119
5858000   117
5859000   99
5860000   119
5861000   118
5862000   130
5863000   109
5864000   98
5865000   113
5866000   103
5867000   115
5868000   116
5869000   139
5870000   103
5871000   125
5872000   118
5873000   132
5874000   101
5875000   115
5876000   114
5877000   133
5878000   115
5879000   105
5880000   125
5881000   117
5882000   138
5883000   146
5884000   126
5885000   109
5886000   127
5887000   121
5888000   120
5889000   118
5890000   118
5891000   110
5892000   125
5893000   124
5894000   132
5895000   123
5896000   121
5897000   117
5898000   115
5899000   122
5900000   124
5901000   128
5902000   108
5903000   125
5904000   121
5905000   101
5906000   129
5907000   118
5908000   119
5909000   130
5910000   131
5911000   123
5912000   150
5913000   132
5914000   100
5915000   118
5916000   142
5917000   110
5918000   124
5919000   113
5920000   109
5921000   129
5922000   137
5923000   125
5924000   135
5925000   112
5926000   123
5927000   111
5928000   113
5929000   132
5930000   109
5931000   119
5932000   147
5933000   124
5934000   109
5935000   120
5936000   130
5937000   142
5938000   114
5939000   118
5940000   122
5941000   113
5942000   119
5943000   125
5944000   113
5945000   126
5946000   115
5947000   123
5948000   106
5949000   126
5950000   127
5951000   107
5952000   119
5953000   109
5954000   125
5955000   121
5956000   121
5957000   116
5958000   140
5959000   125
5960000   127
5961000   112
5962000   124
5963000   127
5964000   107
5965000   143
5966000   134
5967000   134
5968000   112
5969000   125
5970000   135
5971000   125
5972000   150
5973000   124
5974000   139
5975000   111
5976000   110
5977000   122
5978000   112
5979000   107
5980000   118
5981000   115
5982000   128
5983000   116
5984000   130
5985000   118
5986000   116
5987000   142
5988000   108
5989000   119
5990000   124
5991000   111
5992000   135
5993000   111
5994000   142
5995000   122
5996000   118
5997000   138
5998000   110
5999000   144
6000000   124
6001000   127
6002000   126
6003000   141
6004000   124
6005000   125
6006000   146
6007000   114
6008000   135
