1000   60
2000   64
3000   57
4000   57
5000   72
6000   70
7000   71
8000   83
9000   81
10000   79
11000   64
12000   60
13000   86
14000   93
15000   81
16000   94
17000   84
18000   64
19000   64
20000   67
21000   52
22000   74
23000   68
24000   58
25000   72
26000   46
27000   72
28000   60
29000   58
30000   68
31000   60
32000   73
33000   73
34000   62
35000   62
36000   70
37000   58
38000   70
39000   62
40000   67
41000   57
42000   63
43000   66
44000   61
45000   49
46000   72
47000   71
48000   67
49000   61
50000   45
51000   50
52000   61
53000   64
54000   60
55000   47
56000   56
57000   61
58000   66
59000   52
60000   42
61000   59
62000   66
63000   64
64000   63
65000   66
66000   39
67000   62
68000   63
69000   55
70000   51
71000   51
72000   53
73000   52
74000   66
75000   56
76000   51
77000   55
78000   68
79000   71
80000   58
81000   46
82000   52
83000   53
84000   52
85000   53
86000   58
87000   52
88000   60
89000   57
90000   64
91000   47
92000   49
93000   48
94000   56
95000   56
96000   47
97000   57
98000   57
99000   69
100000   49
101000   58
102000   50
103000   68
104000   57
105000   49
106000   57
107000   51
108000   51
109000   45
110000   62
111000   49
112000   51
113000   56
114000   50
115000   48
116000   51
117000   64
118000   56
119000   57
120000   61
121000   74
122000   46
123000   27
124000   59
125000   73
126000   66
127000   49
128000   44
129000   66
130000   48
131000   47
132000   63
133000   50
134000   50
135000   60
136000   49
137000   52
138000   57
139000   48
140000   62
141000   47
142000   60
143000   51
144000   67
145000   67
146000   56
147000   44
148000   47
149000   59
150000   71
151000   49
152000   59
153000   62
154000   57
155000   67
156000   50
157000   58
158000   67
159000   58
160000   46
161000   48
162000   55
163000   60
164000   70
165000   53
166000   58
167000   57
168000   56
169000   55
170000   70
171000   39
172000   40
173000   57
174000   61
175000   38
176000   50
177000   57
178000   45
179000   57
180000   61
181000   42
182000   73
183000   64
184000   48
185000   61
186000   60
187000   57
188000   64
189000   47
190000   55
191000   46
192000   51
193000   48
194000   56
195000   51
196000   62
197000   57
198000   52
199000   62
200000   59
201000   59
202000   60
203000   42
204000   57
205000   60
206000   51
207000   47
208000   59
209000   45
210000   78
211000   53
212000   55
213000   50
214000   59
215000   70
216000   68
217000   53
218000   57
219000   56
220000   71
221000   45
222000   41
223000   52
224000   63
225000   49
226000   44
227000   63
228000   61
229000   53
230000   63
231000   51
232000   62
233000   61
234000   38
235000   58
236000   59
237000   49
238000   55
239000   58
240000   61
241000   51
242000   62
243000   57
244000   47
245000   66
246000   59
247000   58
248000   66
249000   48
250000   60
251000   52
252000   46
253000   44
254000   60
255000   55
256000   46
257000   57
258000   47
259000   79
260000   47
261000   53
262000   58
263000   45
264000   57
265000   55
266000   52
267000   60
268000   68
269000   62
270000   67
271000   50
272000   46
273000   59
274000   56
275000   52
276000   55
277000   47
278000   62
279000   47
280000   59
281000   53
282000   67
283000   63
284000   58
285000   62
286000   49
287000   58
288000   51
289000   72
290000   57
291000   59
292000   49
293000   45
294000   60
295000   58
296000   59
297000   49
298000   56
299000   34
300000   61
301000   61
302000   69
303000   58
304000   50
305000   49
306000   66
307000   42
308000   59
309000   62
310000   58
311000   31
312000   52
313000   62
314000   56
315000   57
316000   52
317000   60
318000   57
319000   49
320000   39
321000   51
322000   55
323000   52
324000   57
325000   53
326000   51
327000   58
328000   45
329000   48
330000   59
331000   50
332000   59
333000   52
334000   52
335000   56
336000   48
337000   61
338000   60
339000   62
340000   73
341000   39
342000   58
343000   53
344000   57
345000   52
346000   64
347000   52
348000   58
349000   56
350000   49
351000   47
352000   68
353000   52
354000   48
355000   50
356000   55
357000   63
358000   64
359000   50
360000   69
361000   63
362000   57
363000   59
364000   44
365000   61
366000   52
367000   50
368000   51
369000   59
370000   55
371000   52
372000   55
373000   45
374000   46
375000   41
376000   68
377000   46
378000   57
379000   71
380000   56
381000   51
382000   52
383000   49
384000   53
385000   68
386000   47
387000   46
388000   67
389000   49
390000   42
391000   63
392000   42
393000   58
394000   61
395000   56
396000   53
397000   66
398000   53
399000   48
400000   58
401000   48
402000   45
403000   47
404000   50
405000   50
406000   58
407000   52
408000   58
409000   66
410000   51
411000   66
412000   49
413000   52
414000   50
415000   63
416000   42
417000   64
418000   50
419000   48
420000   71
421000   48
422000   63
423000   45
424000   61
425000   61
426000   60
427000   51
428000   52
429000   58
430000   53
431000   53
432000   55
433000   52
434000   51
435000   47
436000   56
437000   64
438000   58
439000   51
440000   45
441000   44
442000   53
443000   37
444000   71
445000   58
446000   46
447000   44
448000   49
449000   61
450000   60
451000   50
452000   55
453000   58
454000   50
455000   41
456000   57
457000   48
458000   67
459000   48
460000   62
461000   48
462000   66
463000   50
464000   45
465000   58
466000   61
467000   55
468000   53
469000   48
470000   50
471000   51
472000   66
473000   44
474000   56
475000   63
476000   53
477000   70
478000   57
479000   51
480000   68
481000   48
482000   45
483000   46
484000   39
485000   49
486000   53
487000   52
488000   69
489000   47
490000   41
491000   52
492000   62
493000   68
494000   47
495000   63
496000   37
497000   57
498000   60
499000   68
500000   64
501000   72
502000   39
503000   58
504000   42
505000   51
506000   68
507000   46
508000   59
509000   63
510000   49
511000   33
512000   50
513000   41
514000   58
515000   59
516000   55
517000   74
518000   46
519000   59
520000   55
521000   56
522000   48
523000   56
524000   55
525000   46
526000   40
527000   49
528000   50
529000   59
530000   49
531000   49
532000   61
533000   47
534000   53
535000   63
536000   44
537000   66
538000   61
539000   58
540000   50
541000   38
542000   52
543000   49
544000   53
545000   45
546000   52
547000   59
548000   41
549000   52
550000   62
551000   50
552000   55
553000   56
554000   51
555000   61
556000   52
557000   60
558000   55
559000   46
560000   53
561000   48
562000   50
563000   61
564000   38
565000   51
566000   55
567000   49
568000   51
569000   45
570000   52
571000   52
572000   59
573000   67
574000   47
575000   46
576000   60
577000   50
578000   46
579000   68
580000   48
581000   60
582000   51
583000   50
584000   44
585000   61
586000   58
587000   49
588000   64
589000   52
590000   50
591000   56
592000   47
593000   50
594000   51
595000   47
596000   75
597000   52
598000   55
599000   60
600000   48
601000   48
602000   48
603000   49
604000   45
605000   38
606000   52
607000   47
608000   55
609000   59
610000   55
611000   55
612000   60
613000   64
614000   52
615000   62
616000   41
617000   49
618000   60
619000   47
620000   51
621000   40
622000   41
623000   59
624000   51
625000   57
626000   50
627000   55
628000   47
629000   50
630000   60
631000   41
632000   46
633000   56
634000   42
635000   60
636000   52
637000   58
638000   47
639000   62
640000   71
641000   44
642000   48
643000   44
644000   66
645000   41
646000   52
647000   52
648000   59
649000   56
650000   48
651000   55
652000   52
653000   55
654000   48
655000   41
656000   58
657000   52
658000   47
659000   46
660000   64
661000   49
662000   52
663000   47
664000   42
665000   55
666000   56
667000   44
668000   48
669000   47
670000   49
671000   55
672000   51
673000   51
674000   57
675000   40
676000   52
677000   52
678000   48
679000   52
680000   57
681000   45
682000   52
683000   64
684000   48
685000   56
686000   52
687000   63
688000   47
689000   61
690000   44
691000   50
692000   39
693000   61
694000   57
695000   57
696000   58
697000   53
698000   51
699000   52
700000   48
701000   58
702000   53
703000   64
704000   50
705000   47
706000   47
707000   51
708000   49
709000   51
710000   51
711000   46
712000   46
713000   45
714000   50
715000   57
716000   52
717000   52
718000   56
719000   41
720000   50
721000   63
722000   42
723000   52
724000   42
725000   36
726000   44
727000   59
728000   49
729000   63
730000   55
731000   66
732000   47
733000   53
734000   53
735000   47
736000   62
737000   56
738000   51
739000   51
740000   49
741000   40
742000   49
743000   50
744000   59
745000   57
746000   46
747000   51
748000   53
749000   56
750000   47
751000   61
752000   50
753000   49
754000   51
755000   56
756000   49
757000   45
758000   51
759000   51
760000   57
761000   60
762000   47
763000   53
764000   52
765000   57
766000   60
767000   53
768000   57
769000   49
770000   61
771000   51
772000   47
773000   55
774000   46
775000   41
776000   50
777000   49
778000   55
779000   63
780000   49
781000   62
782000   46
783000   51
784000   42
785000   52
786000   56
787000   51
788000   51
789000   47
790000   58
791000   38
792000   45
793000   50
794000   51
795000   58
796000   64
797000   39
798000   66
799000   59
800000   41
801000   48
802000   50
803000   45
804000   40
805000   44
806000   47
807000   58
808000   60
809000   58
810000   41
811000   53
812000   67
813000   44
814000   53
815000   52
816000   48
817000   47
818000   41
819000   56
820000   38
821000   48
822000   52
823000   40
824000   45
825000   69
826000   50
827000   52
828000   51
829000   36
830000   59
831000   40
832000   36
833000   61
834000   45
835000   47
836000   56
837000   47
838000   55
839000   52
840000   53
841000   61
842000   34
843000   49
844000   56
845000   52
846000   51
847000   52
848000   34
849000   53
850000   46
851000   56
852000   47
853000   51
854000   50
855000   46
856000   48
857000   58
858000   55
859000   48
860000   52
861000   44
862000   47
863000   36
864000   69
865000   51
866000   58
867000   51
868000   45
869000   53
870000   49
871000   42
872000   44
873000   58
874000   44
875000   57
876000   53
877000   66
878000   41
879000   48
880000   56
881000   46
882000   45
883000   56
884000   41
885000   49
886000   52
887000   45
888000   52
889000   50
890000   42
891000   49
892000   56
893000   59
894000   51
895000   46
896000   39
897000   49
898000   41
899000   56
900000   56
901000   59
902000   56
903000   56
904000   61
905000   49
906000   48
907000   51
908000   44
909000   53
910000   49
911000   44
912000   56
913000   46
914000   53
915000   52
916000   51
917000   53
918000   52
919000   45
920000   60
921000   53
922000   46
923000   38
924000   39
925000   58
926000   50
927000   42
928000   51
929000   46
930000   55
931000   38
932000   45
933000   60
934000   46
935000   48
936000   44
937000   51
938000   50
939000   52
940000   55
941000   51
942000   53
943000   55
944000   46
945000   52
946000   46
947000   46
948000   48
949000   53
950000   50
951000   45
952000   56
953000   44
954000   40
955000   55
956000   45
957000   59
958000   44
959000   56
960000   47
961000   45
962000   50
963000   48
964000   46
965000   60
966000   52
967000   48
968000   55
969000   55
970000   46
971000   47
972000   39
973000   42
974000   53
975000   51
976000   48
977000   39
978000   59
979000   55
980000   50
981000   47
982000   50
983000   46
984000   41
985000   45
986000   61
987000   57
988000   59
989000   51
990000   50
991000   41
992000   47
993000   58
994000   51
995000   38
996000   61
997000   63
998000   39
999000   53
1000000   52
1001000   42
1002000   48
1003000   44
1004000   55
1005000   40
1006000   58
1007000   49
1008000   51
1009000   45
1010000   55
1011000   55
1012000   41
1013000   47
1014000   48
1015000   61
1016000   52
1017000   41
1018000   42
1019000   45
1020000   69
1021000   46
1022000   41
1023000   47
1024000   40
1025000   51
1026000   46
1027000   45
1028000   42
1029000   45
1030000   49
1031000   56
1032000   46
1033000   50
1034000   48
1035000   57
1036000   40
1037000   44
1038000   40
1039000   46
1040000   55
1041000   50
1042000   50
1043000   51
1044000   45
1045000   67
1046000   41
1047000   66
1048000   33
1049000   44
1050000   47
1051000   46
1052000   45
1053000   44
1054000   49
1055000   60
1056000   42
1057000   55
1058000   56
1059000   49
1060000   45
1061000   49
1062000   52
1063000   49
1064000   52
1065000   56
1066000   47
1067000   44
1068000   51
1069000   63
1070000   45
1071000   45
1072000   35
1073000   45
1074000   52
1075000   49
1076000   60
1077000   48
1078000   47
1079000   44
1080000   51
1081000   59
1082000   52
1083000   39
1084000   44
1085000   57
1086000   39
1087000   45
1088000   51
1089000   56
1090000   35
1091000   51
1092000   51
1093000   52
1094000   39
1095000   56
1096000   44
1097000   35
1098000   41
1099000   50
1100000   37
1101000   46
1102000   66
1103000   57
1104000   53
1105000   50
1106000   37
1107000   44
1108000   48
1109000   67
1110000   50
1111000   45
1112000   47
1113000   44
1114000   52
1115000   58
1116000   52
1117000   46
1118000   49
1119000   49
1120000   59
1121000   52
1122000   44
1123000   49
1124000   52
1125000   42
1126000   47
1127000   62
1128000   41
1129000   51
1130000   50
1131000   51
1132000   45
1133000   41
1134000   44
1135000   48
1136000   59
1137000   49
1138000   38
1139000   51
1140000   41
1141000   55
1142000   47
1143000   47
1144000   44
1145000   44
1146000   66
1147000   52
1148000   56
1149000   49
1150000   44
1151000   41
1152000   51
1153000   52
1154000   56
1155000   52
1156000   47
1157000   46
1158000   69
1159000   39
1160000   46
1161000   39
1162000   37
1163000   51
1164000   39
1165000   49
1166000   41
1167000   60
1168000   58
1169000   42
1170000   47
1171000   46
1172000   59
1173000   64
1174000   45
1175000   40
1176000   45
1177000   51
1178000   53
1179000   44
1180000   50
1181000   48
1182000   39
1183000   56
1184000   49
1185000   46
1186000   46
1187000   51
1188000   50
1189000   52
1190000   48
1191000   45
1192000   45
1193000   42
1194000   33
1195000   51
1196000   50
1197000   51
1198000   55
1199000   53
1200000   44
1201000   48
1202000   63
1203000   38
1204000   44
1205000   39
1206000   44
1207000   49
1208000   52
1209000   56
1210000   42
1211000   36
1212000   48
1213000   42
1214000   52
1215000   48
1216000   57
1217000   55
1218000   45
1219000   51
1220000   53
1221000   44
1222000   55
1223000   45
1224000   56
1225000   44
1226000   46
1227000   44
1228000   60
1229000   39
1230000   66
1231000   46
1232000   51
1233000   44
1234000   53
1235000   46
1236000   50
1237000   51
1238000   46
1239000   52
1240000   44
1241000   46
1242000   44
1243000   49
1244000   50
1245000   57
1246000   47
1247000   51
1248000   49
1249000   53
1250000   42
1251000   40
1252000   50
1253000   56
1254000   45
1255000   55
1256000   50
1257000   44
1258000   52
1259000   41
1260000   46
1261000   55
1262000   51
1263000   63
1264000   45
1265000   55
1266000   51
1267000   44
1268000   33
1269000   59
1270000   46
1271000   50
1272000   38
1273000   42
1274000   47
1275000   57
1276000   53
1277000   51
1278000   51
1279000   42
1280000   52
1281000   56
1282000   45
1283000   45
1284000   42
1285000   50
1286000   45
1287000   34
1288000   53
1289000   58
1290000   45
1291000   41
1292000   56
1293000   56
1294000   56
1295000   57
1296000   58
1297000   50
1298000   48
1299000   50
1300000   38
1301000   48
1302000   44
1303000   50
1304000   60
1305000   50
1306000   52
1307000   45
1308000   58
1309000   46
1310000   56
1311000   35
1312000   46
1313000   39
1314000   52
1315000   42
1316000   47
1317000   55
1318000   60
1319000   55
1320000   41
1321000   45
1322000   56
1323000   45
1324000   47
1325000   49
1326000   47
1327000   49
1328000   45
1329000   51
1330000   50
1331000   50
1332000   45
1333000   55
1334000   57
1335000   56
1336000   47
1337000   45
1338000   61
1339000   34
1340000   53
1341000   58
1342000   45
1343000   53
1344000   45
1345000   51
1346000   64
1347000   56
1348000   42
1349000   53
1350000   48
1351000   45
1352000   46
1353000   52
1354000   42
1355000   51
1356000   38
1357000   42
1358000   69
1359000   68
1360000   55
1361000   40
1362000   41
1363000   60
1364000   37
1365000   67
1366000   45
1367000   61
1368000   56
1369000   53
1370000   46
1371000   40
1372000   57
1373000   46
1374000   58
1375000   40
1376000   57
1377000   41
1378000   56
1379000   49
1380000   52
1381000   56
1382000   50
1383000   53
1384000   53
1385000   51
1386000   51
1387000   55
1388000   44
1389000   63
1390000   35
1391000   49
1392000   46
1393000   46
1394000   60
1395000   52
1396000   44
1397000   57
1398000   42
1399000   56
1400000   62
1401000   46
1402000   47
1403000   36
1404000   56
1405000   47
1406000   57
1407000   49
1408000   62
1409000   57
1410000   57
1411000   42
1412000   39
1413000   42
1414000   57
1415000   47
1416000   50
1417000   57
1418000   49
1419000   42
1420000   58
1421000   48
1422000   42
1423000   57
1424000   38
1425000   55
1426000   60
1427000   60
1428000   49
1429000   66
1430000   50
1431000   36
1432000   56
1433000   51
1434000   58
1435000   46
1436000   53
1437000   41
1438000   56
1439000   44
1440000   49
1441000   49
1442000   45
1443000   42
1444000   55
1445000   57
1446000   31
1447000   49
1448000   55
1449000   59
1450000   55
1451000   58
1452000   44
1453000   45
1454000   53
1455000   59
1456000   66
1457000   37
1458000   57
1459000   40
1460000   49
1461000   49
1462000   45
1463000   47
1464000   46
1465000   42
1466000   57
1467000   57
1468000   66
1469000   45
1470000   64
1471000   40
1472000   51
1473000   64
1474000   41
1475000   40
1476000   57
1477000   56
1478000   53
1479000   42
1480000   55
1481000   53
1482000   52
1483000   42
1484000   49
1485000   67
1486000   44
1487000   42
1488000   50
1489000   56
1490000   49
1491000   53
1492000   36
1493000   46
1494000   64
1495000   49
1496000   48
1497000   49
1498000   53
1499000   70
1500000   42
1501000   51
1502000   51
1503000   44
1504000   59
1505000   46
1506000   53
1507000   64
1508000   52
1509000   41
1510000   47
1511000   50
1512000   45
1513000   50
1514000   55
1515000   59
1516000   62
1517000   48
1518000   52
1519000   64
1520000   58
1521000   45
1522000   49
1523000   52
1524000   50
1525000   47
1526000   47
1527000   55
1528000   45
1529000   67
1530000   40
1531000   52
1532000   49
1533000   50
1534000   34
1535000   62
1536000   50
1537000   46
1538000   56
1539000   62
1540000   53
1541000   41
1542000   59
1543000   49
1544000   53
1545000   49
1546000   58
1547000   47
1548000   45
1549000   44
1550000   52
1551000   66
1552000   46
1553000   35
1554000   53
1555000   50
1556000   68
1557000   53
1558000   55
1559000   42
1560000   42
1561000   50
1562000   57
1563000   53
1564000   49
1565000   47
1566000   39
1567000   44
1568000   53
1569000   51
1570000   51
1571000   41
1572000   58
1573000   50
1574000   57
1575000   45
1576000   56
1577000   55
1578000   42
1579000   55
1580000   57
1581000   49
1582000   39
1583000   46
1584000   53
1585000   58
1586000   57
1587000   52
1588000   55
1589000   56
1590000   61
1591000   41
1592000   51
1593000   39
1594000   56
1595000   58
1596000   45
1597000   47
1598000   53
1599000   56
1600000   39
1601000   51
1602000   44
1603000   50
1604000   48
1605000   52
1606000   46
1607000   50
1608000   52
1609000   50
1610000   49
1611000   60
1612000   49
1613000   38
1614000   52
1615000   52
1616000   48
1617000   55
1618000   47
1619000   56
1620000   52
1621000   53
1622000   45
1623000   52
1624000   58
1625000   51
1626000   53
1627000   55
1628000   49
1629000   42
1630000   46
1631000   46
1632000   68
1633000   41
1634000   45
1635000   46
1636000   49
1637000   46
1638000   57
1639000   46
1640000   50
1641000   63
1642000   49
1643000   67
1644000   57
1645000   35
1646000   51
1647000   56
1648000   41
1649000   53
1650000   68
1651000   59
1652000   45
1653000   37
1654000   46
1655000   45
1656000   46
1657000   57
1658000   70
1659000   63
1660000   58
1661000   31
1662000   59
1663000   49
1664000   44
1665000   49
1666000   70
1667000   50
1668000   58
1669000   63
1670000   57
1671000   40
1672000   50
1673000   50
1674000   56
1675000   59
1676000   44
1677000   52
1678000   61
1679000   45
1680000   40
1681000   59
1682000   55
1683000   47
1684000   48
1685000   60
1686000   48
1687000   47
1688000   46
1689000   50
1690000   78
1691000   53
1692000   51
1693000   51
1694000   56
1695000   42
1696000   70
1697000   48
1698000   47
1699000   57
1700000   49
1701000   52
1702000   50
1703000   55
1704000   45
1705000   48
1706000   53
1707000   55
1708000   51
1709000   47
1710000   60
1711000   60
1712000   47
1713000   42
1714000   41
1715000   56
1716000   57
1717000   60
1718000   58
1719000   53
1720000   47
1721000   39
1722000   45
1723000   68
1724000   46
1725000   49
1726000   47
1727000   51
1728000   52
1729000   55
1730000   53
1731000   33
1732000   58
1733000   57
1734000   56
1735000   61
1736000   58
1737000   53
1738000   46
1739000   50
1740000   45
1741000   48
1742000   50
1743000   64
1744000   46
1745000   46
1746000   41
1747000   49
1748000   47
1749000   50
1750000   48
1751000   53
1752000   49
1753000   51
1754000   60
1755000   56
1756000   53
1757000   48
1758000   63
1759000   58
1760000   41
1761000   48
1762000   64
1763000   49
1764000   40
1765000   57
1766000   55
1767000   69
1768000   46
1769000   56
1770000   45
1771000   50
1772000   53
1773000   61
1774000   58
1775000   48
1776000   50
1777000   48
1778000   50
1779000   62
1780000   44
1781000   56
1782000   63
1783000   45
1784000   37
1785000   46
1786000   58
1787000   46
1788000   53
1789000   67
1790000   58
1791000   51
1792000   45
1793000   49
1794000   42
1795000   58
1796000   61
1797000   40
1798000   44
1799000   67
1800000   51
1801000   60
1802000   69
1803000   61
1804000   47
1805000   55
1806000   47
1807000   53
1808000   50
1809000   55
1810000   68
1811000   47
1812000   56
1813000   51
1814000   45
1815000   51
1816000   45
1817000   47
1818000   56
1819000   53
1820000   58
1821000   63
1822000   40
1823000   68
1824000   62
1825000   38
1826000   58
1827000   44
1828000   59
1829000   57
1830000   53
1831000   50
1832000   45
1833000   50
1834000   58
1835000   56
1836000   56
1837000   50
1838000   49
1839000   45
1840000   62
1841000   57
1842000   42
1843000   42
1844000   49
1845000   51
1846000   61
1847000   59
1848000   42
1849000   59
1850000   58
1851000   63
1852000   38
1853000   60
1854000   48
1855000   44
1856000   64
1857000   51
1858000   53
1859000   55
1860000   45
1861000   45
1862000   45
1863000   40
1864000   53
1865000   69
1866000   67
1867000   52
1868000   50
1869000   50
1870000   51
1871000   50
1872000   52
1873000   57
1874000   64
1875000   44
1876000   56
1877000   46
1878000   57
1879000   51
1880000   56
1881000   49
1882000   60
1883000   52
1884000   61
1885000   51
1886000   45
1887000   50
1888000   56
1889000   55
1890000   49
1891000   58
1892000   63
1893000   59
1894000   44
1895000   59
1896000   46
1897000   66
1898000   52
1899000   45
1900000   62
1901000   55
1902000   47
1903000   68
1904000   46
1905000   63
1906000   56
1907000   59
1908000   64
1909000   42
1910000   55
1911000   49
1912000   57
1913000   49
1914000   39
1915000   56
1916000   47
1917000   62
1918000   56
1919000   71
1920000   48
1921000   47
1922000   62
1923000   57
1924000   51
1925000   53
1926000   45
1927000   40
1928000   64
1929000   55
1930000   53
1931000   49
1932000   61
1933000   46
1934000   68
1935000   49
1936000   52
1937000   53
1938000   62
1939000   47
1940000   59
1941000   41
1942000   58
1943000   46
1944000   44
1945000   51
1946000   44
1947000   44
1948000   66
1949000   74
1950000   61
1951000   42
1952000   60
1953000   64
1954000   48
1955000   53
1956000   46
1957000   50
1958000   62
1959000   73
1960000   44
1961000   34
1962000   49
1963000   53
1964000   49
1965000   42
1966000   55
1967000   57
1968000   61
1969000   56
1970000   62
1971000   52
1972000   47
1973000   56
1974000   49
1975000   58
1976000   55
1977000   45
1978000   47
1979000   62
1980000   50
1981000   56
1982000   52
1983000   64
1984000   50
1985000   47
1986000   55
1987000   51
1988000   45
1989000   57
1990000   55
1991000   48
1992000   53
1993000   63
1994000   59
1995000   33
1996000   53
1997000   52
1998000   59
1999000   52
2000000   51
2001000   58
2002000   61
2003000   48
2004000   49
2005000   56
2006000   45
2007000   45
2008000   48
2009000   58
2010000   48
2011000   59
2012000   53
2013000   42
2014000   64
2015000   53
2016000   45
2017000   44
2018000   72
2019000   62
2020000   52
2021000   52
2022000   64
2023000   46
2024000   51
2025000   64
2026000   64
2027000   56
2028000   51
2029000   44
2030000   58
2031000   50
2032000   53
2033000   51
2034000   57
2035000   56
2036000   66
2037000   55
2038000   55
2039000   49
2040000   57
2041000   50
2042000   50
2043000   56
2044000   56
2045000   56
2046000   48
2047000   52
2048000   58
2049000   49
2050000   67
2051000   50
2052000   58
2053000   60
2054000   62
2055000   42
2056000   45
2057000   62
2058000   50
2059000   57
2060000   58
2061000   46
2062000   48
2063000   51
2064000   58
2065000   52
2066000   55
2067000   55
2068000   56
2069000   53
2070000   45
2071000   45
2072000   51
2073000   57
2074000   55
2075000   68
2076000   53
2077000   59
2078000   53
2079000   48
2080000   58
2081000   51
2082000   52
2083000   60
2084000   45
2085000   47
2086000   73
2087000   49
2088000   57
2089000   62
2090000   63
2091000   53
2092000   59
2093000   52
2094000   62
2095000   56
2096000   55
2097000   53
2098000   73
2099000   59
2100000   53
2101000   56
2102000   51
2103000   60
2104000   49
2105000   57
2106000   51
2107000   37
2108000   66
2109000   45
2110000   50
2111000   56
2112000   50
2113000   56
2114000   57
2115000   60
2116000   56
2117000   51
2118000   60
2119000   48
2120000   51
2121000   50
2122000   66
2123000   49
2124000   50
2125000   58
2126000   52
2127000   40
2128000   53
2129000   72
2130000   51
2131000   71
2132000   52
2133000   53
2134000   45
2135000   61
2136000   53
2137000   56
2138000   53
2139000   67
2140000   57
2141000   55
2142000   70
2143000   49
2144000   48
2145000   53
2146000   57
2147000   60
2148000   57
2149000   56
2150000   59
2151000   50
2152000   69
2153000   47
2154000   61
2155000   64
2156000   61
2157000   51
2158000   59
2159000   45
2160000   51
2161000   41
2162000   52
2163000   66
2164000   48
2165000   57
2166000   61
2167000   47
2168000   61
2169000   51
2170000   62
2171000   58
2172000   60
2173000   49
2174000   60
2175000   60
2176000   60
2177000   60
2178000   49
2179000   64
2180000   41
2181000   53
2182000   51
2183000   53
2184000   68
2185000   67
2186000   53
2187000   50
2188000   55
2189000   57
2190000   66
2191000   47
2192000   51
2193000   67
2194000   59
2195000   57
2196000   45
2197000   52
2198000   61
2199000   48
2200000   63
2201000   51
2202000   47
2203000   47
2204000   72
2205000   68
2206000   61
2207000   41
2208000   53
2209000   60
2210000   59
2211000   66
2212000   53
2213000   52
2214000   64
2215000   52
2216000   55
2217000   45
2218000   52
2219000   53
2220000   55
2221000   51
2222000   56
2223000   58
2224000   48
2225000   55
2226000   50
2227000   51
2228000   63
2229000   52
2230000   64
2231000   59
2232000   56
2233000   60
2234000   50
2235000   58
2236000   52
2237000   63
2238000   41
2239000   68
2240000   60
2241000   60
2242000   52
2243000   61
2244000   47
2245000   49
2246000   56
2247000   72
2248000   56
2249000   58
2250000   55
2251000   55
2252000   57
2253000   61
2254000   49
2255000   60
2256000   59
2257000   48
2258000   44
2259000   71
2260000   57
2261000   48
2262000   62
2263000   46
2264000   61
2265000   48
2266000   71
2267000   61
2268000   55
2269000   55
2270000   63
2271000   50
2272000   62
2273000   52
2274000   61
2275000   50
2276000   62
2277000   52
2278000   41
2279000   62
2280000   68
2281000   63
2282000   63
2283000   42
2284000   52
2285000   55
2286000   63
2287000   38
2288000   72
2289000   62
2290000   56
2291000   55
2292000   49
2293000   59
2294000   46
2295000   47
2296000   51
2297000   71
2298000   55
2299000   49
2300000   68
2301000   44
2302000   64
2303000   56
2304000   63
2305000   52
2306000   68
2307000   41
2308000   55
2309000   66
2310000   74
2311000   50
2312000   56
2313000   45
2314000   55
2315000   48
2316000   46
2317000   52
2318000   37
2319000   63
2320000   66
2321000   66
2322000   64
2323000   42
2324000   70
2325000   60
2326000   67
2327000   44
2328000   53
2329000   68
2330000   52
2331000   55
2332000   59
2333000   53
2334000   52
2335000   64
2336000   69
2337000   48
2338000   48
2339000   66
2340000   66
2341000   48
2342000   67
2343000   55
2344000   62
2345000   66
2346000   69
2347000   60
2348000   41
2349000   68
2350000   59
2351000   52
2352000   57
2353000   66
2354000   44
2355000   44
2356000   66
2357000   53
2358000   50
2359000   53
2360000   77
2361000   60
2362000   52
2363000   53
2364000   56
2365000   49
2366000   57
2367000   68
2368000   67
2369000   49
2370000   59
2371000   60
2372000   57
2373000   58
2374000   51
2375000   56
2376000   48
2377000   44
2378000   52
2379000   55
2380000   69
2381000   60
2382000   52
2383000   57
2384000   55
2385000   61
2386000   53
2387000   69
2388000   63
2389000   63
2390000   51
2391000   61
2392000   51
2393000   60
2394000   60
2395000   67
2396000   55
2397000   62
2398000   51
2399000   49
2400000   58
2401000   49
2402000   51
2403000   70
2404000   61
2405000   69
2406000   49
2407000   51
2408000   69
2409000   58
2410000   40
2411000   47
2412000   61
2413000   51
2414000   55
2415000   57
2416000   63
2417000   52
2418000   53
2419000   51
2420000   58
2421000   58
2422000   50
2423000   63
2424000   62
2425000   68
2426000   63
2427000   58
2428000   59
2429000   57
2430000   58
2431000   56
2432000   61
2433000   57
2434000   47
2435000   50
2436000   55
2437000   53
2438000   62
2439000   58
2440000   72
2441000   49
2442000   51
2443000   50
2444000   55
2445000   62
2446000   67
2447000   57
2448000   53
2449000   73
2450000   69
2451000   52
2452000   48
2453000   48
2454000   56
2455000   58
2456000   60
2457000   46
2458000   61
2459000   52
2460000   59
2461000   62
2462000   69
2463000   53
2464000   53
2465000   46
2466000   53
2467000   61
2468000   62
2469000   62
2470000   58
2471000   60
2472000   56
2473000   45
2474000   50
2475000   59
2476000   81
2477000   61
2478000   50
2479000   50
2480000   70
2481000   51
2482000   45
2483000   68
2484000   49
2485000   64
2486000   62
2487000   57
2488000   47
2489000   55
2490000   59
2491000   47
2492000   64
2493000   55
2494000   55
2495000   49
2496000   58
2497000   62
2498000   52
2499000   67
2500000   63
2501000   60
2502000   56
2503000   49
2504000   46
2505000   35
2506000   64
2507000   51
2508000   60
2509000   61
2510000   58
2511000   52
2512000   42
2513000   56
2514000   74
2515000   56
2516000   69
2517000   56
2518000   69
2519000   47
2520000   60
2521000   61
2522000   66
2523000   48
2524000   53
2525000   71
2526000   58
2527000   53
2528000   57
2529000   56
2530000   71
2531000   59
2532000   59
2533000   58
2534000   60
2535000   60
2536000   53
2537000   52
2538000   44
2539000   60
2540000   58
2541000   55
2542000   80
2543000   63
2544000   55
2545000   64
2546000   51
2547000   66
2548000   64
2549000   39
2550000   66
2551000   64
2552000   45
2553000   60
2554000   57
2555000   48
2556000   47
2557000   67
2558000   58
2559000   59
2560000   64
2561000   47
2562000   79
2563000   80
2564000   53
2565000   49
2566000   58
2567000   67
2568000   56
2569000   52
2570000   68
2571000   45
2572000   57
2573000   45
2574000   56
2575000   55
2576000   60
2577000   69
2578000   63
2579000   60
2580000   52
2581000   46
2582000   58
2583000   48
2584000   63
2585000   55
2586000   56
2587000   60
2588000   51
2589000   55
2590000   64
2591000   56
2592000   49
2593000   64
2594000   47
2595000   52
2596000   56
2597000   67
2598000   56
2599000   47
2600000   53
2601000   63
2602000   53
2603000   59
2604000   63
2605000   52
2606000   78
2607000   64
2608000   63
2609000   51
2610000   52
2611000   52
2612000   55
2613000   58
2614000   55
2615000   60
2616000   66
2617000   68
2618000   68
2619000   46
2620000   52
2621000   63
2622000   61
2623000   50
2624000   69
2625000   77
2626000   53
2627000   59
2628000   50
2629000   55
2630000   79
2631000   52
2632000   64
2633000   68
2634000   45
2635000   67
2636000   57
2637000   60
2638000   58
2639000   53
2640000   67
2641000   58
2642000   57
2643000   58
2644000   53
2645000   49
2646000   59
2647000   61
2648000   64
2649000   60
2650000   64
2651000   51
2652000   59
2653000   53
2654000   53
2655000   53
2656000   59
2657000   69
2658000   64
2659000   62
2660000   61
2661000   49
2662000   59
2663000   57
2664000   63
2665000   66
2666000   41
2667000   52
2668000   62
2669000   67
2670000   70
2671000   48
2672000   58
2673000   57
2674000   58
2675000   56
2676000   70
2677000   52
2678000   63
2679000   52
2680000   58
2681000   60
2682000   74
2683000   49
2684000   58
2685000   44
2686000   62
2687000   64
2688000   78
2689000   60
2690000   67
2691000   52
2692000   48
2693000   55
2694000   53
2695000   71
2696000   47
2697000   51
2698000   49
2699000   57
2700000   70
2701000   55
2702000   64
2703000   56
2704000   52
2705000   58
2706000   52
2707000   56
2708000   51
2709000   58
2710000   59
2711000   48
2712000   73
2713000   75
2714000   48
2715000   61
2716000   44
2717000   60
2718000   44
2719000   77
2720000   60
2721000   41
2722000   41
2723000   57
2724000   57
2725000   50
2726000   62
2727000   63
2728000   67
2729000   63
2730000   64
2731000   60
2732000   49
2733000   63
2734000   52
2735000   57
2736000   50
2737000   57
2738000   52
2739000   51
2740000   61
2741000   47
2742000   53
2743000   67
2744000   55
2745000   68
2746000   46
2747000   47
2748000   69
2749000   60
2750000   59
2751000   55
2752000   70
2753000   51
2754000   42
2755000   58
2756000   67
2757000   55
2758000   48
2759000   59
2760000   53
2761000   58
2762000   61
2763000   45
2764000   61
2765000   71
2766000   60
2767000   67
2768000   52
2769000   60
2770000   69
2771000   60
2772000   68
2773000   41
2774000   52
2775000   52
2776000   58
2777000   58
2778000   48
2779000   57
2780000   64
2781000   50
2782000   61
2783000   45
2784000   66
2785000   58
2786000   57
2787000   62
2788000   56
2789000   47
2790000   60
2791000   58
2792000   57
2793000   63
2794000   49
2795000   62
2796000   63
2797000   73
2798000   57
2799000   48
2800000   61
2801000   71
2802000   39
2803000   62
2804000   47
2805000   52
2806000   51
2807000   63
2808000   69
2809000   58
2810000   61
2811000   55
2812000   47
2813000   66
2814000   63
2815000   62
2816000   64
2817000   66
2818000   66
2819000   61
2820000   64
2821000   42
2822000   50
2823000   64
2824000   50
2825000   68
2826000   57
2827000   44
2828000   62
2829000   68
2830000   48
2831000   67
2832000   74
2833000   62
2834000   49
2835000   56
2836000   50
2837000   47
2838000   68
2839000   60
2840000   72
2841000   51
2842000   60
2843000   62
2844000   55
2845000   51
2846000   59
2847000   68
2848000   53
2849000   58
2850000   61
2851000   51
2852000   56
2853000   61
2854000   69
2855000   61
2856000   63
2857000   52
2858000   52
2859000   56
2860000   53
2861000   61
2862000   56
2863000   67
2864000   49
2865000   64
2866000   62
2867000   74
2868000   64
2869000   66
2870000   51
2871000   59
2872000   44
2873000   58
2874000   52
2875000   39
2876000   50
2877000   73
2878000   72
2879000   60
2880000   47
2881000   60
2882000   51
2883000   60
2884000   48
2885000   77
2886000   56
2887000   68
2888000   53
2889000   50
2890000   61
2891000   68
2892000   60
2893000   59
2894000   57
2895000   52
2896000   55
2897000   45
2898000   69
2899000   61
2900000   63
2901000   60
2902000   69
2903000   61
2904000   48
2905000   60
2906000   75
2907000   58
2908000   61
2909000   45
2910000   56
2911000   50
2912000   55
2913000   71
2914000   51
2915000   72
2916000   47
2917000   53
2918000   69
2919000   73
2920000   55
2921000   47
2922000   69
2923000   59
2924000   61
2925000   63
2926000   63
2927000   58
2928000   51
2929000   62
2930000   62
2931000   50
2932000   56
2933000   66
2934000   45
2935000   62
2936000   79
2937000   57
2938000   67
2939000   60
2940000   58
2941000   57
2942000   58
2943000   52
2944000   49
2945000   60
2946000   50
2947000   71
2948000   58
2949000   58
2950000   61
2951000   68
2952000   62
2953000   53
2954000   57
2955000   66
2956000   60
2957000   59
2958000   66
2959000   63
2960000   59
2961000   66
2962000   49
2963000   59
2964000   61
2965000   48
2966000   62
2967000   57
2968000   64
2969000   70
2970000   63
2971000   53
2972000   56
2973000   49
2974000   70
2975000   64
2976000   53
2977000   50
2978000   40
2979000   48
2980000   75
2981000   52
2982000   60
2983000   55
2984000   70
2985000   67
2986000   58
2987000   60
2988000   75
2989000   63
2990000   72
2991000   48
2992000   61
2993000   47
2994000   52
2995000   64
2996000   53
2997000   51
2998000   69
2999000   66
3000000   62
3001000   56
3002000   55
3003000   58
3004000   60
3005000   59
3006000   57
3007000   63
3008000   67
3009000   56
3010000   51
3011000   51
3012000   53
3013000   69
3014000   60
3015000   70
3016000   63
3017000   67
3018000   57
3019000   47
3020000   58
3021000   62
3022000   64
3023000   52
3024000   51
3025000   71
3026000   53
3027000   72
3028000   58
3029000   57
3030000   66
3031000   59
3032000   63
3033000   57
3034000   56
3035000   44
3036000   62
3037000   70
3038000   45
3039000   64
3040000   62
3041000   51
3042000   55
3043000   56
3044000   55
3045000   64
3046000   73
3047000   60
3048000   70
3049000   66
3050000   64
3051000   60
3052000   53
3053000   52
3054000   50
3055000   62
3056000   59
3057000   50
3058000   81
3059000   61
3060000   50
3061000   63
3062000   61
3063000   62
3064000   64
3065000   55
3066000   67
3067000   50
3068000   66
3069000   59
3070000   62
3071000   57
3072000   60
3073000   52
3074000   61
3075000   53
3076000   57
3077000   61
3078000   64
3079000   58
3080000   57
3081000   56
3082000   56
3083000   70
3084000   61
3085000   61
3086000   57
3087000   67
3088000   59
3089000   67
3090000   62
3091000   64
3092000   60
3093000   64
3094000   66
3095000   66
3096000   56
3097000   50
3098000   44
3099000   56
3100000   67
3101000   59
3102000   57
3103000   47
3104000   59
3105000   59
3106000   38
3107000   63
3108000   66
3109000   58
3110000   56
3111000   56
3112000   56
3113000   60
3114000   62
3115000   59
3116000   66
3117000   48
3118000   68
3119000   59
3120000   60
3121000   55
3122000   67
3123000   46
3124000   40
3125000   61
3126000   56
3127000   74
3128000   66
3129000   56
3130000   61
3131000   58
3132000   73
3133000   59
3134000   50
3135000   61
3136000   74
3137000   48
3138000   56
3139000   51
3140000   66
3141000   55
3142000   61
3143000   62
3144000   56
3145000   57
3146000   60
3147000   64
3148000   55
3149000   58
3150000   70
3151000   47
3152000   73
3153000   55
3154000   59
3155000   63
3156000   62
3157000   57
3158000   63
3159000   52
3160000   84
3161000   63
3162000   60
3163000   47
3164000   57
3165000   51
3166000   63
3167000   56
3168000   73
3169000   63
3170000   51
3171000   59
3172000   70
3173000   48
3174000   81
3175000   66
3176000   58
3177000   59
3178000   59
3179000   62
3180000   49
3181000   71
3182000   53
3183000   66
3184000   53
3185000   50
3186000   67
3187000   70
3188000   62
3189000   55
3190000   64
3191000   67
3192000   49
3193000   56
3194000   64
3195000   59
3196000   63
3197000   48
3198000   59
3199000   48
3200000   61
3201000   47
3202000   42
3203000   68
3204000   61
3205000   71
3206000   58
3207000   57
3208000   68
3209000   67
3210000   63
3211000   61
3212000   60
3213000   51
3214000   57
3215000   49
3216000   48
3217000   62
3218000   75
3219000   62
3220000   58
3221000   66
3222000   51
3223000   63
3224000   52
3225000   52
3226000   59
3227000   53
3228000   67
3229000   62
3230000   69
3231000   50
3232000   49
3233000   53
3234000   59
3235000   70
3236000   66
3237000   70
3238000   55
3239000   47
3240000   57
3241000   62
3242000   49
3243000   63
3244000   50
3245000   69
3246000   66
3247000   56
3248000   59
3249000   61
3250000   58
3251000   59
3252000   49
3253000   60
3254000   70
3255000   66
3256000   55
3257000   63
3258000   74
3259000   58
3260000   59
3261000   55
3262000   57
3263000   52
3264000   49
3265000   53
3266000   47
3267000   49
3268000   71
3269000   70
3270000   67
3271000   49
3272000   60
3273000   58
3274000   56
3275000   60
3276000   56
3277000   59
3278000   59
3279000   46
3280000   66
3281000   66
3282000   62
3283000   51
3284000   53
3285000   75
3286000   49
3287000   59
3288000   67
3289000   62
3290000   59
3291000   59
3292000   58
3293000   52
3294000   60
3295000   53
3296000   59
3297000   67
3298000   56
3299000   64
3300000   68
3301000   62
3302000   56
3303000   56
3304000   70
3305000   64
3306000   52
3307000   68
3308000   48
3309000   62
3310000   53
3311000   57
3312000   59
3313000   61
3314000   56
3315000   49
3316000   66
3317000   53
3318000   57
3319000   71
3320000   68
3321000   71
3322000   58
3323000   60
3324000   51
3325000   58
3326000   48
3327000   52
3328000   55
3329000   63
3330000   69
3331000   61
3332000   48
3333000   62
3334000   52
3335000   63
3336000   69
3337000   63
3338000   51
3339000   69
3340000   59
3341000   48
3342000   61
3343000   58
3344000   60
3345000   62
3346000   55
3347000   70
3348000   52
3349000   57
3350000   68
3351000   52
3352000   47
3353000   68
3354000   50
3355000   60
3356000   62
3357000   62
3358000   61
3359000   57
3360000   55
3361000   60
3362000   63
3363000   57
3364000   63
3365000   52
3366000   50
3367000   61
3368000   48
3369000   59
3370000   48
3371000   66
3372000   55
3373000   57
3374000   66
3375000   58
3376000   62
3377000   70
3378000   68
3379000   56
3380000   44
3381000   57
3382000   68
3383000   63
3384000   66
3385000   51
3386000   51
3387000   68
3388000   71
3389000   55
3390000   67
3391000   60
3392000   59
3393000   70
3394000   61
3395000   68
3396000   61
3397000   57
3398000   57
3399000   62
3400000   67
3401000   63
3402000   44
3403000   64
3404000   56
3405000   69
3406000   57
3407000   79
3408000   67
3409000   59
3410000   47
3411000   38
3412000   63
3413000   60
3414000   50
3415000   62
3416000   44
3417000   71
3418000   70
3419000   62
3420000   52
3421000   45
3422000   61
3423000   52
3424000   51
3425000   73
3426000   45
3427000   55
3428000   66
3429000   59
3430000   57
3431000   55
3432000   67
3433000   67
3434000   55
3435000   49
3436000   60
3437000   59
3438000   50
3439000   64
3440000   59
3441000   72
3442000   48
3443000   77
3444000   59
3445000   64
3446000   59
3447000   53
3448000   74
3449000   44
3450000   56
3451000   62
3452000   66
3453000   66
3454000   61
3455000   62
3456000   74
3457000   60
3458000   60
3459000   52
3460000   58
3461000   45
3462000   55
3463000   55
3464000   51
3465000   53
3466000   60
3467000   58
3468000   57
3469000   66
3470000   56
3471000   64
3472000   52
3473000   62
3474000   60
3475000   56
3476000   59
3477000   62
3478000   49
3479000   60
3480000   60
3481000   69
3482000   58
3483000   56
3484000   62
3485000   62
3486000   59
3487000   64
3488000   74
3489000   68
3490000   59
3491000   51
3492000   72
3493000   64
3494000   68
3495000   45
3496000   61
3497000   46
3498000   61
3499000   46
3500000   62
3501000   57
3502000   61
3503000   59
3504000   68
3505000   78
3506000   68
3507000   69
3508000   45
3509000   69
3510000   58
3511000   59
3512000   49
3513000   53
3514000   64
3515000   66
3516000   53
3517000   45
3518000   72
3519000   55
3520000   57
3521000   63
3522000   62
3523000   66
3524000   51
3525000   58
3526000   47
3527000   62
3528000   75
3529000   62
3530000   66
3531000   62
3532000   52
3533000   52
3534000   55
3535000   59
3536000   62
3537000   49
3538000   58
3539000   67
3540000   67
3541000   56
3542000   41
3543000   49
3544000   50
3545000   61
3546000   68
3547000   63
3548000   63
3549000   75
3550000   47
3551000   57
3552000   52
3553000   48
3554000   72
3555000   50
3556000   56
3557000   63
3558000   74
3559000   67
3560000   53
3561000   48
3562000   59
3563000   57
3564000   50
3565000   68
3566000   55
3567000   55
3568000   60
3569000   60
3570000   53
3571000   75
3572000   42
3573000   72
3574000   48
3575000   59
3576000   58
3577000   59
3578000   64
3579000   72
3580000   64
3581000   49
3582000   49
3583000   50
3584000   71
3585000   58
3586000   61
3587000   53
3588000   47
3589000   68
3590000   68
3591000   68
3592000   62
3593000   56
3594000   68
3595000   48
3596000   50
3597000   84
3598000   51
3599000   75
3600000   66
3601000   48
3602000   50
3603000   63
3604000   49
3605000   53
3606000   64
3607000   55
3608000   55
3609000   63
3610000   68
3611000   53
3612000   56
3613000   56
3614000   53
3615000   63
3616000   47
3617000   66
3618000   63
3619000   61
3620000   74
3621000   46
3622000   56
3623000   55
3624000   64
3625000   58
3626000   48
3627000   58
3628000   72
3629000   70
3630000   70
3631000   53
3632000   61
3633000   53
3634000   63
3635000   50
3636000   58
3637000   56
3638000   66
3639000   55
3640000   73
3641000   59
3642000   51
3643000   64
3644000   55
3645000   62
3646000   69
3647000   46
3648000   60
3649000   69
3650000   48
3651000   48
3652000   60
3653000   66
3654000   58
3655000   49
3656000   52
3657000   70
3658000   66
3659000   78
3660000   51
3661000   69
3662000   57
3663000   59
3664000   47
3665000   50
3666000   51
3667000   64
3668000   75
3669000   59
3670000   56
3671000   61
3672000   68
3673000   44
3674000   66
3675000   63
3676000   58
3677000   77
3678000   51
3679000   71
3680000   59
3681000   56
3682000   59
3683000   52
3684000   46
3685000   57
3686000   55
3687000   59
3688000   68
3689000   69
3690000   73
3691000   58
3692000   58
3693000   55
3694000   74
3695000   50
3696000   63
3697000   52
3698000   52
3699000   64
3700000   53
3701000   46
3702000   64
3703000   61
3704000   68
3705000   46
3706000   63
3707000   63
3708000   48
3709000   66
3710000   64
3711000   48
3712000   53
3713000   50
3714000   58
3715000   63
3716000   48
3717000   78
3718000   66
3719000   68
3720000   40
3721000   61
3722000   55
3723000   63
3724000   57
3725000   58
3726000   51
3727000   67
3728000   61
3729000   66
3730000   52
3731000   52
3732000   61
3733000   62
3734000   52
3735000   53
3736000   68
3737000   64
3738000   50
3739000   52
3740000   69
3741000   62
3742000   55
3743000   67
3744000   57
3745000   61
3746000   77
3747000   52
3748000   69
3749000   61
3750000   59
3751000   58
3752000   38
3753000   42
3754000   66
3755000   66
3756000   68
3757000   56
3758000   64
3759000   51
3760000   62
3761000   63
3762000   52
3763000   63
3764000   64
3765000   52
3766000   60
3767000   74
3768000   53
3769000   60
3770000   77
3771000   55
3772000   67
3773000   45
3774000   61
3775000   58
3776000   67
3777000   58
3778000   71
3779000   49
3780000   64
3781000   52
3782000   50
3783000   63
3784000   58
3785000   58
3786000   63
3787000   59
3788000   49
3789000   63
3790000   63
3791000   64
3792000   51
3793000   58
3794000   49
3795000   70
3796000   72
3797000   63
3798000   58
3799000   60
3800000   47
3801000   63
3802000   53
3803000   46
3804000   47
3805000   50
3806000   55
3807000   67
3808000   63
3809000   62
3810000   59
3811000   66
3812000   56
3813000   59
3814000   77
3815000   66
3816000   51
3817000   53
3818000   46
3819000   79
3820000   70
3821000   67
3822000   58
3823000   44
3824000   50
3825000   61
3826000   64
3827000   57
3828000   47
3829000   57
3830000   63
3831000   62
3832000   70
3833000   56
3834000   51
3835000   62
3836000   64
3837000   58
3838000   52
3839000   59
3840000   57
3841000   69
3842000   64
3843000   68
3844000   58
3845000   60
3846000   53
3847000   47
3848000   51
3849000   68
3850000   53
3851000   58
3852000   47
3853000   73
3854000   48
3855000   59
3856000   61
3857000   69
3858000   60
3859000   53
3860000   72
3861000   47
3862000   45
3863000   52
3864000   60
3865000   52
3866000   58
3867000   48
3868000   58
3869000   55
3870000   55
3871000   67
3872000   56
3873000   50
3874000   68
3875000   77
3876000   62
3877000   56
3878000   48
3879000   61
3880000   60
3881000   50
3882000   53
3883000   60
3884000   45
3885000   74
3886000   58
3887000   52
3888000   64
3889000   46
3890000   55
3891000   69
3892000   63
3893000   61
3894000   55
3895000   58
3896000   55
3897000   61
3898000   70
3899000   55
3900000   50
3901000   63
3902000   56
3903000   58
3904000   71
3905000   57
3906000   58
3907000   59
3908000   60
3909000   53
3910000   62
3911000   57
3912000   48
3913000   61
3914000   53
3915000   68
3916000   52
3917000   64
3918000   58
3919000   62
3920000   55
3921000   53
3922000   57
3923000   53
3924000   55
3925000   55
3926000   73
3927000   53
3928000   56
3929000   61
3930000   67
3931000   45
3932000   50
3933000   79
3934000   66
3935000   58
3936000   48
3937000   53
3938000   70
3939000   49
3940000   46
3941000   55
3942000   57
3943000   68
3944000   63
3945000   59
3946000   48
3947000   61
3948000   46
3949000   64
3950000   55
3951000   50
3952000   50
3953000   69
3954000   61
3955000   60
3956000   59
3957000   68
3958000   75
3959000   57
3960000   52
3961000   60
3962000   60
3963000   57
3964000   47
3965000   63
3966000   57
3967000   55
3968000   62
3969000   66
3970000   53
3971000   64
3972000   66
3973000   58
3974000   46
3975000   53
3976000   52
3977000   55
3978000   60
3979000   61
3980000   58
3981000   66
3982000   55
3983000   51
3984000   66
3985000   73
3986000   45
3987000   49
3988000   48
3989000   67
3990000   55
3991000   49
3992000   59
3993000   57
3994000   56
3995000   74
3996000   66
3997000   56
3998000   48
3999000   71
4000000   51
4001000   47
4002000   53
4003000   61
4004000   56
4005000   53
4006000   57
4007000   52
4008000   57
4009000   57
4010000   58
4011000   64
4012000   66
4013000   62
4014000   58
4015000   52
4016000   59
4017000   62
4018000   60
4019000   55
4020000   64
4021000   45
4022000   53
4023000   51
4024000   67
4025000   59
4026000   66
4027000   53
4028000   53
4029000   66
4030000   47
4031000   71
4032000   61
4033000   61
4034000   56
4035000   59
4036000   58
4037000   58
4038000   60
4039000   68
4040000   70
4041000   39
4042000   55
4043000   61
4044000   64
4045000   70
4046000   45
4047000   64
4048000   50
4049000   77
4050000   57
4051000   72
4052000   47
4053000   59
4054000   45
4055000   52
4056000   62
4057000   56
4058000   56
4059000   59
4060000   58
4061000   62
4062000   63
4063000   60
4064000   68
4065000   53
4066000   55
4067000   62
4068000   67
4069000   61
4070000   52
4071000   51
4072000   52
4073000   51
4074000   56
4075000   47
4076000   68
4077000   47
4078000   74
4079000   64
4080000   69
4081000   55
4082000   53
4083000   47
4084000   52
4085000   46
4086000   50
4087000   62
4088000   83
4089000   59
4090000   63
4091000   61
4092000   63
4093000   48
4094000   52
4095000   62
4096000   49
4097000   57
4098000   50
4099000   60
4100000   57
4101000   53
4102000   58
4103000   48
4104000   67
4105000   66
4106000   50
4107000   56
4108000   58
4109000   63
4110000   57
4111000   57
4112000   58
4113000   68
4114000   50
4115000   55
4116000   58
4117000   61
4118000   64
4119000   46
4120000   70
4121000   30
4122000   55
4123000   55
4124000   58
4125000   63
4126000   52
4127000   68
4128000   68
4129000   46
4130000   60
4131000   67
4132000   52
4133000   61
4134000   47
4135000   58
4136000   50
4137000   60
4138000   67
4139000   56
4140000   64
4141000   66
4142000   49
4143000   55
4144000   47
4145000   60
4146000   58
4147000   77
4148000   52
4149000   60
4150000   61
4151000   60
4152000   62
4153000   61
4154000   55
4155000   61
4156000   61
4157000   52
4158000   55
4159000   46
4160000   52
4161000   66
4162000   56
4163000   49
4164000   60
4165000   52
4166000   61
4167000   58
4168000   52
4169000   69
4170000   63
4171000   56
4172000   48
4173000   61
4174000   53
4175000   60
4176000   56
4177000   57
4178000   66
4179000   51
4180000   57
4181000   71
4182000   46
4183000   59
4184000   45
4185000   58
4186000   56
4187000   62
4188000   70
4189000   57
4190000   57
4191000   61
4192000   66
4193000   59
4194000   52
4195000   56
4196000   59
4197000   59
4198000   56
4199000   47
4200000   59
4201000   62
4202000   50
4203000   52
4204000   52
4205000   70
4206000   57
4207000   72
4208000   69
4209000   56
4210000   46
4211000   48
4212000   59
4213000   59
4214000   71
4215000   61
4216000   55
4217000   52
4218000   49
4219000   62
4220000   67
4221000   55
4222000   49
4223000   53
4224000   70
4225000   75
4226000   58
4227000   50
4228000   59
4229000   56
4230000   67
4231000   51
4232000   51
4233000   56
4234000   56
4235000   60
4236000   67
4237000   41
4238000   64
4239000   53
4240000   68
4241000   56
4242000   51
4243000   59
4244000   63
4245000   51
4246000   55
4247000   72
4248000   41
4249000   53
4250000   67
4251000   63
4252000   66
4253000   61
4254000   52
4255000   53
4256000   53
4257000   53
4258000   53
4259000   63
4260000   46
4261000   64
4262000   61
4263000   71
4264000   60
4265000   60
4266000   61
4267000   58
4268000   53
4269000   58
4270000   67
4271000   40
4272000   59
4273000   72
4274000   53
4275000   68
4276000   45
4277000   41
4278000   74
4279000   64
4280000   63
4281000   57
4282000   51
4283000   59
4284000   50
4285000   49
4286000   68
4287000   41
4288000   75
4289000   50
4290000   61
4291000   51
4292000   62
4293000   40
4294000   52
4295000   63
4296000   47
4297000   59
4298000   49
4299000   56
4300000   66
4301000   51
4302000   57
4303000   50
4304000   56
4305000   70
4306000   63
4307000   52
4308000   71
4309000   50
4310000   69
4311000   57
4312000   56
4313000   53
4314000   56
4315000   58
4316000   62
4317000   52
4318000   56
4319000   60
4320000   51
4321000   51
4322000   62
4323000   52
4324000   64
4325000   41
4326000   75
4327000   60
4328000   69
4329000   57
4330000   62
4331000   63
4332000   56
4333000   56
4334000   53
4335000   73
4336000   50
4337000   57
4338000   70
4339000   59
4340000   57
4341000   69
4342000   47
4343000   67
4344000   51
4345000   56
4346000   70
4347000   61
4348000   63
4349000   53
4350000   55
4351000   56
4352000   42
4353000   53
4354000   58
4355000   55
4356000   60
4357000   55
4358000   69
4359000   58
4360000   51
4361000   68
4362000   55
4363000   44
4364000   49
4365000   44
4366000   55
4367000   53
4368000   70
4369000   59
4370000   58
4371000   68
4372000   53
4373000   68
4374000   72
4375000   60
4376000   64
4377000   55
4378000   37
4379000   48
4380000   64
4381000   60
4382000   51
4383000   58
4384000   57
4385000   66
4386000   58
4387000   53
4388000   59
4389000   55
4390000   52
4391000   58
4392000   51
4393000   66
4394000   50
4395000   63
4396000   48
4397000   64
4398000   64
4399000   49
4400000   60
4401000   62
4402000   47
4403000   53
4404000   57
4405000   63
4406000   61
4407000   56
4408000   50
4409000   62
4410000   61
4411000   60
4412000   61
4413000   55
4414000   53
4415000   59
4416000   52
4417000   61
4418000   47
4419000   72
4420000   63
4421000   52
4422000   52
4423000   55
4424000   57
4425000   53
4426000   49
4427000   62
4428000   73
4429000   59
4430000   63
4431000   60
4432000   40
4433000   62
4434000   62
4435000   61
4436000   57
4437000   46
4438000   62
4439000   53
4440000   60
4441000   60
4442000   59
4443000   48
4444000   59
4445000   67
4446000   56
4447000   58
4448000   67
4449000   74
4450000   52
4451000   57
4452000   50
4453000   74
4454000   56
4455000   48
4456000   40
4457000   62
4458000   55
4459000   59
4460000   68
4461000   50
4462000   61
4463000   47
4464000   62
4465000   55
4466000   53
4467000   66
4468000   61
4469000   60
4470000   67
4471000   60
4472000   62
4473000   59
4474000   49
4475000   51
4476000   55
4477000   64
4478000   58
4479000   49
4480000   53
4481000   63
4482000   47
4483000   62
4484000   50
4485000   51
4486000   50
4487000   66
4488000   56
4489000   60
4490000   66
4491000   49
4492000   48
4493000   49
4494000   56
4495000   64
4496000   69
4497000   66
4498000   48
4499000   47
4500000   70
4501000   57
4502000   69
4503000   55
4504000   56
4505000   53
4506000   58
4507000   63
4508000   55
4509000   49
4510000   60
4511000   58
4512000   50
4513000   57
4514000   69
4515000   58
4516000   46
4517000   62
4518000   51
4519000   58
4520000   53
4521000   55
4522000   48
4523000   49
4524000   58
4525000   62
4526000   64
4527000   52
4528000   53
4529000   50
4530000   69
4531000   61
4532000   57
4533000   50
4534000   59
4535000   61
4536000   52
4537000   59
4538000   62
4539000   67
4540000   48
4541000   56
4542000   53
4543000   74
4544000   61
4545000   40
4546000   60
4547000   50
4548000   71
4549000   69
4550000   63
4551000   57
4552000   53
4553000   60
4554000   56
4555000   48
4556000   57
4557000   47
4558000   66
4559000   61
4560000   61
4561000   55
4562000   53
4563000   50
4564000   47
4565000   61
4566000   69
4567000   59
4568000   69
4569000   57
4570000   52
4571000   64
4572000   57
4573000   53
4574000   52
4575000   68
4576000   52
4577000   73
4578000   59
4579000   50
4580000   58
4581000   59
4582000   58
4583000   48
4584000   51
4585000   52
4586000   48
4587000   56
4588000   72
4589000   63
4590000   61
4591000   60
4592000   62
4593000   57
4594000   48
4595000   58
4596000   45
4597000   53
4598000   71
4599000   67
4600000   62
4601000   56
4602000   64
4603000   40
4604000   66
4605000   61
4606000   51
4607000   50
4608000   53
4609000   49
4610000   47
4611000   71
4612000   63
4613000   51
4614000   74
4615000   50
4616000   56
4617000   67
4618000   55
4619000   56
4620000   52
4621000   58
4622000   52
4623000   56
4624000   60
4625000   58
4626000   49
4627000   55
4628000   69
4629000   56
4630000   60
4631000   61
4632000   53
4633000   58
4634000   53
4635000   58
4636000   44
4637000   51
4638000   44
4639000   49
4640000   72
4641000   52
4642000   50
4643000   73
4644000   52
4645000   69
4646000   49
4647000   50
4648000   59
4649000   55
4650000   51
4651000   53
4652000   40
4653000   62
4654000   78
4655000   51
4656000   53
4657000   68
4658000   51
4659000   59
4660000   67
4661000   61
4662000   52
4663000   62
4664000   57
4665000   55
4666000   50
4667000   53
4668000   48
4669000   61
4670000   66
4671000   77
4672000   55
4673000   71
4674000   39
4675000   52
4676000   62
4677000   57
4678000   60
4679000   53
4680000   78
4681000   62
4682000   47
4683000   59
4684000   42
4685000   51
4686000   60
4687000   49
4688000   56
4689000   56
4690000   50
4691000   51
4692000   64
4693000   59
4694000   64
4695000   59
4696000   59
4697000   57
4698000   60
4699000   52
4700000   68
4701000   41
4702000   55
4703000   56
4704000   52
4705000   47
4706000   61
4707000   68
4708000   55
4709000   77
4710000   59
4711000   46
4712000   50
4713000   50
4714000   49
4715000   58
4716000   59
4717000   52
4718000   59
4719000   52
4720000   61
4721000   56
4722000   58
4723000   62
4724000   62
4725000   55
4726000   42
4727000   53
4728000   47
4729000   59
4730000   44
4731000   70
4732000   62
4733000   59
4734000   44
4735000   41
4736000   61
4737000   69
4738000   59
4739000   67
4740000   60
4741000   66
4742000   56
4743000   58
4744000   63
4745000   55
4746000   38
4747000   64
4748000   53
4749000   56
4750000   61
4751000   62
4752000   77
4753000   64
4754000   52
4755000   59
4756000   58
4757000   64
4758000   61
4759000   49
4760000   63
4761000   66
4762000   44
4763000   48
4764000   61
4765000   66
4766000   60
4767000   58
4768000   55
4769000   59
4770000   57
4771000   49
4772000   58
4773000   56
4774000   66
4775000   62
4776000   55
4777000   57
4778000   52
4779000   66
4780000   68
4781000   38
4782000   61
4783000   50
4784000   56
4785000   55
4786000   57
4787000   59
4788000   67
4789000   58
4790000   61
4791000   64
4792000   64
4793000   53
4794000   57
4795000   63
4796000   56
4797000   60
4798000   52
4799000   45
4800000   58
4801000   40
4802000   69
4803000   66
4804000   53
4805000   71
4806000   52
4807000   60
4808000   74
4809000   58
4810000   73
4811000   44
4812000   42
4813000   53
4814000   49
4815000   58
4816000   49
4817000   68
4818000   41
4819000   53
4820000   57
4821000   71
4822000   42
4823000   45
4824000   48
4825000   61
4826000   59
4827000   46
4828000   58
4829000   60
4830000   61
4831000   51
4832000   50
4833000   55
4834000   47
4835000   60
4836000   59
4837000   57
4838000   50
4839000   62
4840000   55
4841000   62
4842000   66
4843000   60
4844000   61
4845000   67
4846000   58
4847000   59
4848000   46
4849000   59
4850000   60
4851000   47
4852000   52
4853000   56
4854000   59
4855000   55
4856000   67
4857000   42
4858000   70
4859000   58
4860000   56
4861000   59
4862000   62
4863000   40
4864000   70
4865000   45
4866000   64
4867000   49
4868000   53
4869000   68
4870000   48
4871000   44
4872000   61
4873000   68
4874000   53
4875000   52
4876000   52
4877000   52
4878000   46
4879000   56
4880000   57
4881000   50
4882000   59
4883000   63
4884000   56
4885000   48
4886000   58
4887000   61
4888000   53
4889000   64
4890000   57
4891000   73
4892000   39
4893000   44
4894000   57
4895000   73
4896000   62
4897000   56
4898000   64
4899000   51
4900000   60
4901000   57
4902000   51
4903000   77
4904000   58
4905000   50
4906000   61
4907000   53
4908000   61
4909000   57
4910000   60
4911000   56
4912000   50
4913000   59
4914000   42
4915000   67
4916000   58
4917000   55
4918000   53
4919000   78
4920000   45
4921000   56
4922000   58
4923000   62
4924000   57
4925000   51
4926000   59
4927000   58
4928000   62
4929000   59
4930000   57
4931000   51
4932000   53
4933000   55
4934000   48
4935000   51
4936000   57
4937000   59
4938000   55
4939000   45
4940000   67
4941000   51
4942000   47
4943000   53
4944000   61
4945000   51
4946000   60
4947000   51
4948000   53
4949000   55
4950000   68
4951000   60
4952000   48
4953000   59
4954000   49
4955000   40
4956000   51
4957000   70
4958000   49
4959000   46
4960000   56
4961000   57
4962000   50
4963000   69
4964000   51
4965000   57
4966000   72
4967000   55
4968000   55
4969000   55
4970000   49
4971000   52
4972000   52
4973000   44
4974000   49
4975000   68
4976000   52
4977000   51
4978000   44
4979000   74
4980000   48
4981000   51
4982000   35
4983000   56
4984000   53
4985000   68
4986000   55
4987000   59
4988000   50
4989000   61
4990000   58
4991000   55
4992000   53
4993000   44
4994000   66
4995000   39
4996000   52
4997000   67
4998000   47
4999000   55
5000000   63
5001000   56
5002000   55
5003000   56
5004000   56
5005000   39
5006000   46
5007000   71
5008000   61
5009000   59
5010000   52
5011000   55
5012000   63
5013000   55
5014000   41
5015000   60
5016000   47
5017000   69
5018000   63
5019000   58
5020000   53
5021000   56
5022000   56
5023000   51
5024000   47
5025000   60
5026000   52
5027000   67
5028000   51
5029000   56
5030000   51
5031000   51
5032000   55
5033000   49
5034000   55
5035000   45
5036000   49
5037000   61
5038000   55
5039000   70
5040000   61
5041000   52
5042000   45
5043000   56
5044000   56
5045000   59
5046000   56
5047000   61
5048000   57
5049000   69
5050000   51
5051000   66
5052000   57
5053000   49
5054000   63
5055000   40
5056000   66
5057000   63
5058000   57
5059000   44
5060000   46
5061000   58
5062000   53
5063000   61
5064000   68
5065000   66
5066000   55
5067000   48
5068000   60
5069000   68
5070000   58
5071000   40
5072000   52
5073000   60
5074000   66
5075000   62
5076000   45
5077000   63
5078000   67
5079000   52
5080000   60
5081000   60
5082000   49
5083000   52
5084000   41
5085000   62
5086000   63
5087000   57
5088000   57
5089000   61
5090000   60
5091000   70
5092000   59
5093000   56
5094000   66
5095000   56
5096000   42
5097000   60
5098000   58
5099000   48
5100000   58
5101000   49
5102000   48
5103000   55
5104000   51
5105000   62
5106000   56
5107000   56
5108000   64
5109000   53
5110000   58
5111000   61
5112000   63
5113000   47
5114000   58
5115000   51
5116000   59
5117000   50
5118000   59
5119000   62
5120000   64
5121000   66
5122000   62
5123000   47
5124000   49
5125000   42
5126000   51
5127000   56
5128000   57
5129000   64
5130000   68
5131000   60
5132000   53
5133000   47
5134000   70
5135000   60
5136000   58
5137000   68
5138000   64
5139000   69
5140000   51
5141000   64
5142000   46
5143000   58
5144000   56
5145000   59
5146000   61
5147000   60
5148000   48
5149000   62
5150000   53
5151000   46
5152000   57
5153000   52
5154000   69
5155000   50
5156000   64
5157000   57
5158000   52
5159000   59
5160000   68
5161000   57
5162000   57
5163000   52
5164000   51
5165000   49
5166000   72
5167000   55
5168000   38
5169000   69
5170000   61
5171000   48
5172000   61
5173000   53
5174000   45
5175000   48
5176000   57
5177000   51
5178000   50
5179000   50
5180000   58
5181000   51
5182000   48
5183000   67
5184000   50
5185000   50
5186000   48
5187000   53
5188000   53
5189000   51
5190000   60
5191000   53
5192000   51
5193000   46
5194000   47
5195000   72
5196000   45
5197000   64
5198000   62
5199000   62
5200000   57
5201000   55
5202000   56
5203000   63
5204000   48
5205000   62
5206000   50
5207000   48
5208000   62
5209000   59
5210000   50
5211000   52
5212000   47
5213000   66
5214000   59
5215000   55
5216000   63
5217000   44
5218000   50
5219000   40
5220000   60
5221000   52
5222000   62
5223000   60
5224000   58
5225000   57
5226000   56
5227000   60
5228000   59
5229000   48
5230000   52
5231000   56
5232000   56
5233000   52
5234000   56
5235000   55
5236000   53
5237000   52
5238000   50
5239000   46
5240000   59
5241000   48
5242000   60
5243000   46
5244000   66
5245000   62
5246000   51
5247000   64
5248000   58
5249000   47
5250000   71
5251000   56
5252000   48
5253000   47
5254000   58
5255000   55
5256000   62
5257000   50
5258000   48
5259000   62
5260000   66
5261000   58
5262000   59
5263000   46
5264000   56
5265000   53
5266000   53
5267000   59
5268000   57
5269000   64
5270000   59
5271000   62
5272000   64
5273000   51
5274000   46
5275000   53
5276000   50
5277000   49
5278000   69
5279000   56
5280000   68
5281000   44
5282000   59
5283000   41
5284000   60
5285000   58
5286000   38
5287000   60
5288000   58
5289000   60
5290000   70
5291000   55
5292000   55
5293000   58
5294000   67
5295000   45
5296000   48
5297000   44
5298000   50
5299000   58
5300000   78
5301000   44
5302000   60
5303000   60
5304000   48
5305000   57
5306000   61
5307000   51
5308000   55
5309000   64
5310000   70
5311000   53
5312000   66
5313000   60
5314000   52
5315000   64
5316000   53
5317000   44
5318000   49
5319000   60
5320000   63
5321000   51
5322000   53
5323000   51
5324000   48
5325000   48
5326000   63
5327000   63
5328000   57
5329000   60
5330000   53
5331000   39
5332000   67
5333000   44
5334000   55
5335000   56
5336000   56
5337000   53
5338000   63
5339000   58
5340000   60
5341000   63
5342000   67
5343000   45
5344000   56
5345000   58
5346000   68
5347000   59
5348000   52
5349000   47
5350000   68
5351000   57
5352000   61
5353000   56
5354000   52
5355000   56
5356000   47
5357000   66
5358000   57
5359000   52
5360000   68
5361000   61
5362000   55
5363000   55
5364000   49
5365000   50
5366000   57
5367000   57
5368000   52
5369000   60
5370000   59
5371000   48
5372000   53
5373000   58
5374000   62
5375000   55
5376000   45
5377000   58
5378000   55
5379000   66
5380000   52
5381000   38
5382000   48
5383000   61
5384000   64
5385000   67
5386000   61
5387000   45
5388000   39
5389000   44
5390000   58
5391000   50
5392000   50
5393000   62
5394000   51
5395000   46
5396000   46
5397000   56
5398000   62
5399000   60
5400000   50
5401000   55
5402000   57
5403000   46
5404000   58
5405000   56
5406000   61
5407000   71
5408000   50
5409000   52
5410000   57
5411000   42
5412000   57
5413000   61
5414000   49
5415000   56
5416000   61
5417000   59
5418000   44
5419000   48
5420000   71
5421000   39
5422000   58
5423000   55
5424000   56
5425000   61
5426000   52
5427000   63
5428000   80
5429000   58
5430000   46
5431000   53
5432000   60
5433000   49
5434000   63
5435000   59
5436000   58
5437000   55
5438000   47
5439000   53
5440000   51
5441000   59
5442000   57
5443000   48
5444000   51
5445000   40
5446000   66
5447000   61
5448000   60
5449000   59
5450000   47
5451000   50
5452000   60
5453000   51
5454000   55
5455000   47
5456000   57
5457000   44
5458000   70
5459000   50
5460000   67
5461000   57
5462000   41
5463000   52
5464000   53
5465000   55
5466000   71
5467000   59
5468000   56
5469000   57
5470000   42
5471000   61
5472000   59
5473000   46
5474000   68
5475000   56
5476000   60
5477000   59
5478000   59
5479000   59
5480000   47
5481000   48
5482000   49
5483000   67
5484000   59
5485000   56
5486000   53
5487000   52
5488000   60
5489000   49
5490000   55
5491000   51
5492000   48
5493000   69
5494000   66
5495000   62
5496000   51
5497000   56
5498000   45
5499000   53
5500000   58
5501000   50
5502000   59
5503000   50
5504000   55
5505000   66
5506000   58
5507000   68
5508000   64
5509000   55
5510000   58
5511000   63
5512000   61
5513000   51
5514000   49
5515000   53
5516000   67
5517000   67
5518000   55
5519000   62
5520000   66
5521000   48
5522000   56
5523000   56
5524000   50
5525000   61
5526000   49
5527000   60
5528000   57
5529000   51
5530000   60
5531000   71
5532000   67
5533000   48
5534000   59
5535000   58
5536000   55
5537000   59
5538000   48
5539000   47
5540000   58
5541000   60
5542000   67
5543000   41
5544000   61
5545000   60
5546000   63
5547000   61
5548000   49
5549000   57
5550000   58
5551000   60
5552000   53
5553000   64
5554000   51
5555000   57
5556000   52
5557000   55
5558000   63
5559000   63
5560000   63
5561000   55
5562000   52
5563000   61
5564000   61
5565000   71
5566000   63
5567000   58
5568000   57
5569000   51
5570000   55
5571000   53
5572000   60
5573000   55
5574000   61
5575000   58
5576000   52
5577000   64
5578000   50
5579000   71
5580000   50
5581000   52
5582000   61
5583000   50
5584000   37
5585000   56
5586000   53
5587000   60
5588000   52
5589000   58
5590000   64
5591000   57
5592000   53
5593000   57
5594000   57
5595000   55
5596000   52
5597000   62
5598000   50
5599000   48
5600000   47
5601000   47
5602000   58
5603000   52
5604000   57
5605000   55
5606000   71
5607000   62
5608000   58
5609000   68
5610000   66
5611000   58
5612000   47
5613000   61
5614000   62
5615000   74
5616000   51
5617000   62
5618000   49
5619000   53
5620000   55
5621000   59
5622000   59
5623000   50
5624000   64
5625000   67
5626000   47
5627000   58
5628000   47
5629000   62
5630000   52
5631000   63
5632000   74
5633000   63
5634000   55
5635000   45
5636000   55
5637000   51
5638000   61
5639000   61
5640000   66
5641000   67
5642000   55
5643000   56
5644000   58
5645000   59
5646000   45
5647000   61
5648000   56
5649000   46
5650000   56
5651000   48
5652000   73
5653000   67
5654000   69
5655000   46
5656000   46
5657000   61
5658000   56
5659000   57
5660000   55
5661000   58
5662000   56
5663000   41
5664000   63
5665000   73
5666000   40
5667000   59
5668000   41
5669000   53
5670000   64
5671000   58
5672000   48
5673000   60
5674000   55
5675000   56
5676000   77
5677000   40
5678000   55
5679000   57
5680000   49
5681000   66
5682000   61
5683000   61
5684000   55
5685000   78
5686000   58
5687000   53
5688000   56
5689000   40
5690000   56
5691000   67
5692000   60
5693000   55
5694000   48
5695000   52
5696000   63
5697000   68
5698000   38
5699000   53
5700000   52
5701000   55
5702000   59
5703000   48
5704000   59
5705000   72
5706000   53
5707000   49
5708000   57
5709000   58
5710000   69
5711000   51
5712000   52
5713000   57
5714000   56
5715000   58
5716000   50
5717000   53
5718000   48
5719000   64
5720000   63
5721000   62
5722000   55
5723000   52
5724000   52
5725000   74
5726000   48
5727000   48
5728000   52
5729000   56
5730000   59
5731000   57
5732000   60
5733000   55
5734000   67
5735000   60
5736000   62
5737000   55
5738000   57
5739000   67
5740000   34
5741000   56
5742000   51
5743000   53
5744000   56
5745000   67
5746000   46
5747000   56
5748000   58
5749000   64
5750000   44
5751000   56
5752000   70
5753000   38
5754000   40
5755000   63
5756000   56
5757000   48
5758000   60
5759000   59
5760000   44
5761000   61
5762000   62
5763000   59
5764000   59
5765000   62
5766000   49
5767000   56
5768000   53
5769000   68
5770000   55
5771000   49
5772000   53
5773000   59
5774000   57
5775000   49
5776000   57
5777000   61
5778000   46
5779000   61
5780000   57
5781000   53
5782000   56
5783000   56
5784000   58
5785000   53
5786000   58
5787000   60
5788000   52
5789000   56
5790000   57
5791000   56
5792000   41
5793000   41
5794000   70
5795000   79
5796000   55
5797000   67
5798000   67
5799000   74
5800000   52
5801000   52
5802000   52
5803000   63
5804000   62
5805000   51
5806000   68
5807000   67
5808000   68
5809000   59
5810000   52
5811000   53
5812000   72
5813000   56
5814000   48
5815000   58
5816000   52
5817000   58
5818000   45
5819000   57
5820000   68
5821000   58
5822000   55
5823000   59
5824000   67
5825000   59
5826000   50
5827000   44
5828000   62
5829000   80
5830000   56
5831000   71
5832000   63
5833000   58
5834000   50
5835000   55
5836000   48
5837000   59
5838000   55
5839000   57
5840000   53
5841000   50
5842000   49
5843000   67
5844000   51
5845000   64
5846000   55
5847000   57
5848000   63
5849000   70
5850000   51
5851000   59
5852000   49
5853000   61
5854000   52
5855000   60
5856000   58
5857000   58
5858000   53
5859000   59
5860000   53
5861000   55
5862000   50
5863000   56
5864000   62
5865000   53
5866000   58
5867000   61
5868000   68
5869000   60
5870000   64
5871000   48
5872000   67
5873000   60
5874000   45
5875000   69
5876000   63
5877000   49
5878000   62
5879000   63
5880000   50
5881000   50
5882000   62
5883000   58
5884000   53
5885000   66
5886000   38
5887000   56
5888000   68
5889000   73
5890000   51
5891000   55
5892000   44
5893000   63
5894000   66
5895000   59
5896000   56
5897000   46
5898000   56
5899000   77
5900000   63
5901000   45
5902000   59
5903000   49
5904000   60
5905000   52
5906000   63
5907000   61
5908000   67
5909000   55
5910000   52
5911000   64
5912000   52
5913000   61
5914000   73
5915000   60
5916000   63
5917000   64
5918000   62
5919000   55
5920000   42
5921000   52
5922000   46
5923000   58
5924000   49
5925000   68
5926000   59
5927000   57
5928000   61
5929000   60
5930000   70
5931000   61
5932000   47
5933000   66
5934000   79
5935000   58
5936000   63
5937000   34
5938000   59
5939000   57
5940000   53
5941000   53
5942000   69
5943000   40
5944000   83
5945000   60
5946000   60
5947000   66
5948000   34
5949000   57
5950000   74
5951000   62
5952000   49
5953000   55
5954000   61
5955000   72
5956000   68
5957000   58
5958000   57
5959000   36
5960000   66
5961000   61
5962000   50
5963000   62
5964000   72
5965000   53
5966000   50
5967000   66
5968000   69
5969000   55
5970000   48
5971000   60
5972000   52
5973000   64
5974000   55
5975000   47
5976000   74
5977000   57
5978000   57
5979000   56
5980000   66
5981000   57
5982000   46
5983000   62
5984000   67
5985000   61
5986000   51
5987000   57
5988000   53
5989000   61
5990000   71
5991000   60
5992000   47
5993000   57
5994000   58
5995000   57
5996000   64
5997000   53
5998000   74
5999000   63
6000000   68
6001000   49
6002000   64
6003000   59
6004000   45
6005000   61
6006000   40
6007000   57
6008000   50
