0 2.89537
1000 3.04309
2000 3.25424
3000 3.52609
4000 3.85186
5000 4.22326
6000 4.63219
7000 5.06384
8000 5.50622
9000 5.96017
10000 3.4895
11000 3.70447
12000 3.95602
13000 4.241
14000 4.55592
15000 4.89483
16000 5.25558
17000 5.62995
18000 6.01563
19000 6.40769
20000 3.30844
21000 3.45816
22000 3.65395
23000 3.8923
24000 4.16738
25000 4.47172
26000 4.80309
27000 5.1508
28000 5.5142
29000 5.89092
30000 3.4559
31000 3.6391
32000 3.85844
33000 4.10914
34000 4.38854
35000 4.69255
36000 5.01514
37000 5.35772
38000 5.71177
39000 6.07483
40000 3.27978
41000 3.42176
42000 3.59653
43000 3.80362
44000 4.04134
45000 4.30534
46000 4.59087
47000 4.89366
48000 5.21297
49000 5.54444
50000 3.28125
51000 3.42834
52000 3.61188
53000 3.82828
54000 4.07591
55000 4.35142
56000 4.6474
57000 4.95889
58000 5.28152
59000 5.61008
60000 3.20616
61000 3.34309
62000 3.50897
63000 3.70395
64000 3.92599
65000 4.16946
66000 4.43321
67000 4.71231
68000 5.00241
69000 5.29715
70000 3.10374
71000 3.21759
72000 3.36323
73000 3.54311
74000 3.74884
75000 3.98069
76000 4.23472
77000 4.50584
78000 4.79013
79000 5.085
80000 3.0377
81000 3.16092
82000 3.31597
83000 3.49973
84000 3.70872
85000 3.93861
86000 4.18575
87000 4.44872
88000 4.72287
89000 5.00567
90000 2.96592
91000 3.0668
92000 3.20008
93000 3.36488
94000 3.55741
95000 3.77437
96000 4.01493
97000 4.27273
98000 4.54302
99000 4.82363
100000 2.91536
101000 3.01888
102000 3.1537
103000 3.31745
104000 3.50746
105000 3.7201
106000 3.9516
107000 4.2021
108000 4.46388
109000 4.7376
110000 2.84722
111000 2.9487
112000 3.08464
113000 3.25272
114000 3.44764
115000 3.66721
116000 3.90881
117000 4.1661
118000 4.43617
119000 4.71649
120000 2.79583
121000 2.89142
122000 3.02188
123000 3.18361
124000 3.37301
125000 3.58312
126000 3.81389
127000 4.06274
128000 4.32809
129000 4.60539
130000 2.70703
131000 2.80481
132000 2.93578
133000 3.09848
134000 3.29098
135000 3.50504
136000 3.74078
137000 3.99355
138000 4.26029
139000 4.53682
140000 2.68629
141000 2.78617
142000 2.91629
143000 3.07709
144000 3.2642
145000 3.47423
146000 3.70387
147000 3.95139
148000 4.21576
149000 4.49203
150000 2.62201
151000 2.71907
152000 2.85133
153000 3.01432
154000 3.20525
155000 3.4198
156000 3.65413
157000 3.90856
158000 4.17775
159000 4.45715
160000 2.59146
161000 2.68891
162000 2.81912
163000 2.98167
164000 3.17158
165000 3.38553
166000 3.62129
167000 3.87703
168000 4.14891
169000 4.43204
170000 2.52403
171000 2.61785
172000 2.74472
173000 2.90461
174000 3.09278
175000 3.30648
176000 3.54214
177000 3.79666
178000 4.0683
179000 4.35051
180000 2.48011
181000 2.57946
182000 2.71286
183000 2.87909
184000 3.07539
185000 3.29689
186000 3.53909
187000 3.79828
188000 4.07341
189000 4.36161
190000 2.44934
191000 2.54523
192000 2.67437
193000 2.83585
194000 3.02438
195000 3.23726
196000 3.47201
197000 3.72383
198000 3.98967
199000 4.26811
200000 2.41783
201000 2.51384
202000 2.64317
203000 2.80546
204000 2.99605
205000 3.21096
206000 3.44813
207000 3.70334
208000 3.97312
209000 4.25261
210000 2.38234
211000 2.47899
212000 2.60706
213000 2.76686
214000 2.95597
215000 3.16935
216000 3.40388
217000 3.65775
218000 3.92646
219000 4.20774
220000 2.34573
221000 2.44139
222000 2.56862
223000 2.72696
224000 2.91424
225000 3.12537
226000 3.35963
227000 3.61197
228000 3.88092
229000 4.16136
230000 2.31077
231000 2.40886
232000 2.53999
233000 2.70353
234000 2.89751
235000 3.11641
236000 3.35679
237000 3.61404
238000 3.88797
239000 4.17663
240000 2.26712
241000 2.36792
242000 2.50235
243000 2.6701
244000 2.86659
245000 3.08739
246000 3.33227
247000 3.59631
248000 3.87298
249000 4.16563
250000 2.25007
251000 2.34521
252000 2.47527
253000 2.63702
254000 2.82862
255000 3.04809
256000 3.29008
257000 3.55263
258000 3.82956
259000 4.12016
260000 2.23564
261000 2.3371
262000 2.4733
263000 2.64303
264000 2.84255
265000 3.06858
266000 3.31698
267000 3.58339
268000 3.86343
269000 4.1579
270000 2.21682
271000 2.31939
272000 2.45719
273000 2.62952
274000 2.82996
275000 3.05523
276000 3.30424
277000 3.57119
278000 3.85334
279000 4.14798
280000 2.18636
281000 2.28581
282000 2.42067
283000 2.5908
284000 2.79095
285000 3.0169
286000 3.26715
287000 3.53958
288000 3.8266
289000 4.12593
290000 2.1836
291000 2.28921
292000 2.42817
293000 2.59949
294000 2.8004
295000 3.02535
296000 3.27319
297000 3.5398
298000 3.8223
299000 4.11543
300000 2.14898
301000 2.25269
302000 2.39012
303000 2.5604
304000 2.76065
305000 2.98726
306000 3.23709
307000 3.50561
308000 3.79112
309000 4.09053
310000 2.14261
311000 2.24898
312000 2.38852
313000 2.56265
314000 2.76713
315000 2.99684
316000 3.24792
317000 3.51906
318000 3.80486
319000 4.10105
320000 2.11437
321000 2.21707
322000 2.35407
323000 2.52547
324000 2.72649
325000 2.95474
326000 3.20737
327000 3.47914
328000 3.76567
329000 4.06835
330000 2.10337
331000 2.20894
332000 2.34948
333000 2.52662
334000 2.73459
335000 2.96874
336000 3.22683
337000 3.50618
338000 3.79884
339000 4.10526
340000 2.07857
341000 2.18367
342000 2.32432
343000 2.501
344000 2.70962
345000 2.94393
346000 3.20189
347000 3.48228
348000 3.78052
349000 4.09083
350000 2.06585
351000 2.16854
352000 2.30547
353000 2.4769
354000 2.67911
355000 2.90854
356000 3.16124
357000 3.43361
358000 3.7232
359000 4.02683
360000 2.07195
361000 2.18021
362000 2.32442
363000 2.50273
364000 2.71331
365000 2.94964
366000 3.20837
367000 3.48889
368000 3.78646
369000 4.09449
370000 2.05966
371000 2.16682
372000 2.3115
373000 2.49036
374000 2.70116
375000 2.93808
376000 3.19686
377000 3.47565
378000 3.77071
379000 4.07802
380000 2.02863
381000 2.13265
382000 2.27223
383000 2.44681
384000 2.65412
385000 2.88807
386000 3.14572
387000 3.42279
388000 3.71826
389000 4.0253
390000 2.01954
391000 2.12582
392000 2.27017
393000 2.44749
394000 2.65695
395000 2.89454
396000 3.15596
397000 3.43623
398000 3.73323
399000 4.04541
400000 2.03279
401000 2.14205
402000 2.28812
403000 2.46878
404000 2.68063
405000 2.91963
406000 3.17901
407000 3.46262
408000 3.76344
409000 4.07597
410000 2.02499
411000 2.13616
412000 2.28663
413000 2.47342
414000 2.69194
415000 2.93863
416000 3.21055
417000 3.50104
418000 3.80818
419000 4.12649
420000 2.00793
421000 2.11417
422000 2.25635
423000 2.43662
424000 2.648
425000 2.88864
426000 3.15215
427000 3.43878
428000 3.74266
429000 4.06133
430000 1.99496
431000 2.10204
432000 2.2457
433000 2.42613
434000 2.64027
435000 2.88336
436000 3.15138
437000 3.44142
438000 3.7507
439000 4.07286
440000 1.98942
441000 2.10057
442000 2.2497
443000 2.43401
444000 2.6482
445000 2.89197
446000 3.15995
447000 3.45009
448000 3.7585
449000 4.07844
450000 2.00407
451000 2.11485
452000 2.26394
453000 2.44952
454000 2.6687
455000 2.91702
456000 3.18906
457000 3.48325
458000 3.79349
459000 4.11484
460000 1.99386
461000 2.10587
462000 2.25565
463000 2.44163
464000 2.65944
465000 2.90367
466000 3.17324
467000 3.4605
468000 3.76729
469000 4.08723
470000 1.99343
471000 2.10361
472000 2.25093
473000 2.43186
474000 2.64529
475000 2.88672
476000 3.15067
477000 3.43484
478000 3.73581
479000 4.05082
480000 1.97722
481000 2.0901
482000 2.24079
483000 2.42829
484000 2.6491
485000 2.8996
486000 3.17364
487000 3.46783
488000 3.77956
489000 4.1063
490000 1.99973
491000 2.11451
492000 2.26736
493000 2.457
494000 2.6807
495000 2.93354
496000 3.21044
497000 3.51014
498000 3.82433
499000 4.15416
500000 1.96994
501000 2.07896
502000 2.22847
503000 2.41528
504000 2.63461
505000 2.88496
506000 3.16022
507000 3.4587
508000 3.7729
509000 4.1031
510000 2.00979
511000 2.12658
512000 2.28211
513000 2.47429
514000 2.70047
515000 2.95549
516000 3.23677
517000 3.53879
518000 3.85926
519000 4.1908
520000 1.98039
521000 2.0914
522000 2.24119
523000 2.42805
524000 2.64821
525000 2.89674
526000 3.16692
527000 3.4605
528000 3.76945
529000 4.09293
530000 1.98821
531000 2.09947
532000 2.24795
533000 2.43273
534000 2.64898
535000 2.89411
536000 3.16362
537000 3.45476
538000 3.76388
539000 4.09067
540000 1.99519
541000 2.11344
542000 2.26953
543000 2.46239
544000 2.68981
545000 2.94712
546000 3.22908
547000 3.53352
548000 3.85349
549000 4.18791
550000 1.98602
551000 2.10037
552000 2.25321
553000 2.44412
554000 2.66872
555000 2.91927
556000 3.19747
557000 3.49665
558000 3.81267
559000 4.14403
560000 1.99525
561000 2.11073
562000 2.2645
563000 2.45476
564000 2.67734
565000 2.9289
566000 3.20547
567000 3.50221
568000 3.81466
569000 4.14214
570000 1.97769
571000 2.0908
572000 2.24261
573000 2.4323
574000 2.65631
575000 2.91136
576000 3.19112
577000 3.49307
578000 3.81572
579000 4.15205
580000 1.98939
581000 2.10585
582000 2.26145
583000 2.45529
584000 2.6828
585000 2.9388
586000 3.22097
587000 3.52258
588000 3.84134
589000 4.17247
590000 1.98611
591000 2.10003
592000 2.25265
593000 2.44278
594000 2.66586
595000 2.91757
596000 3.19353
597000 3.49173
598000 3.80697
599000 4.13815
600000 1.99973
601000 2.11464
602000 2.26851
603000 2.45975
604000 2.68298
605000 2.93416
606000 3.21294
607000 3.51314
608000 3.83222
609000 4.16394
610000 2.00007
611000 2.11828
612000 2.27527
613000 2.46965
614000 2.69777
615000 2.95672
616000 3.24191
617000 3.54517
618000 3.86794
619000 4.20424
620000 1.99306
621000 2.11002
622000 2.26613
623000 2.45915
624000 2.68857
625000 2.94592
626000 3.23093
627000 3.53619
628000 3.85791
629000 4.19397
630000 1.98887
631000 2.10694
632000 2.26565
633000 2.46208
634000 2.69343
635000 2.95259
636000 3.24066
637000 3.54913
638000 3.87637
639000 4.21564
640000 2.00256
641000 2.12339
642000 2.2838
643000 2.48195
644000 2.71374
645000 2.97626
646000 3.26398
647000 3.57342
648000 3.90152
649000 4.24328
650000 2.00992
651000 2.12948
652000 2.28954
653000 2.48955
654000 2.72376
655000 2.9889
656000 3.27848
657000 3.59219
658000 3.92224
659000 4.26685
660000 2.01218
661000 2.13218
662000 2.29285
663000 2.49212
664000 2.72834
665000 2.99418
666000 3.28567
667000 3.59917
668000 3.93111
669000 4.27486
670000 2.00097
671000 2.12296
672000 2.28491
673000 2.48745
674000 2.72575
675000 2.99469
676000 3.29069
677000 3.60951
678000 3.94715
679000 4.29969
680000 2.0293
681000 2.15466
682000 2.32036
683000 2.52573
684000 2.76767
685000 3.03986
686000 3.33678
687000 3.65858
688000 3.99514
689000 4.34954
690000 2.01801
691000 2.14029
692000 2.30394
693000 2.50642
694000 2.74508
695000 3.01149
696000 3.30627
697000 3.62307
698000 3.95681
699000 4.30624
700000 2.04206
701000 2.16816
702000 2.33571
703000 2.54383
704000 2.78763
705000 3.0626
706000 3.36457
707000 3.69081
708000 4.0352
709000 4.39411
710000 2.03264
711000 2.15842
712000 2.32632
713000 2.53447
714000 2.77865
715000 3.05223
716000 3.35334
717000 3.67774
718000 4.0204
719000 4.37526
720000 2.03198
721000 2.15881
722000 2.33069
723000 2.54382
724000 2.79415
725000 3.07341
726000 3.37942
727000 3.7082
728000 4.0545
729000 4.41419
730000 2.04103
731000 2.16597
732000 2.33559
733000 2.54545
734000 2.79126
735000 3.06773
736000 3.37261
737000 3.70045
738000 4.04633
739000 4.40853
740000 2.06575
741000 2.19482
742000 2.36561
743000 2.57745
744000 2.8249
745000 3.1032
746000 3.40773
747000 3.73595
748000 4.08332
749000 4.44184
750000 2.06803
751000 2.19973
752000 2.37653
753000 2.5946
754000 2.84986
755000 3.13691
756000 3.44978
757000 3.78602
758000 4.13961
759000 4.50663
760000 2.06326
761000 2.18901
762000 2.35925
763000 2.5694
764000 2.81849
765000 3.09816
766000 3.40483
767000 3.73627
768000 4.0843
769000 4.44667
770000 2.06653
771000 2.196
772000 2.36715
773000 2.57965
774000 2.82867
775000 3.11032
776000 3.41927
777000 3.75252
778000 4.10483
779000 4.4716
780000 2.08367
781000 2.21678
782000 2.39215
783000 2.60823
784000 2.8604
785000 3.14154
786000 3.45081
787000 3.78158
788000 4.12899
789000 4.4891
790000 2.07678
791000 2.2049
792000 2.37536
793000 2.58903
794000 2.84051
795000 3.12528
796000 3.43687
797000 3.77012
798000 4.12251
799000 4.48937
800000 2.08173
801000 2.21217
802000 2.38803
803000 2.6064
804000 2.86122
805000 3.14655
806000 3.46078
807000 3.79646
808000 4.15023
809000 4.51496
810000 2.08832
811000 2.21249
812000 2.37818
813000 2.58484
814000 2.8279
815000 3.10294
816000 3.4065
817000 3.73209
818000 4.07579
819000 4.43665
820000 2.07608
821000 2.20718
822000 2.38305
823000 2.60329
824000 2.86041
825000 3.14766
826000 3.46202
827000 3.80165
828000 4.15844
829000 4.52785
830000 2.10641
831000 2.2388
832000 2.41426
833000 2.6295
834000 2.88412
835000 3.17034
836000 3.48198
837000 3.81366
838000 4.16449
839000 4.52958
840000 2.10768
841000 2.2392
842000 2.41493
843000 2.63418
844000 2.89148
845000 3.17913
846000 3.49459
847000 3.83173
848000 4.18501
849000 4.55364
850000 2.11398
851000 2.24536
852000 2.42014
853000 2.63628
854000 2.88828
855000 3.17095
856000 3.48349
857000 3.819
858000 4.17413
859000 4.54238
860000 2.09945
861000 2.22892
862000 2.40282
863000 2.62021
864000 2.87274
865000 3.15946
866000 3.47513
867000 3.81555
868000 4.17593
869000 4.55055
870000 2.1442
871000 2.28118
872000 2.46355
873000 2.68814
874000 2.9496
875000 3.24144
876000 3.56029
877000 3.90143
878000 4.25364
879000 4.62373
880000 2.12479
881000 2.25642
882000 2.43092
883000 2.64694
884000 2.89934
885000 3.18361
886000 3.4958
887000 3.83061
888000 4.18419
889000 4.55477
890000 2.1428
891000 2.27827
892000 2.45954
893000 2.68441
894000 2.94693
895000 3.24355
896000 3.56926
897000 3.91741
898000 4.28276
899000 4.66448
900000 2.15013
901000 2.28553
902000 2.46603
903000 2.69015
904000 2.95186
905000 3.24683
906000 3.56871
907000 3.91681
908000 4.28137
909000 4.66083
910000 2.15339
911000 2.28687
912000 2.46554
913000 2.68862
914000 2.94981
915000 3.24515
916000 3.56964
917000 3.91941
918000 4.28648
919000 4.66746
920000 2.17391
921000 2.31132
922000 2.49467
923000 2.722
924000 2.98727
925000 3.28619
926000 3.61462
927000 3.96792
928000 4.33788
929000 4.72447
930000 2.1767
931000 2.31307
932000 2.49486
933000 2.72201
934000 2.98819
935000 3.29095
936000 3.62212
937000 3.97469
938000 4.3476
939000 4.73476
940000 2.19922
941000 2.33915
942000 2.52474
943000 2.75415
944000 3.02162
945000 3.32179
946000 3.65065
947000 4.00349
948000 4.37493
949000 4.76273
950000 2.20216
951000 2.3382
952000 2.52009
953000 2.74529
954000 3.0072
955000 3.30187
956000 3.62402
957000 3.97203
958000 4.34135
959000 4.72281
960000 2.2193
961000 2.36291
962000 2.5524
963000 2.78597
964000 3.05677
965000 3.36242
966000 3.69859
967000 4.05997
968000 4.44227
969000 4.84067
970000 2.22066
971000 2.36215
972000 2.55083
973000 2.78461
974000 3.05457
975000 3.35703
976000 3.68847
977000 4.04514
978000 4.41935
979000 4.81051
980000 2.24132
981000 2.38462
982000 2.57461
983000 2.81002
984000 3.08367
985000 3.38939
986000 3.72285
987000 4.07878
988000 4.45254
989000 4.84321
990000 2.24205
991000 2.3854
992000 2.57632
993000 2.81334
994000 3.09018
995000 3.40364
996000 3.74371
997000 4.10554
998000 4.48529
999000 4.87964
1000000 2.24928
1001000 2.395
1002000 2.58699
1003000 2.82375
1004000 3.09967
1005000 3.41023
1006000 3.74774
1007000 4.108
1008000 4.48709
1009000 4.87887
1010000 2.26671
1011000 2.4115
1012000 2.60366
1013000 2.8408
1014000 3.11817
1015000 3.4286
1016000 3.76777
1017000 4.13107
1018000 4.51352
1019000 4.90689
1020000 2.28233
1021000 2.42545
1022000 2.61502
1023000 2.8468
1024000 3.1166
1025000 3.41884
1026000 3.74681
1027000 4.10004
1028000 4.46917
1029000 4.85112
1030000 2.28876
1031000 2.43088
1032000 2.61898
1033000 2.84822
1034000 3.1184
1035000 3.42011
1036000 3.7524
1037000 4.10873
1038000 4.48238
1039000 4.87163
1040000 2.29072
1041000 2.43397
1042000 2.62538
1043000 2.86344
1044000 3.14076
1045000 3.45056
1046000 3.79099
1047000 4.14991
1048000 4.53311
1049000 4.9276
1050000 2.28057
1051000 2.41788
1052000 2.60135
1053000 2.82898
1054000 3.09623
1055000 3.39491
1056000 3.72369
1057000 4.07722
1058000 4.44853
1059000 4.83236
1060000 2.31138
1061000 2.45448
1062000 2.64518
1063000 2.88045
1064000 3.15514
1065000 3.46241
1066000 3.79804
1067000 4.15796
1068000 4.5371
1069000 4.92998
1070000 2.3065
1071000 2.44901
1072000 2.64013
1073000 2.87596
1074000 3.15128
1075000 3.46212
1076000 3.80042
1077000 4.16137
1078000 4.54033
1079000 4.93466
1080000 2.31189
1081000 2.45595
1082000 2.64627
1083000 2.88242
1084000 3.15698
1085000 3.4636
1086000 3.80077
1087000 4.16163
1088000 4.54077
1089000 4.93778
1090000 2.3273
1091000 2.4691
1092000 2.65924
1093000 2.89407
1094000 3.16943
1095000 3.4796
1096000 3.81696
1097000 4.18307
1098000 4.5678
1099000 4.96598
1100000 2.33584
1101000 2.48475
1102000 2.68407
1103000 2.92924
1104000 3.21401
1105000 3.53198
1106000 3.87836
1107000 4.24713
1108000 4.63128
1109000 5.03079
1110000 2.34696
1111000 2.4958
1112000 2.69243
1113000 2.93578
1114000 3.21932
1115000 3.5371
1116000 3.88423
1117000 4.25597
1118000 4.648
1119000 5.0553
1120000 2.34116
1121000 2.4877
1122000 2.68404
1123000 2.92751
1124000 3.21171
1125000 3.53024
1126000 3.88059
1127000 4.25372
1128000 4.64974
1129000 5.05933
1130000 2.38295
1131000 2.53349
1132000 2.73287
1133000 2.97832
1134000 3.26201
1135000 3.57844
1136000 3.92259
1137000 4.29099
1138000 4.677
1139000 5.07713
1140000 2.36325
1141000 2.51117
1142000 2.70686
1143000 2.94965
1144000 3.23307
1145000 3.5521
1146000 3.90037
1147000 4.27395
1148000 4.66667
1149000 5.07378
1150000 2.39337
1151000 2.55017
1152000 2.75649
1153000 3.00929
1154000 3.30153
1155000 3.62678
1156000 3.98005
1157000 4.35592
1158000 4.74921
1159000 5.15621
1160000 2.38737
1161000 2.53966
1162000 2.73929
1163000 2.98448
1164000 3.26902
1165000 3.58619
1166000 3.9314
1167000 4.29782
1168000 4.6814
1169000 5.08258
1170000 2.4098
1171000 2.56185
1172000 2.76192
1173000 3.00721
1174000 3.29229
1175000 3.60992
1176000 3.95619
1177000 4.3237
1178000 4.70715
1179000 5.10102
1180000 2.40173
1181000 2.5506
1182000 2.74658
1183000 2.98583
1184000 3.26469
1185000 3.57941
1186000 3.92071
1187000 4.29007
1188000 4.67806
1189000 5.08065
1190000 2.42208
1191000 2.57336
1192000 2.77274
1193000 3.01848
1194000 3.30438
1195000 3.62332
1196000 3.97185
1197000 4.34316
1198000 4.7334
1199000 5.13865
1200000 2.41491
1201000 2.56437
1202000 2.76185
1203000 3.00545
1204000 3.2864
1205000 3.60194
1206000 3.9455
1207000 4.31238
1208000 4.69626
1209000 5.09486
1210000 2.44558
1211000 2.59752
1212000 2.79763
1213000 3.04404
1214000 3.32766
1215000 3.64545
1216000 3.99017
1217000 4.35974
1218000 4.746
1219000 5.14255
1220000 2.43588
1221000 2.58551
1222000 2.78309
1223000 3.02573
1224000 3.30608
1225000 3.6194
1226000 3.95992
1227000 4.32516
1228000 4.70878
1229000 5.10677
1230000 2.45184
1231000 2.60244
1232000 2.80144
1233000 3.04421
1234000 3.3238
1235000 3.63562
1236000 3.97604
1237000 4.34195
1238000 4.72333
1239000 5.11617
1240000 2.46434
1241000 2.61622
1242000 2.814
1243000 3.05596
1244000 3.33432
1245000 3.64551
1246000 3.98493
1247000 4.35015
1248000 4.73245
1249000 5.13044
1250000 2.44033
1251000 2.59132
1252000 2.79039
1253000 3.03588
1254000 3.32183
1255000 3.64291
1256000 3.99207
1257000 4.36511
1258000 4.75444
1259000 5.15961
1260000 2.4739
1261000 2.6247
1262000 2.82359
1263000 3.06744
1264000 3.3514
1265000 3.66871
1266000 4.01413
1267000 4.38065
1268000 4.76497
1269000 5.16267
1270000 2.47031
1271000 2.61939
1272000 2.81744
1273000 3.06045
1274000 3.34207
1275000 3.6566
1276000 4.00071
1277000 4.37057
1278000 4.75846
1279000 5.1605
1280000 2.49131
1281000 2.64487
1282000 2.84723
1283000 3.09799
1284000 3.38914
1285000 3.71281
1286000 4.06556
1287000 4.44299
1288000 4.83452
1289000 5.24071
1290000 2.47558
1291000 2.6214
1292000 2.81519
1293000 3.05283
1294000 3.32986
1295000 3.63933
1296000 3.97845
1297000 4.34244
1298000 4.72749
1299000 5.1288
1300000 2.51509
1301000 2.67119
1302000 2.87636
1303000 3.12667
1304000 3.41518
1305000 3.73563
1306000 4.08364
1307000 4.4569
1308000 4.84907
1309000 5.25271
1310000 2.50804
1311000 2.65969
1312000 2.86045
1313000 3.10651
1314000 3.39258
1315000 3.71351
1316000 4.06631
1317000 4.44601
1318000 4.84672
1319000 5.26321
1320000 2.52951
1321000 2.68611
1322000 2.89164
1323000 3.1445
1324000 3.43655
1325000 3.76297
1326000 4.11778
1327000 4.49038
1328000 4.88232
1329000 5.2883
1330000 2.5237
1331000 2.67436
1332000 2.87561
1333000 3.12381
1334000 3.4153
1335000 3.74377
1336000 4.10163
1337000 4.48288
1338000 4.88319
1339000 5.29003
1340000 2.54129
1341000 2.69578
1342000 2.90257
1343000 3.15813
1344000 3.458
1345000 3.79355
1346000 4.15758
1347000 4.54399
1348000 4.94869
1349000 5.36406
1350000 2.5486
1351000 2.70079
1352000 2.90232
1353000 3.15042
1354000 3.4403
1355000 3.76508
1356000 4.11658
1357000 4.49259
1358000 4.88537
1359000 5.29496
1360000 2.55985
1361000 2.71765
1362000 2.92395
1363000 3.17544
1364000 3.4673
1365000 3.79311
1366000 4.14576
1367000 4.52464
1368000 4.9248
1369000 5.33703
1370000 2.58819
1371000 2.74298
1372000 2.94712
1373000 3.19776
1374000 3.48754
1375000 3.81112
1376000 4.16421
1377000 4.54444
1378000 4.94232
1379000 5.35614
1380000 2.58801
1381000 2.75314
1382000 2.97022
1383000 3.23529
1384000 3.54229
1385000 3.88537
1386000 4.25657
1387000 4.64918
1388000 5.05998
1389000 5.48488
1390000 2.58752
1391000 2.74292
1392000 2.94832
1393000 3.20025
1394000 3.49037
1395000 3.81802
1396000 4.17592
1397000 4.55381
1398000 4.95344
1399000 5.36462
1400000 2.61796
1401000 2.77941
1402000 2.98942
1403000 3.24573
1404000 3.54412
1405000 3.87795
1406000 4.2392
1407000 4.62376
1408000 5.02739
1409000 5.44349
1410000 2.6134
1411000 2.77569
1412000 2.98819
1413000 3.24746
1414000 3.54697
1415000 3.88233
1416000 4.2457
1417000 4.63227
1418000 5.04084
1419000 5.46121
1420000 2.61424
1421000 2.77226
1422000 2.98296
1423000 3.23975
1424000 3.53896
1425000 3.87177
1426000 4.23201
1427000 4.61707
1428000 5.02196
1429000 5.43778
1430000 2.61255
1431000 2.76986
1432000 2.97565
1433000 3.22877
1434000 3.52268
1435000 3.85176
1436000 4.20995
1437000 4.59323
1438000 4.99445
1439000 5.4101
1440000 2.63016
1441000 2.78925
1442000 2.99721
1443000 3.24986
1444000 3.5413
1445000 3.86857
1446000 4.22701
1447000 4.60824
1448000 5.00926
1449000 5.42528
1450000 2.61775
1451000 2.77436
1452000 2.97906
1453000 3.23068
1454000 3.52317
1455000 3.85122
1456000 4.20859
1457000 4.59208
1458000 4.99254
1459000 5.40165
1460000 2.6304
1461000 2.78869
1462000 2.99648
1463000 3.25223
1464000 3.54976
1465000 3.88286
1466000 4.24568
1467000 4.6311
1468000 5.03435
1469000 5.45246
1470000 2.64891
1471000 2.80917
1472000 3.01953
1473000 3.27781
1474000 3.5776
1475000 3.91175
1476000 4.27342
1477000 4.65772
1478000 5.06172
1479000 5.48014
1480000 2.64228
1481000 2.8
1482000 3.00863
1483000 3.26349
1484000 3.55824
1485000 3.88724
1486000 4.24786
1487000 4.63459
1488000 5.04114
1489000 5.45996
1490000 2.66494
1491000 2.82672
1492000 3.04152
1493000 3.30548
1494000 3.61049
1495000 3.95002
1496000 4.31673
1497000 4.70641
1498000 5.11151
1499000 5.5334
1500000 2.65559
1501000 2.81539
1502000 3.02476
1503000 3.281
1504000 3.57783
1505000 3.91034
1506000 4.27154
1507000 4.65801
1508000 5.06569
1509000 5.48645
1510000 2.69463
1511000 2.86203
1512000 3.08159
1513000 3.34831
1514000 3.65535
1515000 3.99682
1516000 4.36817
1517000 4.76448
1518000 5.1742
1519000 5.5954
1520000 2.66619
1521000 2.82783
1522000 3.04023
1523000 3.29842
1524000 3.59939
1525000 3.93337
1526000 4.2976
1527000 4.68437
1528000 5.08825
1529000 5.50561
1530000 2.69392
1531000 2.85588
1532000 3.06572
1533000 3.31911
1534000 3.61399
1535000 3.9412
1536000 4.29726
1537000 4.67899
1538000 5.07747
1539000 5.48846
1540000 2.70012
1541000 2.86761
1542000 3.08745
1543000 3.35621
1544000 3.66831
1545000 4.01412
1546000 4.38852
1547000 4.7844
1548000 5.19631
1549000 5.61503
1550000 2.69711
1551000 2.85699
1552000 3.06809
1553000 3.32662
1554000 3.62632
1555000 3.96206
1556000 4.32553
1557000 4.7129
1558000 5.1147
1559000 5.52721
1560000 2.71967
1561000 2.88336
1562000 3.09793
1563000 3.35969
1564000 3.66183
1565000 3.99938
1566000 4.36455
1567000 4.75421
1568000 5.15526
1569000 5.57035
1570000 2.70319
1571000 2.8625
1572000 3.0714
1573000 3.32632
1574000 3.62033
1575000 3.9484
1576000 4.30396
1577000 4.68263
1578000 5.07756
1579000 5.48484
1580000 2.71842
1581000 2.87872
1582000 3.08934
1583000 3.34765
1584000 3.64311
1585000 3.97346
1586000 4.3318
1587000 4.71362
1588000 5.11115
1589000 5.52089
1590000 2.72327
1591000 2.88273
1592000 3.09079
1593000 3.34533
1594000 3.63766
1595000 3.96441
1596000 4.32041
1597000 4.69777
1598000 5.09388
1599000 5.5036
1600000 2.71119
1601000 2.87148
1602000 3.08353
1603000 3.34307
1604000 3.6442
1605000 3.98165
1606000 4.3484
1607000 4.73561
1608000 5.14208
1609000 5.56138
1610000 2.73575
1611000 2.89775
1612000 3.11045
1613000 3.3697
1614000 3.66843
1615000 4.00074
1616000 4.36259
1617000 4.74443
1618000 5.14874
1619000 5.5663
1620000 2.73947
1621000 2.90164
1622000 3.11653
1623000 3.3778
1624000 3.67955
1625000 4.01472
1626000 4.37785
1627000 4.76479
1628000 5.16977
1629000 5.5823
1630000 2.73234
1631000 2.89186
1632000 3.10244
1633000 3.36139
1634000 3.66192
1635000 3.99881
1636000 4.36167
1637000 4.74694
1638000 5.14749
1639000 5.56257
1640000 2.76006
1641000 2.92361
1642000 3.13807
1643000 3.39755
1644000 3.69734
1645000 4.0303
1646000 4.39307
1647000 4.77773
1648000 5.17817
1649000 5.59
1650000 2.73992
1651000 2.8992
1652000 3.10853
1653000 3.36699
1654000 3.66592
1655000 3.99965
1656000 4.36081
1657000 4.74646
1658000 5.14778
1659000 5.56172
1660000 2.75764
1661000 2.92089
1662000 3.13298
1663000 3.39179
1664000 3.69128
1665000 4.02381
1666000 4.38579
1667000 4.77082
1668000 5.17482
1669000 5.59445
1670000 2.75982
1671000 2.92604
1672000 3.14265
1673000 3.40655
1674000 3.71044
1675000 4.04842
1676000 4.41462
1677000 4.80172
1678000 5.20901
1679000 5.62575
1680000 2.77843
1681000 2.94181
1682000 3.15445
1683000 3.41234
1684000 3.7146
1685000 4.04842
1686000 4.40939
1687000 4.79773
1688000 5.20247
1689000 5.62311
1690000 2.76938
1691000 2.93098
1692000 3.14299
1693000 3.40255
1694000 3.70255
1695000 4.03725
1696000 4.39791
1697000 4.78251
1698000 5.18373
1699000 5.59685
1700000 2.77899
1701000 2.94256
1702000 3.15635
1703000 3.41407
1704000 3.71175
1705000 4.04404
1706000 4.40229
1707000 4.77865
1708000 5.1745
1709000 5.58455
1710000 2.78804
1711000 2.95085
1712000 3.16116
1713000 3.41353
1714000 3.70489
1715000 4.02934
1716000 4.37956
1717000 4.7535
1718000 5.1471
1719000 5.55454
1720000 2.77407
1721000 2.9365
1722000 3.14948
1723000 3.41239
1724000 3.71962
1725000 4.06206
1726000 4.43518
1727000 4.82966
1728000 5.23849
1729000 5.66288
1730000 2.78424
1731000 2.94716
1732000 3.15772
1733000 3.41446
1734000 3.71184
1735000 4.04494
1736000 4.40534
1737000 4.78824
1738000 5.18923
1739000 5.60446
1740000 2.80262
1741000 2.96863
1742000 3.18506
1743000 3.4446
1744000 3.74678
1745000 4.08251
1746000 4.44586
1747000 4.83321
1748000 5.23861
1749000 5.65427
1750000 2.78666
1751000 2.94725
1752000 3.15592
1753000 3.40944
1754000 3.70279
1755000 4.03175
1756000 4.38824
1757000 4.76875
1758000 5.16738
1759000 5.58197
1760000 2.80651
1761000 2.9744
1762000 3.19182
1763000 3.45738
1764000 3.76277
1765000 4.1007
1766000 4.46384
1767000 4.8516
1768000 5.25312
1769000 5.66828
1770000 2.79146
1771000 2.94945
1772000 3.15687
1773000 3.41183
1774000 3.70781
1775000 4.03735
1776000 4.3962
1777000 4.77825
1778000 5.17806
1779000 5.5895
1780000 2.80847
1781000 2.97019
1782000 3.1801
1783000 3.43582
1784000 3.73073
1785000 4.05749
1786000 4.4136
1787000 4.78948
1788000 5.18165
1789000 5.58929
1790000 2.80078
1791000 2.96325
1792000 3.17524
1793000 3.43388
1794000 3.73521
1795000 4.06814
1796000 4.42954
1797000 4.81297
1798000 5.21577
1799000 5.63102
1800000 2.80871
1801000 2.97054
1802000 3.18333
1803000 3.44294
1804000 3.74366
1805000 4.07822
1806000 4.43901
1807000 4.8193
1808000 5.21828
1809000 5.62818
1810000 2.78867
1811000 2.94751
1812000 3.15533
1813000 3.40737
1814000 3.69973
1815000 4.02572
1816000 4.38043
1817000 4.75784
1818000 5.1524
1819000 5.559
1820000 2.80676
1821000 2.96571
1822000 3.17661
1823000 3.43466
1824000 3.73416
1825000 4.06966
1826000 4.43555
1827000 4.82277
1828000 5.22859
1829000 5.64444
1830000 2.80797
1831000 2.97175
1832000 3.18388
1833000 3.4378
1834000 3.73004
1835000 4.05688
1836000 4.41201
1837000 4.79049
1838000 5.18896
1839000 5.59927
1840000 2.79457
1841000 2.95368
1842000 3.16323
1843000 3.42081
1844000 3.71814
1845000 4.0507
1846000 4.41245
1847000 4.79665
1848000 5.20337
1849000 5.62266
1850000 2.82348
1851000 2.9874
1852000 3.20152
1853000 3.46147
1854000 3.76107
1855000 4.095
1856000 4.45781
1857000 4.84635
1858000 5.24987
1859000 5.66553
1860000 2.79115
1861000 2.94953
1862000 3.15891
1863000 3.41591
1864000 3.71272
1865000 4.04313
1866000 4.40072
1867000 4.78365
1868000 5.18391
1869000 5.59816
1870000 2.83885
1871000 3.00641
1872000 3.22314
1873000 3.48493
1874000 3.7877
1875000 4.12416
1876000 4.48753
1877000 4.87269
1878000 5.27563
1879000 5.68995
1880000 2.79409
1881000 2.95293
1882000 3.16199
1883000 3.41746
1884000 3.71339
1885000 4.04649
1886000 4.41141
1887000 4.7981
1888000 5.2012
1889000 5.61444
1890000 2.82805
1891000 2.99249
1892000 3.20666
1893000 3.46708
1894000 3.76694
1895000 4.10111
1896000 4.46583
1897000 4.85327
1898000 5.25903
1899000 5.67673
1900000 2.8173
1901000 2.97683
1902000 3.18405
1903000 3.43505
1904000 3.7271
1905000 4.05273
1906000 4.40744
1907000 4.78865
1908000 5.18856
1909000 5.60424
1910000 2.8196
1911000 2.97884
1912000 3.18703
1913000 3.44142
1914000 3.7353
1915000 4.06476
1916000 4.42169
1917000 4.80409
1918000 5.2025
1919000 5.61049
1920000 2.80876
1921000 2.9704
1922000 3.17944
1923000 3.43261
1924000 3.72542
1925000 4.05425
1926000 4.41074
1927000 4.78824
1928000 5.18052
1929000 5.58518
1930000 2.81859
1931000 2.98258
1932000 3.19482
1933000 3.45361
1934000 3.75313
1935000 4.08754
1936000 4.44965
1937000 4.83309
1938000 5.22996
1939000 5.63896
1940000 2.8042
1941000 2.96303
1942000 3.17031
1943000 3.42102
1944000 3.71265
1945000 4.03867
1946000 4.3938
1947000 4.7717
1948000 5.16594
1949000 5.57526
1950000 2.81423
1951000 2.97839
1952000 3.19078
1953000 3.44924
1954000 3.74805
1955000 4.07784
1956000 4.43728
1957000 4.82075
1958000 5.21848
1959000 5.62445
1960000 2.79207
1961000 2.95015
1962000 3.15772
1963000 3.40925
1964000 3.70149
1965000 4.02865
1966000 4.38217
1967000 4.76088
1968000 5.15712
1969000 5.56659
1970000 2.81299
1971000 2.9757
1972000 3.18685
1973000 3.4427
1974000 3.73707
1975000 4.06804
1976000 4.42629
1977000 4.80689
1978000 5.2038
1979000 5.61465
1980000 2.80052
1981000 2.95646
1982000 3.16251
1983000 3.41242
1984000 3.70358
1985000 4.03094
1986000 4.38714
1987000 4.76556
1988000 5.16137
1989000 5.56731
1990000 2.82368
1991000 2.98732
1992000 3.19969
1993000 3.45667
1994000 3.75383
1995000 4.08237
1996000 4.43968
1997000 4.81976
1998000 5.21633
1999000 5.62164
2000000 2.79059
2001000 2.94814
2002000 3.15455
2003000 3.40896
2004000 3.70217
2005000 4.02971
2006000 4.38513
2007000 4.76032
2008000 5.1559
2009000 5.56158
2010000 2.81778
2011000 2.98314
2012000 3.19885
2013000 3.4606
2014000 3.76005
2015000 4.09178
2016000 4.45002
2017000 4.83249
2018000 5.23152
2019000 5.64045
2020000 2.80282
2021000 2.96225
2022000 3.17116
2023000 3.42808
2024000 3.72574
2025000 4.0586
2026000 4.42007
2027000 4.80521
2028000 5.20847
2029000 5.62359
2030000 2.81494
2031000 2.97928
2032000 3.19275
2033000 3.45419
2034000 3.75348
2035000 4.08641
2036000 4.44819
2037000 4.83375
2038000 5.2359
2039000 5.64998
2040000 2.81892
2041000 2.98235
2042000 3.19729
2043000 3.46054
2044000 3.76291
2045000 4.10027
2046000 4.46584
2047000 4.85507
2048000 5.26
2049000 5.6754
2050000 2.8208
2051000 2.98289
2052000 3.19485
2053000 3.45336
2054000 3.75086
2055000 4.07992
2056000 4.43284
2057000 4.81155
2058000 5.207
2059000 5.61528
2060000 2.82541
2061000 2.99073
2062000 3.20487
2063000 3.46605
2064000 3.76685
2065000 4.09975
2066000 4.45939
2067000 4.841
2068000 5.23775
2069000 5.64475
2070000 2.81086
2071000 2.97208
2072000 3.1827
2073000 3.43903
2074000 3.73359
2075000 4.06002
2076000 4.41743
2077000 4.79745
2078000 5.19201
2079000 5.60118
2080000 2.83786
2081000 3.00324
2082000 3.21947
2083000 3.48021
2084000 3.78245
2085000 4.11569
2086000 4.47514
2087000 4.85665
2088000 5.25521
2089000 5.6647
2090000 2.79997
2091000 2.95848
2092000 3.16687
2093000 3.42025
2094000 3.71233
2095000 4.03964
2096000 4.39607
2097000 4.77557
2098000 5.17167
2099000 5.58059
2100000 2.82856
2101000 2.99371
2102000 3.21004
2103000 3.47264
2104000 3.77262
2105000 4.10332
2106000 4.46092
2107000 4.83975
2108000 5.23163
2109000 5.63757
2110000 2.80076
2111000 2.95909
2112000 3.16514
2113000 3.416
2114000 3.70699
2115000 4.03171
2116000 4.38355
2117000 4.75964
2118000 5.15224
2119000 5.56104
2120000 2.80808
2121000 2.9687
2122000 3.17695
2123000 3.43001
2124000 3.72276
2125000 4.04563
2126000 4.39472
2127000 4.76909
2128000 5.16112
2129000 5.56539
2130000 2.80419
2131000 2.9603
2132000 3.16516
2133000 3.4141
2134000 3.70262
2135000 4.02376
2136000 4.37485
2137000 4.74919
2138000 5.14327
2139000 5.5513
2140000 2.77565
2141000 2.93623
2142000 3.1443
2143000 3.39818
2144000 3.69007
2145000 4.01578
2146000 4.36749
2147000 4.74306
2148000 5.13832
2149000 5.54396
2150000 2.79916
2151000 2.96032
2152000 3.1695
2153000 3.42481
2154000 3.71581
2155000 4.04036
2156000 4.3923
2157000 4.76647
2158000 5.16066
2159000 5.56743
2160000 2.77849
2161000 2.93397
2162000 3.13981
2163000 3.39237
2164000 3.68613
2165000 4.01479
2166000 4.37232
2167000 4.75485
2168000 5.15084
2169000 5.56155
2170000 2.79384
2171000 2.95007
2172000 3.15524
2173000 3.40535
2174000 3.69403
2175000 4.0167
2176000 4.36871
2177000 4.74445
2178000 5.13922
2179000 5.54741
2180000 2.78804
2181000 2.94488
2182000 3.15222
2183000 3.40448
2184000 3.69597
2185000 4.02248
2186000 4.37776
2187000 4.75998
2188000 5.16118
2189000 5.57587
2190000 2.77429
2191000 2.93544
2192000 3.14529
2193000 3.40051
2194000 3.69512
2195000 4.02314
2196000 4.37803
2197000 4.75186
2198000 5.14204
2199000 5.54631
2200000 2.79137
2201000 2.9503
2202000 3.15714
2203000 3.40927
2204000 3.69764
2205000 4.01981
2206000 4.36812
2207000 4.7414
2208000 5.13066
2209000 5.53268
2210000 2.78745
2211000 2.94824
2212000 3.15996
2213000 3.41734
2214000 3.7125
2215000 4.04184
2216000 4.39667
2217000 4.77541
2218000 5.17097
2219000 5.57892
2220000 2.75138
2221000 2.90884
2222000 3.11737
2223000 3.37348
2224000 3.67216
2225000 4.00441
2226000 4.36551
2227000 4.75166
2228000 5.1551
2229000 5.5714
2230000 2.76729
2231000 2.92545
2232000 3.1338
2233000 3.38928
2234000 3.68571
2235000 4.01273
2236000 4.36937
2237000 4.74998
2238000 5.14721
2239000 5.56024
2240000 2.77285
2241000 2.93326
2242000 3.14508
2243000 3.40184
2244000 3.69956
2245000 4.03152
2246000 4.39235
2247000 4.77323
2248000 5.17139
2249000 5.58004
2250000 2.76082
2251000 2.91676
2252000 3.1211
2253000 3.3703
2254000 3.65999
2255000 3.98203
2256000 4.33341
2257000 4.70514
2258000 5.09378
2259000 5.49573
2260000 2.75915
2261000 2.91743
2262000 3.12273
2263000 3.37275
2264000 3.65851
2265000 3.97812
2266000 4.3237
2267000 4.69194
2268000 5.07702
2269000 5.47813
2270000 2.73932
2271000 2.89596
2272000 3.10195
2273000 3.35451
2274000 3.64713
2275000 3.97235
2276000 4.324
2277000 4.69694
2278000 5.08745
2279000 5.49223
2280000 2.7415
2281000 2.89967
2282000 3.10526
2283000 3.35724
2284000 3.65122
2285000 3.9781
2286000 4.33249
2287000 4.71093
2288000 5.10512
2289000 5.51493
2290000 2.73756
2291000 2.89621
2292000 3.10298
2293000 3.35347
2294000 3.64298
2295000 3.96583
2296000 4.31634
2297000 4.68872
2298000 5.08064
2299000 5.48337
2300000 2.7246
2301000 2.88498
2302000 3.09565
2303000 3.35244
2304000 3.64705
2305000 3.9755
2306000 4.32938
2307000 4.70622
2308000 5.09886
2309000 5.50366
2310000 2.7221
2311000 2.87765
2312000 3.08116
2313000 3.33076
2314000 3.61997
2315000 3.94186
2316000 4.29091
2317000 4.66209
2318000 5.05353
2319000 5.45776
2320000 2.72603
2321000 2.8886
2322000 3.10186
2323000 3.36181
2324000 3.66198
2325000 3.99527
2326000 4.35874
2327000 4.74472
2328000 5.14961
2329000 5.56964
2330000 2.73296
2331000 2.89371
2332000 3.10524
2333000 3.36181
2334000 3.65888
2335000 3.98686
2336000 4.3455
2337000 4.72761
2338000 5.12772
2339000 5.54074
2340000 2.73602
2341000 2.8956
2342000 3.10317
2343000 3.3569
2344000 3.64868
2345000 3.97362
2346000 4.32448
2347000 4.70202
2348000 5.09745
2349000 5.50475
2350000 2.73379
2351000 2.89437
2352000 3.10295
2353000 3.3568
2354000 3.65188
2355000 3.98206
2356000 4.3396
2357000 4.72156
2358000 5.1211
2359000 5.53427
2360000 2.72192
2361000 2.88364
2362000 3.0947
2363000 3.34856
2364000 3.64221
2365000 3.96803
2366000 4.31945
2367000 4.69375
2368000 5.085
2369000 5.49071
2370000 2.72578
2371000 2.88507
2372000 3.09243
2373000 3.34461
2374000 3.63572
2375000 3.95998
2376000 4.31286
2377000 4.68556
2378000 5.07524
2379000 5.47921
2380000 2.71406
2381000 2.87222
2382000 3.07896
2383000 3.33101
2384000 3.62151
2385000 3.9444
2386000 4.29654
2387000 4.67146
2388000 5.06231
2389000 5.46642
2390000 2.70576
2391000 2.85621
2392000 3.05482
2393000 3.29889
2394000 3.58272
2395000 3.90199
2396000 4.25203
2397000 4.6252
2398000 5.01681
2399000 5.42252
2400000 2.69217
2401000 2.84948
2402000 3.05491
2403000 3.30447
2404000 3.59354
2405000 3.91519
2406000 4.26626
2407000 4.63979
2408000 5.03337
2409000 5.43949
2410000 2.68192
2411000 2.8389
2412000 3.04408
2413000 3.29505
2414000 3.5852
2415000 3.90969
2416000 4.26256
2417000 4.63993
2418000 5.03645
2419000 5.44437
2420000 2.70502
2421000 2.86352
2422000 3.07146
2423000 3.32636
2424000 3.61848
2425000 3.94592
2426000 4.30233
2427000 4.68017
2428000 5.07218
2429000 5.47875
2430000 2.69324
2431000 2.84967
2432000 3.05461
2433000 3.30539
2434000 3.59538
2435000 3.91769
2436000 4.26834
2437000 4.63994
2438000 5.02697
2439000 5.42433
2440000 2.71015
2441000 2.87024
2442000 3.07935
2443000 3.33166
2444000 3.62191
2445000 3.94409
2446000 4.29548
2447000 4.66697
2448000 5.05728
2449000 5.46147
2450000 2.69899
2451000 2.85808
2452000 3.06829
2453000 3.32441
2454000 3.61755
2455000 3.94394
2456000 4.29916
2457000 4.67514
2458000 5.06815
2459000 5.47309
2460000 2.69372
2461000 2.85291
2462000 3.06061
2463000 3.3165
2464000 3.61225
2465000 3.94201
2466000 4.30176
2467000 4.68287
2468000 5.08125
2469000 5.49168
2470000 2.69339
2471000 2.85124
2472000 3.05936
2473000 3.31498
2474000 3.61185
2475000 3.94126
2476000 4.29782
2477000 4.67778
2478000 5.07405
2479000 5.48403
2480000 2.68504
2481000 2.84523
2482000 3.05529
2483000 3.30922
2484000 3.60359
2485000 3.9294
2486000 4.28374
2487000 4.65752
2488000 5.05213
2489000 5.45982
2490000 2.69203
2491000 2.85039
2492000 3.05767
2493000 3.31118
2494000 3.60348
2495000 3.92912
2496000 4.28283
2497000 4.66138
2498000 5.0592
2499000 5.46975
2500000 2.68023
2501000 2.83773
2502000 3.0461
2503000 3.30126
2504000 3.59677
2505000 3.92785
2506000 4.286
2507000 4.66372
2508000 5.05905
2509000 5.4701
2510000 2.68596
2511000 2.84494
2512000 3.05515
2513000 3.31114
2514000 3.60725
2515000 3.93925
2516000 4.30004
2517000 4.68171
2518000 5.08139
2519000 5.4915
2520000 2.67811
2521000 2.83919
2522000 3.04936
2523000 3.30397
2524000 3.59621
2525000 3.91775
2526000 4.26527
2527000 4.63101
2528000 5.0177
2529000 5.41944
2530000 2.69235
2531000 2.85082
2532000 3.05763
2533000 3.30886
2534000 3.60017
2535000 3.92548
2536000 4.28267
2537000 4.66268
2538000 5.06054
2539000 5.47024
2540000 2.66309
2541000 2.81644
2542000 3.01946
2543000 3.26914
2544000 3.55889
2545000 3.88388
2546000 4.23721
2547000 4.61485
2548000 5.01067
2549000 5.4162
2550000 2.67289
2551000 2.82834
2552000 3.03187
2553000 3.27923
2554000 3.566
2555000 3.88323
2556000 4.22745
2557000 4.59597
2558000 4.98233
2559000 5.38538
2560000 2.65427
2561000 2.81085
2562000 3.01679
2563000 3.26875
2564000 3.56247
2565000 3.88834
2566000 4.24425
2567000 4.62236
2568000 5.01925
2569000 5.4287
2570000 2.67075
2571000 2.82866
2572000 3.03433
2573000 3.28659
2574000 3.57695
2575000 3.90036
2576000 4.24952
2577000 4.62137
2578000 5.00761
2579000 5.41008
2580000 2.66259
2581000 2.82012
2582000 3.02716
2583000 3.2805
2584000 3.57325
2585000 3.89621
2586000 4.24603
2587000 4.61434
2588000 5.00247
2589000 5.40401
2590000 2.65923
2591000 2.81623
2592000 3.0235
2593000 3.2756
2594000 3.56798
2595000 3.89226
2596000 4.24283
2597000 4.61649
2598000 5.00939
2599000 5.41466
2600000 2.67314
2601000 2.82874
2602000 3.03249
2603000 3.28059
2604000 3.56858
2605000 3.89032
2606000 4.24002
2607000 4.60861
2608000 4.9952
2609000 5.39794
2610000 2.66144
2611000 2.81781
2612000 3.02385
2613000 3.27445
2614000 3.56241
2615000 3.88201
2616000 4.22858
2617000 4.59757
2618000 4.98356
2619000 5.38409
2620000 2.65906
2621000 2.81244
2622000 3.01449
2623000 3.26
2624000 3.54364
2625000 3.85902
2626000 4.20492
2627000 4.57551
2628000 4.96521
2629000 5.36602
2630000 2.66544
2631000 2.82184
2632000 3.02572
2633000 3.27673
2634000 3.56901
2635000 3.89342
2636000 4.24819
2637000 4.62502
2638000 5.01694
2639000 5.41835
2640000 2.64326
2641000 2.79358
2642000 2.99085
2643000 3.23436
2644000 3.51554
2645000 3.82732
2646000 4.16723
2647000 4.52935
2648000 4.90872
2649000 5.30027
2650000 2.64203
2651000 2.79574
2652000 2.99814
2653000 3.24448
2654000 3.53007
2655000 3.84735
2656000 4.19324
2657000 4.55946
2658000 4.94404
2659000 5.33882
2660000 2.63727
2661000 2.79435
2662000 2.99909
2663000 3.24982
2664000 3.53871
2665000 3.85845
2666000 4.20888
2667000 4.58249
2668000 4.97345
2669000 5.37566
2670000 2.63165
2671000 2.78579
2672000 2.98842
2673000 3.23489
2674000 3.52041
2675000 3.8356
2676000 4.17588
2677000 4.53722
2678000 4.91415
2679000 5.30452
2680000 2.63957
2681000 2.79246
2682000 2.99355
2683000 3.23894
2684000 3.52033
2685000 3.83397
2686000 4.17594
2687000 4.5399
2688000 4.92279
2689000 5.32137
2690000 2.62847
2691000 2.78173
2692000 2.98397
2693000 3.23263
2694000 3.52036
2695000 3.84009
2696000 4.18631
2697000 4.55698
2698000 4.94357
2699000 5.34305
2700000 2.62118
2701000 2.77126
2702000 2.96899
2703000 3.21266
2704000 3.494
2705000 3.80785
2706000 4.14953
2707000 4.51244
2708000 4.89393
2709000 5.28852
2710000 2.62566
2711000 2.77985
2712000 2.98166
2713000 3.22839
2714000 3.51413
2715000 3.83308
2716000 4.1811
2717000 4.54904
2718000 4.93578
2719000 5.33368
2720000 2.62067
2721000 2.77599
2722000 2.97936
2723000 3.22771
2724000 3.51506
2725000 3.83539
2726000 4.18418
2727000 4.55632
2728000 4.94613
2729000 5.34786
2730000 2.62406
2731000 2.77437
2732000 2.97457
2733000 3.21802
2734000 3.50185
2735000 3.82
2736000 4.16614
2737000 4.53355
2738000 4.91891
2739000 5.31663
2740000 2.60032
2741000 2.7503
2742000 2.94701
2743000 3.18834
2744000 3.46835
2745000 3.78129
2746000 4.1222
2747000 4.48816
2748000 4.87221
2749000 5.27131
2750000 2.62298
2751000 2.77979
2752000 2.98725
2753000 3.24151
2754000 3.53436
2755000 3.85871
2756000 4.2093
2757000 4.58124
2758000 4.96972
2759000 5.3706
2760000 2.59102
2761000 2.74255
2762000 2.94154
2763000 3.18482
2764000 3.4679
2765000 3.78388
2766000 4.12728
2767000 4.49537
2768000 4.88274
2769000 5.28277
2770000 2.62671
2771000 2.78337
2772000 2.98857
2773000 3.24064
2774000 3.53034
2775000 3.85279
2776000 4.20363
2777000 4.57547
2778000 4.9661
2779000 5.36888
2780000 2.61013
2781000 2.76181
2782000 2.96143
2783000 3.20723
2784000 3.48948
2785000 3.80478
2786000 4.14873
2787000 4.51361
2788000 4.89842
2789000 5.29306
2790000 2.61919
2791000 2.77478
2792000 2.97964
2793000 3.22959
2794000 3.51813
2795000 3.84191
2796000 4.19554
2797000 4.56998
2798000 4.96205
2799000 5.36243
2800000 2.59305
2801000 2.74303
2802000 2.94287
2803000 3.18622
2804000 3.46797
2805000 3.78219
2806000 4.12424
2807000 4.48862
2808000 4.87081
2809000 5.26778
2810000 2.60989
2811000 2.76512
2812000 2.96735
2813000 3.21276
2814000 3.49535
2815000 3.80896
2816000 4.15005
2817000 4.51377
2818000 4.89541
2819000 5.28856
2820000 2.60081
2821000 2.75464
2822000 2.95499
2823000 3.19819
2824000 3.4796
2825000 3.79356
2826000 4.13753
2827000 4.50316
2828000 4.88737
2829000 5.2854
2830000 2.60872
2831000 2.76115
2832000 2.96058
2833000 3.20465
2834000 3.48846
2835000 3.80735
2836000 4.15514
2837000 4.52452
2838000 4.91068
2839000 5.3108
2840000 2.59744
2841000 2.75381
2842000 2.9576
2843000 3.20575
2844000 3.49128
2845000 3.8088
2846000 4.15376
2847000 4.51964
2848000 4.90587
2849000 5.30348
2850000 2.58436
2851000 2.73575
2852000 2.93545
2853000 3.18033
2854000 3.46251
2855000 3.77586
2856000 4.11452
2857000 4.47569
2858000 4.85343
2859000 5.24446
2860000 2.60843
2861000 2.76163
2862000 2.95962
2863000 3.19946
2864000 3.47667
2865000 3.78685
2866000 4.12426
2867000 4.48307
2868000 4.86025
2869000 5.25301
2870000 2.58941
2871000 2.74202
2872000 2.94329
2873000 3.19045
2874000 3.47686
2875000 3.79877
2876000 4.14644
2877000 4.51749
2878000 4.90551
2879000 5.30449
2880000 2.58581
2881000 2.73561
2882000 2.93579
2883000 3.18028
2884000 3.4663
2885000 3.78554
2886000 4.13393
2887000 4.50717
2888000 4.8984
2889000 5.30256
2890000 2.59874
2891000 2.7486
2892000 2.9466
2893000 3.18911
2894000 3.47083
2895000 3.78653
2896000 4.13007
2897000 4.49769
2898000 4.88042
2899000 5.27489
2900000 2.60854
2901000 2.76538
2902000 2.97093
2903000 3.22158
2904000 3.5107
2905000 3.83134
2906000 4.17898
2907000 4.54963
2908000 4.93712
2909000 5.33926
2910000 2.59113
2911000 2.73969
2912000 2.93513
2913000 3.17695
2914000 3.45798
2915000 3.77247
2916000 4.11691
2917000 4.484
2918000 4.86791
2919000 5.26708
2920000 2.59334
2921000 2.74656
2922000 2.94849
2923000 3.19494
2924000 3.48224
2925000 3.80333
2926000 4.15234
2927000 4.52473
2928000 4.91812
2929000 5.32281
2930000 2.60215
2931000 2.75292
2932000 2.95423
2933000 3.20153
2934000 3.48864
2935000 3.80787
2936000 4.15314
2937000 4.52011
2938000 4.90249
2939000 5.29607
2940000 2.61653
2941000 2.76666
2942000 2.96482
2943000 3.20822
2944000 3.48889
2945000 3.80048
2946000 4.14004
2947000 4.50072
2948000 4.87736
2949000 5.27161
2950000 2.59925
2951000 2.75482
2952000 2.95859
2953000 3.20772
2954000 3.49745
2955000 3.82061
2956000 4.17248
2957000 4.54433
2958000 4.9338
2959000 5.33389
2960000 2.61112
2961000 2.76224
2962000 2.9623
2963000 3.20639
2964000 3.48971
2965000 3.80826
2966000 4.15491
2967000 4.52147
2968000 4.90802
2969000 5.30862
2970000 2.58404
2971000 2.73563
2972000 2.93482
2973000 3.17759
2974000 3.45911
2975000 3.77495
2976000 4.11841
2977000 4.48825
2978000 4.87815
2979000 5.28024
2980000 2.58838
2981000 2.74038
2982000 2.9412
2983000 3.18833
2984000 3.47479
2985000 3.7932
2986000 4.13715
2987000 4.5071
2988000 4.89394
2989000 5.29054
2990000 2.58369
2991000 2.73304
2992000 2.92952
2993000 3.16965
2994000 3.44673
2995000 3.75626
2996000 4.09726
2997000 4.45895
2998000 4.84023
2999000 5.23501
3000000 2.58441
3001000 2.73903
3002000 2.94135
3003000 3.18912
3004000 3.47667
3005000 3.79901
3006000 4.15038
3007000 4.52324
3008000 4.91858
3009000 5.32321
3010000 2.57938
3011000 2.72927
3012000 2.92744
3013000 3.17097
3014000 3.45478
3015000 3.77077
3016000 4.11497
3017000 4.48129
3018000 4.86392
3019000 5.25843
3020000 2.59634
3021000 2.74967
3022000 2.95141
3023000 3.19868
3024000 3.48278
3025000 3.79956
3026000 4.14565
3027000 4.51108
3028000 4.89453
3029000 5.29102
3030000 2.57635
3031000 2.72793
3032000 2.92421
3033000 3.16381
3034000 3.44074
3035000 3.74918
3036000 4.08223
3037000 4.43298
3038000 4.79952
3039000 5.18106
3040000 2.58737
3041000 2.73791
3042000 2.93371
3043000 3.17274
3044000 3.44908
3045000 3.75514
3046000 4.08745
3047000 4.44325
3048000 4.81593
3049000 5.20364
3050000 2.56126
3051000 2.70807
3052000 2.90226
3053000 3.14085
3054000 3.41801
3055000 3.72827
3056000 4.06624
3057000 4.42382
3058000 4.79958
3059000 5.18896
3060000 2.54778
3061000 2.69358
3062000 2.88577
3063000 3.12204
3064000 3.39607
3065000 3.70385
3066000 4.03972
3067000 4.39911
3068000 4.77377
3069000 5.16117
3070000 2.55173
3071000 2.69618
3072000 2.88729
3073000 3.12092
3074000 3.39223
3075000 3.69452
3076000 4.02433
3077000 4.37637
3078000 4.74563
3079000 5.1303
3080000 2.54165
3081000 2.69082
3082000 2.8864
3083000 3.12552
3084000 3.40123
3085000 3.70543
3086000 4.03751
3087000 4.39199
3088000 4.76496
3089000 5.15153
3090000 2.54363
3091000 2.68859
3092000 2.87859
3093000 3.11227
3094000 3.38199
3095000 3.68516
3096000 4.01645
3097000 4.36971
3098000 4.73787
3099000 5.12138
3100000 2.52706
3101000 2.67549
3102000 2.87173
3103000 3.11349
3104000 3.39227
3105000 3.70369
3106000 4.04287
3107000 4.40249
3108000 4.77945
3109000 5.16942
3110000 2.52735
3111000 2.67039
3112000 2.86108
3113000 3.09729
3114000 3.37383
3115000 3.68276
3116000 4.02038
3117000 4.38138
3118000 4.76468
3119000 5.15965
3120000 2.52359
3121000 2.67154
3122000 2.86792
3123000 3.10925
3124000 3.38925
3125000 3.70092
3126000 4.03852
3127000 4.39877
3128000 4.77837
3129000 5.17055
3130000 2.52726
3131000 2.67604
3132000 2.87432
3133000 3.11794
3134000 3.40145
3135000 3.71643
3136000 4.0589
3137000 4.42559
3138000 4.81022
3139000 5.20314
3140000 2.51307
3141000 2.66206
3142000 2.85834
3143000 3.10029
3144000 3.3801
3145000 3.6938
3146000 4.03452
3147000 4.39575
3148000 4.77685
3149000 5.16997
3150000 2.53648
3151000 2.68707
3152000 2.88449
3153000 3.12684
3154000 3.40811
3155000 3.72194
3156000 4.06103
3157000 4.42113
3158000 4.79498
3159000 5.18572
3160000 2.52505
3161000 2.67397
3162000 2.86949
3163000 3.10926
3164000 3.38531
3165000 3.69314
3166000 4.02885
3167000 4.38437
3168000 4.75713
3169000 5.14347
3170000 2.51356
3171000 2.66543
3172000 2.86748
3173000 3.11503
3174000 3.3994
3175000 3.71535
3176000 4.05887
3177000 4.42268
3178000 4.80381
3179000 5.19689
3180000 2.51085
3181000 2.65857
3182000 2.85312
3183000 3.09019
3184000 3.36434
3185000 3.67097
3186000 4.00369
3187000 4.35965
3188000 4.72981
3189000 5.11792
3190000 2.51895
3191000 2.66932
3192000 2.86614
3193000 3.10434
3194000 3.38133
3195000 3.69283
3196000 4.03064
3197000 4.39388
3198000 4.77486
3199000 5.16869
3200000 2.50368
3201000 2.6489
3202000 2.84354
3203000 3.08228
3204000 3.36187
3205000 3.67378
3206000 4.01216
3207000 4.37505
3208000 4.75462
3209000 5.14442
3210000 2.4928
3211000 2.63345
3212000 2.82185
3213000 3.05478
3214000 3.32752
3215000 3.63494
3216000 3.96979
3217000 4.32797
3218000 4.70199
3219000 5.09498
3220000 2.49358
3221000 2.64216
3222000 2.83752
3223000 3.07422
3224000 3.349
3225000 3.65437
3226000 3.98927
3227000 4.3472
3228000 4.72266
3229000 5.10842
3230000 2.49943
3231000 2.64735
3232000 2.84412
3233000 3.08651
3234000 3.36641
3235000 3.67913
3236000 4.01998
3237000 4.38365
3238000 4.76321
3239000 5.15357
3240000 2.49725
3241000 2.64333
3242000 2.83792
3243000 3.07692
3244000 3.35627
3245000 3.66766
3246000 4.00626
3247000 4.36522
3248000 4.74092
3249000 5.12937
3250000 2.50554
3251000 2.65221
3252000 2.84594
3253000 3.08446
3254000 3.35904
3255000 3.6672
3256000 4.00095
3257000 4.35539
3258000 4.72762
3259000 5.11308
3260000 2.49007
3261000 2.63555
3262000 2.82804
3263000 3.06318
3264000 3.3353
3265000 3.63941
3266000 3.96811
3267000 4.32012
3268000 4.6878
3269000 5.06863
3270000 2.49246
3271000 2.63873
3272000 2.83126
3273000 3.06632
3274000 3.33891
3275000 3.64297
3276000 3.97384
3277000 4.32862
3278000 4.70057
3279000 5.08483
3280000 2.47572
3281000 2.62069
3282000 2.81242
3283000 3.04866
3284000 3.32246
3285000 3.62607
3286000 3.9582
3287000 4.31241
3288000 4.68508
3289000 5.07178
3290000 2.48206
3291000 2.62727
3292000 2.81875
3293000 3.05274
3294000 3.32407
3295000 3.62944
3296000 3.96289
3297000 4.31757
3298000 4.69301
3299000 5.08077
3300000 2.46335
3301000 2.60241
3302000 2.78939
3303000 3.02076
3304000 3.28918
3305000 3.5889
3306000 3.91662
3307000 4.26812
3308000 4.63729
3309000 5.0197
3310000 2.47559
3311000 2.61861
3312000 2.80959
3313000 3.04404
3314000 3.3176
3315000 3.62307
3316000 3.95609
3317000 4.31015
3318000 4.68139
3319000 5.06434
3320000 2.47922
3321000 2.6246
3322000 2.81744
3323000 3.05466
3324000 3.33036
3325000 3.6371
3326000 3.96655
3327000 4.31673
3328000 4.68688
3329000 5.06311
3330000 2.46393
3331000 2.60531
3332000 2.79362
3333000 3.02558
3334000 3.2956
3335000 3.59809
3336000 3.92771
3337000 4.27965
3338000 4.64719
3339000 5.02752
3340000 2.46256
3341000 2.60476
3342000 2.79203
3343000 3.02286
3344000 3.29094
3345000 3.59143
3346000 3.91957
3347000 4.27143
3348000 4.64408
3349000 5.0291
3350000 2.47282
3351000 2.61759
3352000 2.80953
3353000 3.04303
3354000 3.3129
3355000 3.6152
3356000 3.94611
3357000 4.29716
3358000 4.66577
3359000 5.04947
3360000 2.45525
3361000 2.59511
3362000 2.78165
3363000 3.01091
3364000 3.27809
3365000 3.57734
3366000 3.90402
3367000 4.25573
3368000 4.62172
3369000 4.99977
3370000 2.4565
3371000 2.60083
3372000 2.79074
3373000 3.0245
3374000 3.29342
3375000 3.59539
3376000 3.92185
3377000 4.2714
3378000 4.63835
3379000 5.01615
3380000 2.44415
3381000 2.58423
3382000 2.77059
3383000 3.00035
3384000 3.26837
3385000 3.56826
3386000 3.89368
3387000 4.24112
3388000 4.60675
3389000 4.99022
3390000 2.44806
3391000 2.5939
3392000 2.78668
3393000 3.02185
3394000 3.29444
3395000 3.59908
3396000 3.9321
3397000 4.2853
3398000 4.65825
3399000 5.04427
3400000 2.45231
3401000 2.5948
3402000 2.78392
3403000 3.01609
3404000 3.28648
3405000 3.58914
3406000 3.91563
3407000 4.26466
3408000 4.62981
3409000 5.00812
3410000 2.44943
3411000 2.59452
3412000 2.78628
3413000 3.02002
3414000 3.29123
3415000 3.59088
3416000 3.91649
3417000 4.26481
3418000 4.63217
3419000 5.01211
3420000 2.43922
3421000 2.58469
3422000 2.77603
3423000 3.01155
3424000 3.28454
3425000 3.5863
3426000 3.91662
3427000 4.26869
3428000 4.63688
3429000 5.02022
3430000 2.42949
3431000 2.5722
3432000 2.75947
3433000 2.99036
3434000 3.25777
3435000 3.55551
3436000 3.88126
3437000 4.22797
3438000 4.59369
3439000 4.97183
3440000 2.4318
3441000 2.57371
3442000 2.76248
3443000 2.99339
3444000 3.26114
3445000 3.55878
3446000 3.88116
3447000 4.22626
3448000 4.58677
3449000 4.95923
3450000 2.44402
3451000 2.585
3452000 2.77121
3453000 2.99887
3454000 3.26341
3455000 3.55849
3456000 3.87983
3457000 4.21974
3458000 4.57825
3459000 4.94915
3460000 2.43969
3461000 2.58129
3462000 2.76861
3463000 2.99899
3464000 3.26613
3465000 3.56274
3466000 3.88606
3467000 4.23073
3468000 4.59026
3469000 4.96547
3470000 2.41628
3471000 2.55727
3472000 2.74536
3473000 2.97457
3474000 3.2408
3475000 3.5384
3476000 3.86382
3477000 4.21123
3478000 4.57694
3479000 4.95334
3480000 2.4197
3481000 2.56085
3482000 2.74851
3483000 2.97901
3484000 3.24753
3485000 3.54738
3486000 3.87415
3487000 4.22428
3488000 4.59268
3489000 4.9742
3490000 2.41009
3491000 2.54782
3492000 2.73123
3493000 2.95764
3494000 3.22073
3495000 3.51889
3496000 3.84328
3497000 4.18978
3498000 4.55206
3499000 4.92816
3500000 2.42337
3501000 2.56294
3502000 2.74708
3503000 2.97169
3504000 3.2328
3505000 3.52635
3506000 3.84617
3507000 4.18661
3508000 4.54702
3509000 4.91889
3510000 2.40368
3511000 2.53975
3512000 2.72305
3513000 2.94923
3514000 3.21266
3515000 3.50722
3516000 3.82745
3517000 4.17111
3518000 4.5287
3519000 4.8985
3520000 2.43225
3521000 2.57229
3522000 2.75583
3523000 2.98077
3524000 3.24332
3525000 3.53786
3526000 3.85875
3527000 4.20112
3528000 4.5619
3529000 4.93623
3530000 2.40645
3531000 2.54879
3532000 2.73657
3533000 2.9675
3534000 3.23384
3535000 3.53162
3536000 3.8523
3537000 4.19667
3538000 4.55746
3539000 4.93211
3540000 2.41616
3541000 2.55754
3542000 2.74487
3543000 2.97343
3544000 3.23855
3545000 3.53572
3546000 3.85888
3547000 4.20658
3548000 4.56953
3549000 4.9464
3550000 2.40574
3551000 2.54527
3552000 2.7286
3553000 2.95588
3554000 3.21992
3555000 3.51758
3556000 3.84376
3557000 4.19243
3558000 4.55874
3559000 4.93852
3560000 2.42286
3561000 2.56353
3562000 2.74792
3563000 2.9746
3564000 3.23769
3565000 3.52849
3566000 3.84456
3567000 4.18297
3568000 4.54088
3569000 4.91203
3570000 2.42023
3571000 2.55829
3572000 2.74341
3573000 2.97121
3574000 3.23638
3575000 3.53119
3576000 3.85538
3577000 4.20113
3578000 4.56491
3579000 4.94245
3580000 2.39685
3581000 2.53503
3582000 2.72054
3583000 2.94945
3584000 3.21533
3585000 3.51412
3586000 3.83907
3587000 4.18852
3588000 4.55597
3589000 4.9342
3590000 2.43255
3591000 2.57641
3592000 2.76602
3593000 2.99969
3594000 3.26896
3595000 3.57122
3596000 3.90045
3597000 4.25262
3598000 4.62629
3599000 5.0135
3600000 2.41512
3601000 2.55681
3602000 2.74589
3603000 2.97945
3604000 3.25036
3605000 3.55236
3606000 3.88262
3607000 4.23701
3608000 4.61011
3609000 4.99914
3610000 2.41151
3611000 2.55669
3612000 2.74831
3613000 2.98497
3614000 3.25771
3615000 3.56145
3616000 3.8913
3617000 4.2454
3618000 4.61949
3619000 5.00927
3620000 2.43288
3621000 2.57892
3622000 2.77081
3623000 3.00691
3624000 3.28099
3625000 3.58634
3626000 3.91907
3627000 4.27364
3628000 4.64533
3629000 5.03366
3630000 2.42982
3631000 2.57603
3632000 2.77075
3633000 3.00878
3634000 3.28442
3635000 3.59408
3636000 3.93119
3637000 4.29036
3638000 4.66783
3639000 5.05622
3640000 2.43367
3641000 2.57736
3642000 2.76946
3643000 3.00606
3644000 3.27895
3645000 3.58389
3646000 3.91526
3647000 4.26911
3648000 4.64065
3649000 5.02512
3650000 2.43357
3651000 2.5761
3652000 2.76408
3653000 2.99779
3654000 3.26836
3655000 3.57273
3656000 3.90392
3657000 4.25704
3658000 4.62447
3659000 5.00744
3660000 2.414
3661000 2.55587
3662000 2.74258
3663000 2.97286
3664000 3.23906
3665000 3.5341
3666000 3.85523
3667000 4.19867
3668000 4.56098
3669000 4.93895
3670000 2.43376
3671000 2.57434
3672000 2.76122
3673000 2.99051
3674000 3.25549
3675000 3.55337
3676000 3.87991
3677000 4.23056
3678000 4.59804
3679000 4.98265
3680000 2.42579
3681000 2.56883
3682000 2.75857
3683000 2.99041
3684000 3.26019
3685000 3.55898
3686000 3.88682
3687000 4.23506
3688000 4.60221
3689000 4.98308
3690000 2.41539
3691000 2.55326
3692000 2.73691
3693000 2.96017
3694000 3.221
3695000 3.51277
3696000 3.83189
3697000 4.17386
3698000 4.53603
3699000 4.91249
3700000 2.40762
3701000 2.54775
3702000 2.7341
3703000 2.9646
3704000 3.23027
3705000 3.52792
3706000 3.85123
3707000 4.19337
3708000 4.55627
3709000 4.93014
3710000 2.39892
3711000 2.53927
3712000 2.72521
3713000 2.95514
3714000 3.22135
3715000 3.51943
3716000 3.8439
3717000 4.19061
3718000 4.5535
3719000 4.93296
3720000 2.39066
3721000 2.53372
3722000 2.72513
3723000 2.95908
3724000 3.23205
3725000 3.53476
3726000 3.86611
3727000 4.21898
3728000 4.58798
3729000 4.97195
3730000 2.40743
3731000 2.54748
3732000 2.73485
3733000 2.9657
3734000 3.23339
3735000 3.53243
3736000 3.85841
3737000 4.20849
3738000 4.57548
3739000 4.95758
3740000 2.40305
3741000 2.54442
3742000 2.73269
3743000 2.96557
3744000 3.23671
3745000 3.53922
3746000 3.868
3747000 4.21788
3748000 4.5877
3749000 4.97412
3750000 2.40081
3751000 2.54465
3752000 2.7347
3753000 2.9671
3754000 3.23595
3755000 3.53615
3756000 3.86627
3757000 4.22055
3758000 4.59448
3759000 4.98262
3760000 2.414
3761000 2.5568
3762000 2.74646
3763000 2.97866
3764000 3.24879
3765000 3.55004
3766000 3.87956
3767000 4.23231
3768000 4.60136
3769000 4.98394
3770000 2.40619
3771000 2.54754
3772000 2.7343
3773000 2.96754
3774000 3.23781
3775000 3.54076
3776000 3.87121
3777000 4.22433
3778000 4.59482
3779000 4.97907
3780000 2.42747
3781000 2.57155
3782000 2.76019
3783000 2.99134
3784000 3.2595
3785000 3.5593
3786000 3.8875
3787000 4.23787
3788000 4.60857
3789000 4.9904
3790000 2.38546
3791000 2.52255
3792000 2.70649
3793000 2.93455
3794000 3.20107
3795000 3.49948
3796000 3.82685
3797000 4.17613
3798000 4.54642
3799000 4.93081
3800000 2.40387
3801000 2.54713
3802000 2.73589
3803000 2.96744
3804000 3.23584
3805000 3.53368
3806000 3.85725
3807000 4.20284
3808000 4.56157
3809000 4.93713
3810000 2.40018
3811000 2.54056
3812000 2.72652
3813000 2.95582
3814000 3.22252
3815000 3.52312
3816000 3.85257
3817000 4.20294
3818000 4.57089
3819000 4.94977
3820000 2.41659
3821000 2.55857
3822000 2.74713
3823000 2.97715
3824000 3.24553
3825000 3.54505
3826000 3.87215
3827000 4.22141
3828000 4.588
3829000 4.96883
3830000 2.42701
3831000 2.57037
3832000 2.75912
3833000 2.99109
3834000 3.26149
3835000 3.56077
3836000 3.88721
3837000 4.23316
3838000 4.59668
3839000 4.97224
3840000 2.3961
3841000 2.5308
3842000 2.71035
3843000 2.93267
3844000 3.19292
3845000 3.48328
3846000 3.80254
3847000 4.14419
3848000 4.5028
3849000 4.87259
3850000 2.41643
3851000 2.55876
3852000 2.74637
3853000 2.97487
3854000 3.24116
3855000 3.53867
3856000 3.863
3857000 4.20709
3858000 4.56643
3859000 4.94131
3860000 2.41392
3861000 2.55093
3862000 2.73322
3863000 2.95912
3864000 3.22372
3865000 3.51778
3866000 3.84067
3867000 4.18597
3868000 4.54909
3869000 4.923
3870000 2.40009
3871000 2.53455
3872000 2.71367
3873000 2.93643
3874000 3.19681
3875000 3.48957
3876000 3.80999
3877000 4.15314
3878000 4.51486
3879000 4.8949
3880000 2.41453
3881000 2.55559
3882000 2.74414
3883000 2.97649
3884000 3.24612
3885000 3.54585
3886000 3.8714
3887000 4.22191
3888000 4.58819
3889000 4.97067
3890000 2.39286
3891000 2.52913
3892000 2.71347
3893000 2.94275
3894000 3.21092
3895000 3.51274
3896000 3.84332
3897000 4.19471
3898000 4.56544
3899000 4.94952
3900000 2.41175
3901000 2.55224
3902000 2.73966
3903000 2.9703
3904000 3.23797
3905000 3.5374
3906000 3.86484
3907000 4.21468
3908000 4.5841
3909000 4.97137
3910000 2.41454
3911000 2.55477
3912000 2.74224
3913000 2.97153
3914000 3.2363
3915000 3.53216
3916000 3.85518
3917000 4.20084
3918000 4.56709
3919000 4.9479
3920000 2.43108
3921000 2.57584
3922000 2.76874
3923000 3.005
3924000 3.28053
3925000 3.5916
3926000 3.93046
3927000 4.28959
3928000 4.66456
3929000 5.05622
3930000 2.4272
3931000 2.56866
3932000 2.7557
3933000 2.98502
3934000 3.25286
3935000 3.55225
3936000 3.8795
3937000 4.22986
3938000 4.59877
3939000 4.98247
3940000 2.4175
3941000 2.55955
3942000 2.74752
3943000 2.97874
3944000 3.24785
3945000 3.54653
3946000 3.87181
3947000 4.21993
3948000 4.58676
3949000 4.9646
3950000 2.42728
3951000 2.56827
3952000 2.75423
3953000 2.98216
3954000 3.24694
3955000 3.5439
3956000 3.8694
3957000 4.21622
3958000 4.57839
3959000 4.95655
3960000 2.40178
3961000 2.5362
3962000 2.71479
3963000 2.93429
3964000 3.19094
3965000 3.4777
3966000 3.79375
3967000 4.13252
3968000 4.48852
3969000 4.85514
3970000 2.42284
3971000 2.56105
3972000 2.74466
3973000 2.9698
3974000 3.22965
3975000 3.52115
3976000 3.83805
3977000 4.17576
3978000 4.52892
3979000 4.89881
3980000 2.40079
3981000 2.53355
3982000 2.71163
3983000 2.9322
3984000 3.18799
3985000 3.47495
3986000 3.78862
3987000 4.12543
3988000 4.48003
3989000 4.84925
3990000 2.40157
3991000 2.53713
3992000 2.71832
3993000 2.9403
3994000 3.19955
3995000 3.48815
3996000 3.80316
3997000 4.14249
3998000 4.49984
3999000 4.87114
4000000 2.39458
4001000 2.52884
4002000 2.70846
4003000 2.93007
4004000 3.18823
4005000 3.47577
4006000 3.78979
4007000 4.12566
4008000 4.48148
4009000 4.84672
4010000 2.38567
4011000 2.51902
4012000 2.6988
4013000 2.92172
4014000 3.1813
4015000 3.47192
4016000 3.7871
4017000 4.12536
4018000 4.48259
4019000 4.85283
4020000 2.38713
4021000 2.51979
4022000 2.69548
4023000 2.91371
4024000 3.16902
4025000 3.45343
4026000 3.7675
4027000 4.1044
4028000 4.46054
4029000 4.83194
4030000 2.39971
4031000 2.53376
4032000 2.71405
4033000 2.93687
4034000 3.19839
4035000 3.48998
4036000 3.80883
4037000 4.15116
4038000 4.51322
4039000 4.88978
4040000 2.37539
4041000 2.51149
4042000 2.6919
4043000 2.91375
4044000 3.17073
4045000 3.46045
4046000 3.77539
4047000 4.11618
4048000 4.47549
4049000 4.84867
4050000 2.38522
4051000 2.52214
4052000 2.70635
4053000 2.93417
4054000 3.19895
4055000 3.49614
4056000 3.81853
4057000 4.16425
4058000 4.52982
4059000 4.90713
4060000 2.36973
4061000 2.50204
4062000 2.68136
4063000 2.90514
4064000 3.16549
4065000 3.45921
4066000 3.779
4067000 4.12409
4068000 4.48738
4069000 4.86399
4070000 2.37832
4071000 2.51526
4072000 2.69941
4073000 2.92656
4074000 3.18925
4075000 3.48351
4076000 3.80386
4077000 4.14566
4078000 4.507
4079000 4.88514
4080000 2.40787
4081000 2.54773
4082000 2.73311
4083000 2.96263
4084000 3.22887
4085000 3.52811
4086000 3.85345
4087000 4.20028
4088000 4.56742
4089000 4.94602
4090000 2.37471
4091000 2.51304
4092000 2.69866
4093000 2.92807
4094000 3.19392
4095000 3.49253
4096000 3.81831
4097000 4.16637
4098000 4.53146
4099000 4.91145
4100000 2.4046
4101000 2.54168
4102000 2.72491
4103000 2.95033
4104000 3.21054
4105000 3.50455
4106000 3.824
4107000 4.16355
4108000 4.5223
4109000 4.89913
4110000 2.40242
4111000 2.54207
4112000 2.72821
4113000 2.95484
4114000 3.21892
4115000 3.51725
4116000 3.84257
4117000 4.19328
4118000 4.56286
4119000 4.94601
4120000 2.38937
4121000 2.5285
4122000 2.71466
4123000 2.9448
4124000 3.21378
4125000 3.51464
4126000 3.84311
4127000 4.19618
4128000 4.56972
4129000 4.95879
4130000 2.39816
4131000 2.53719
4132000 2.72259
4133000 2.95057
4134000 3.21612
4135000 3.51462
4136000 3.84101
4137000 4.18988
4138000 4.55729
4139000 4.94155
4140000 2.40263
4141000 2.54187
4142000 2.72898
4143000 2.95801
4144000 3.2255
4145000 3.52467
4146000 3.85076
4147000 4.20162
4148000 4.57234
4149000 4.95471
4150000 2.3893
4151000 2.52372
4152000 2.70337
4153000 2.92534
4154000 3.18576
4155000 3.47942
4156000 3.80135
4157000 4.14771
4158000 4.51513
4159000 4.89864
4160000 2.40734
4161000 2.54782
4162000 2.73304
4163000 2.96188
4164000 3.22843
4165000 3.52617
4166000 3.85069
4167000 4.19726
4168000 4.56076
4169000 4.93896
4170000 2.41041
4171000 2.5468
4172000 2.72926
4173000 2.95364
4174000 3.21588
4175000 3.5092
4176000 3.83091
4177000 4.17734
4178000 4.54246
4179000 4.92257
4180000 2.41295
4181000 2.55331
4182000 2.73989
4183000 2.96796
4184000 3.23395
4185000 3.52893
4186000 3.85372
4187000 4.20017
4188000 4.56569
4189000 4.9465
4190000 2.42107
4191000 2.56144
4192000 2.74911
4193000 2.981
4194000 3.24958
4195000 3.54925
4196000 3.8767
4197000 4.22323
4198000 4.59154
4199000 4.96969
4200000 2.41313
4201000 2.54713
4202000 2.72652
4203000 2.94873
4204000 3.20684
4205000 3.49637
4206000 3.81393
4207000 4.15495
4208000 4.51543
4209000 4.88791
4210000 2.40049
4211000 2.53456
4212000 2.71475
4213000 2.93654
4214000 3.19787
4215000 3.4925
4216000 3.81623
4217000 4.16149
4218000 4.52535
4219000 4.9046
4220000 2.39659
4221000 2.53066
4222000 2.71015
4223000 2.9317
4224000 3.18916
4225000 3.47922
4226000 3.79781
4227000 4.13927
4228000 4.49515
4229000 4.87136
4230000 2.41774
4231000 2.55364
4232000 2.73494
4233000 2.95797
4234000 3.21879
4235000 3.50946
4236000 3.82754
4237000 4.16759
4238000 4.52664
4239000 4.90138
4240000 2.40213
4241000 2.53495
4242000 2.71241
4243000 2.93361
4244000 3.19208
4245000 3.48301
4246000 3.80046
4247000 4.14285
4248000 4.50362
4249000 4.8774
4250000 2.40702
4251000 2.54162
4252000 2.72196
4253000 2.94487
4254000 3.20324
4255000 3.49456
4256000 3.81345
4257000 4.15373
4258000 4.51089
4259000 4.88345
4260000 2.40493
4261000 2.53934
4262000 2.71971
4263000 2.94225
4264000 3.20226
4265000 3.49375
4266000 3.81268
4267000 4.15341
4268000 4.5146
4269000 4.88851
4270000 2.39283
4271000 2.52599
4272000 2.70422
4273000 2.92582
4274000 3.18461
4275000 3.47411
4276000 3.79051
4277000 4.12578
4278000 4.48079
4279000 4.84988
4280000 2.38442
4281000 2.51555
4282000 2.69235
4283000 2.91224
4284000 3.16883
4285000 3.45909
4286000 3.77636
4287000 4.11973
4288000 4.48235
4289000 4.85887
4290000 2.3773
4291000 2.50831
4292000 2.68488
4293000 2.90453
4294000 3.16041
4295000 3.44755
4296000 3.76137
4297000 4.09676
4298000 4.45033
4299000 4.81803
4300000 2.38599
4301000 2.51932
4302000 2.69844
4303000 2.92015
4304000 3.17943
4305000 3.46981
4306000 3.78648
4307000 4.12691
4308000 4.48606
4309000 4.85857
4310000 2.37761
4311000 2.50834
4312000 2.68537
4313000 2.90379
4314000 3.15958
4315000 3.4462
4316000 3.76091
4317000 4.10053
4318000 4.45853
4319000 4.83163
4320000 2.36671
4321000 2.49709
4322000 2.67423
4323000 2.89357
4324000 3.14772
4325000 3.43749
4326000 3.75152
4327000 4.09261
4328000 4.45285
4329000 4.82921
4330000 2.36019
4331000 2.49079
4332000 2.66829
4333000 2.88985
4334000 3.14932
4335000 3.44211
4336000 3.75968
4337000 4.10048
4338000 4.45998
4339000 4.83286
4340000 2.36468
4341000 2.49592
4342000 2.67253
4343000 2.88994
4344000 3.14416
4345000 3.42978
4346000 3.74471
4347000 4.08345
4348000 4.44201
4349000 4.81779
4350000 2.38019
4351000 2.51666
4352000 2.69838
4353000 2.92327
4354000 3.18604
4355000 3.47915
4356000 3.80061
4357000 4.1418
4358000 4.50095
4359000 4.87303
4360000 2.34626
4361000 2.47334
4362000 2.64524
4363000 2.8603
4364000 3.11442
4365000 3.40181
4366000 3.71716
4367000 4.05803
4368000 4.41656
4369000 4.79211
4370000 2.36459
4371000 2.49572
4372000 2.67486
4373000 2.89774
4374000 3.15891
4375000 3.45188
4376000 3.77324
4377000 4.11825
4378000 4.48062
4379000 4.85633
4380000 2.35619
4381000 2.48698
4382000 2.6624
4383000 2.88121
4384000 3.13741
4385000 3.42611
4386000 3.74421
4387000 4.08906
4388000 4.45378
4389000 4.83469
4390000 2.35095
4391000 2.48151
4392000 2.65924
4393000 2.87969
4394000 3.13889
4395000 3.43141
4396000 3.75235
4397000 4.09741
4398000 4.46233
4399000 4.84257
4400000 2.35917
4401000 2.49523
4402000 2.67633
4403000 2.89956
4404000 3.15823
4405000 3.44847
4406000 3.7649
4407000 4.10455
4408000 4.46182
4409000 4.83504
4410000 2.35233
4411000 2.48547
4412000 2.66496
4413000 2.88895
4414000 3.14923
4415000 3.43957
4416000 3.75705
4417000 4.09571
4418000 4.45406
4419000 4.82515
4420000 2.34512
4421000 2.47469
4422000 2.64886
4423000 2.86571
4424000 3.11693
4425000 3.40124
4426000 3.7144
4427000 4.04958
4428000 4.40514
4429000 4.76976
4430000 2.35803
4431000 2.48952
4432000 2.66683
4433000 2.88687
4434000 3.14437
4435000 3.43421
4436000 3.75159
4437000 4.09121
4438000 4.45001
4439000 4.82199
4440000 2.33093
4441000 2.45949
4442000 2.63437
4443000 2.85229
4444000 3.10863
4445000 3.39706
4446000 3.71394
4447000 4.05497
4448000 4.41299
4449000 4.78481
4450000 2.32392
4451000 2.45357
4452000 2.62897
4453000 2.84436
4454000 3.09555
4455000 3.37803
4456000 3.6868
4457000 4.01824
4458000 4.3659
4459000 4.73142
4460000 2.33816
4461000 2.46635
4462000 2.64029
4463000 2.855
4464000 3.1066
4465000 3.39021
4466000 3.70226
4467000 4.03919
4468000 4.39472
4469000 4.7655
4470000 2.32059
4471000 2.447
4472000 2.61851
4473000 2.83342
4474000 3.08676
4475000 3.37149
4476000 3.68595
4477000 4.02345
4478000 4.3783
4479000 4.74588
4480000 2.32062
4481000 2.44737
4482000 2.61884
4483000 2.83222
4484000 3.08112
4485000 3.3626
4486000 3.67188
4487000 4.00389
4488000 4.35428
4489000 4.72039
4490000 2.32068
4491000 2.45052
4492000 2.62381
4493000 2.83991
4494000 3.09177
4495000 3.37405
4496000 3.68566
4497000 4.01943
4498000 4.3731
4499000 4.74363
4500000 2.30205
4501000 2.4268
4502000 2.59634
4503000 2.81045
4504000 3.0614
4505000 3.3429
4506000 3.65184
4507000 3.9814
4508000 4.33027
4509000 4.69605
4510000 2.30713
4511000 2.43303
4512000 2.60254
4513000 2.81426
4514000 3.06299
4515000 3.3425
4516000 3.64693
4517000 3.97536
4518000 4.32241
4519000 4.68506
4520000 2.30795
4521000 2.43761
4522000 2.61272
4523000 2.82692
4524000 3.07903
4525000 3.36214
4526000 3.67309
4527000 4.00606
4528000 4.35647
4529000 4.71818
4530000 2.31091
4531000 2.43755
4532000 2.60908
4533000 2.82054
4534000 3.06776
4535000 3.34462
4536000 3.64895
4537000 3.97797
4538000 4.32493
4539000 4.68581
4540000 2.28738
4541000 2.41064
4542000 2.58104
4543000 2.794
4544000 3.04407
4545000 3.32698
4546000 3.63571
4547000 3.96448
4548000 4.31094
4549000 4.67482
4550000 2.28056
4551000 2.40528
4552000 2.57375
4553000 2.78296
4554000 3.02903
4555000 3.30693
4556000 3.61102
4557000 3.93827
4558000 4.28469
4559000 4.64406
4560000 2.30346
4561000 2.42858
4562000 2.59886
4563000 2.81034
4564000 3.05703
4565000 3.33472
4566000 3.63729
4567000 3.96322
4568000 4.30962
4569000 4.67096
4570000 2.28292
4571000 2.40578
4572000 2.57282
4573000 2.78266
4574000 3.0292
4575000 3.30759
4576000 3.61224
4577000 3.94032
4578000 4.28908
4579000 4.65232
4580000 2.28961
4581000 2.41444
4582000 2.58388
4583000 2.79431
4584000 3.04124
4585000 3.31925
4586000 3.62588
4587000 3.95397
4588000 4.30044
4589000 4.66187
4590000 2.29178
4591000 2.4149
4592000 2.58091
4593000 2.78821
4594000 3.0341
4595000 3.31099
4596000 3.618
4597000 3.94709
4598000 4.29512
4599000 4.65865
4600000 2.27678
4601000 2.39706
4602000 2.5613
4603000 2.76901
4604000 3.01121
4605000 3.28654
4606000 3.59041
4607000 3.91679
4608000 4.26272
4609000 4.62079
4610000 2.28062
4611000 2.40193
4612000 2.56907
4613000 2.77962
4614000 3.02599
4615000 3.30549
4616000 3.60947
4617000 3.93708
4618000 4.28363
4619000 4.64588
4620000 2.28731
4621000 2.4119
4622000 2.58129
4623000 2.79188
4624000 3.03713
4625000 3.31379
4626000 3.61759
4627000 3.94433
4628000 4.29074
4629000 4.65242
4630000 2.29653
4631000 2.41856
4632000 2.5858
4633000 2.79434
4634000 3.04048
4635000 3.31765
4636000 3.62256
4637000 3.94975
4638000 4.29538
4639000 4.65497
4640000 2.28598
4641000 2.40857
4642000 2.5738
4643000 2.78174
4644000 3.02599
4645000 3.30119
4646000 3.60331
4647000 3.92768
4648000 4.27257
4649000 4.63284
4650000 2.2807
4651000 2.40536
4652000 2.57356
4653000 2.78431
4654000 3.03142
4655000 3.31303
4656000 3.62317
4657000 3.95786
4658000 4.30857
4659000 4.67663
4660000 2.28588
4661000 2.40995
4662000 2.57709
4663000 2.78592
4664000 3.03123
4665000 3.30633
4666000 3.60688
4667000 3.93007
4668000 4.27031
4669000 4.62456
4670000 2.25985
4671000 2.37921
4672000 2.54286
4673000 2.74847
4674000 2.99102
4675000 3.2644
4676000 3.56553
4677000 3.88985
4678000 4.23265
4679000 4.59141
4680000 2.28282
4681000 2.40621
4682000 2.57406
4683000 2.78268
4684000 3.02888
4685000 3.30596
4686000 3.60957
4687000 3.93629
4688000 4.28025
4689000 4.63821
4690000 2.26791
4691000 2.38952
4692000 2.55396
4693000 2.75933
4694000 3.00018
4695000 3.2749
4696000 3.57538
4697000 3.90055
4698000 4.24451
4699000 4.60058
4700000 2.26022
4701000 2.38059
4702000 2.54558
4703000 2.75409
4704000 3.00141
4705000 3.28101
4706000 3.58782
4707000 3.91661
4708000 4.26326
4709000 4.62309
4710000 2.26573
4711000 2.38592
4712000 2.54954
4713000 2.75437
4714000 2.99512
4715000 3.2674
4716000 3.56438
4717000 3.88525
4718000 4.22652
4719000 4.58022
4720000 2.2445
4721000 2.36283
4722000 2.52446
4723000 2.72717
4724000 2.96593
4725000 3.23625
4726000 3.53414
4727000 3.85564
4728000 4.19639
4729000 4.54896
4730000 2.25937
4731000 2.37993
4732000 2.54371
4733000 2.74798
4734000 2.98833
4735000 3.26148
4736000 3.55969
4737000 3.88339
4738000 4.22392
4739000 4.58055
4740000 2.24259
4741000 2.36022
4742000 2.52211
4743000 2.72542
4744000 2.96547
4745000 3.23662
4746000 3.53678
4747000 3.85964
4748000 4.20463
4749000 4.56353
4750000 2.23882
4751000 2.35889
4752000 2.52363
4753000 2.73011
4754000 2.97257
4755000 3.24789
4756000 3.55053
4757000 3.87714
4758000 4.22211
4759000 4.58445
4760000 2.24001
4761000 2.3579
4762000 2.51986
4763000 2.72233
4764000 2.9589
4765000 3.23007
4766000 3.52854
4767000 3.84911
4768000 4.18974
4769000 4.54774
4770000 2.24726
4771000 2.37359
4772000 2.5441
4773000 2.75638
4774000 3.00438
4775000 3.28412
4776000 3.5896
4777000 3.91844
4778000 4.26508
4779000 4.62723
4780000 2.22276
4781000 2.33765
4782000 2.49684
4783000 2.69921
4784000 2.93769
4785000 3.20687
4786000 3.50505
4787000 3.82486
4788000 4.16677
4789000 4.52417
4790000 2.24565
4791000 2.36759
4792000 2.53454
4793000 2.74431
4794000 2.98807
4795000 3.26428
4796000 3.57009
4797000 3.89996
4798000 4.25008
4799000 4.61377
4800000 2.21905
4801000 2.33267
4802000 2.49033
4803000 2.69109
4804000 2.93122
4805000 3.2034
4806000 3.5043
4807000 3.82768
4808000 4.17242
4809000 4.52899
4810000 2.24002
4811000 2.35783
4812000 2.51854
4813000 2.72007
4814000 2.9584
4815000 3.22834
4816000 3.52618
4817000 3.8504
4818000 4.19613
4819000 4.55535
4820000 2.23892
4821000 2.35747
4822000 2.5208
4823000 2.72764
4824000 2.97107
4825000 3.24739
4826000 3.54994
4827000 3.87425
4828000 4.21962
4829000 4.57743
4830000 2.24965
4831000 2.3701
4832000 2.53439
4833000 2.73935
4834000 2.97871
4835000 3.24947
4836000 3.54973
4837000 3.87164
4838000 4.21054
4839000 4.56759
4840000 2.25239
4841000 2.37403
4842000 2.53927
4843000 2.74496
4844000 2.98694
4845000 3.26043
4846000 3.5621
4847000 3.8862
4848000 4.22942
4849000 4.58698
4850000 2.22803
4851000 2.34379
4852000 2.50369
4853000 2.70564
4854000 2.94409
4855000 3.21578
4856000 3.51705
4857000 3.84154
4858000 4.1883
4859000 4.55108
4860000 2.23222
4861000 2.35093
4862000 2.51278
4863000 2.71811
4864000 2.95823
4865000 3.22993
4866000 3.5331
4867000 3.86094
4868000 4.20724
4869000 4.5676
4870000 2.25454
4871000 2.37602
4872000 2.54065
4873000 2.74855
4874000 2.9931
4875000 3.26959
4876000 3.57386
4877000 3.90204
4878000 4.25034
4879000 4.61553
4880000 2.242
4881000 2.36231
4882000 2.52792
4883000 2.7345
4884000 2.97917
4885000 3.25661
4886000 3.5621
4887000 3.89079
4888000 4.23878
4889000 4.59965
4890000 2.24714
4891000 2.36617
4892000 2.53114
4893000 2.73757
4894000 2.97968
4895000 3.25454
4896000 3.55514
4897000 3.87851
4898000 4.21936
4899000 4.57685
4900000 2.25969
4901000 2.38324
4902000 2.55094
4903000 2.75978
4904000 3.00521
4905000 3.28157
4906000 3.58296
4907000 3.9101
4908000 4.25265
4909000 4.61219
4910000 2.24187
4911000 2.35892
4912000 2.5198
4913000 2.72208
4914000 2.96019
4915000 3.22992
4916000 3.52772
4917000 3.84939
4918000 4.19058
4919000 4.54902
4920000 2.24386
4921000 2.36438
4922000 2.52891
4923000 2.73467
4924000 2.97524
4925000 3.24793
4926000 3.54745
4927000 3.86826
4928000 4.20997
4929000 4.56991
4930000 2.23684
4931000 2.3527
4932000 2.51178
4933000 2.71261
4934000 2.94872
4935000 3.21464
4936000 3.50906
4937000 3.82675
4938000 4.16602
4939000 4.52216
4940000 2.23567
4941000 2.3533
4942000 2.51484
4943000 2.71795
4944000 2.95782
4945000 3.22944
4946000 3.52981
4947000 3.85565
4948000 4.2001
4949000 4.55575
4950000 2.24385
4951000 2.35961
4952000 2.52087
4953000 2.72436
4954000 2.96607
4955000 3.23956
4956000 3.54096
4957000 3.86576
4958000 4.21092
4959000 4.5749
4960000 2.24742
4961000 2.36527
4962000 2.52662
4963000 2.72963
4964000 2.96786
4965000 3.23936
4966000 3.54067
4967000 3.86584
4968000 4.21043
4969000 4.56908
4970000 2.22433
4971000 2.33875
4972000 2.49787
4973000 2.69938
4974000 2.93633
4975000 3.20619
4976000 3.5051
4977000 3.82883
4978000 4.17356
4979000 4.53301
4980000 2.24639
4981000 2.36745
4982000 2.53465
4983000 2.74418
4984000 2.99093
4985000 3.2683
4986000 3.57423
4987000 3.90598
4988000 4.25617
4989000 4.62288
4990000 2.24911
4991000 2.37102
4992000 2.53852
4993000 2.74625
4994000 2.98909
4995000 3.26403
4996000 3.56672
4997000 3.89192
4998000 4.23722
4999000 4.59536
5000000 2.27055
5001000 2.39075
5002000 2.55453
5003000 2.76049
5004000 3.00238
5005000 3.27742
5006000 3.58046
5007000 3.90548
5008000 4.25238
5009000 4.61487
5010000 2.25822
5011000 2.37859
5012000 2.54538
5013000 2.75312
5014000 2.9979
5015000 3.27597
5016000 3.58136
5017000 3.90955
5018000 4.25527
5019000 4.61353
5020000 2.24362
5021000 2.36251
5022000 2.52672
5023000 2.73144
5024000 2.97468
5025000 3.25121
5026000 3.55747
5027000 3.88776
5028000 4.23561
5029000 4.60068
5030000 2.26906
5031000 2.38991
5032000 2.55477
5033000 2.76226
5034000 3.00878
5035000 3.28821
5036000 3.59604
5037000 3.92813
5038000 4.27792
5039000 4.64358
5040000 2.2533
5041000 2.37044
5042000 2.53143
5043000 2.73481
5044000 2.97462
5045000 3.24809
5046000 3.55013
5047000 3.87631
5048000 4.22164
5049000 4.58153
5050000 2.26751
5051000 2.38771
5052000 2.55212
5053000 2.75977
5054000 3.00658
5055000 3.28646
5056000 3.59417
5057000 3.92592
5058000 4.27537
5059000 4.63921
5060000 2.25585
5061000 2.37329
5062000 2.53478
5063000 2.73675
5064000 2.97448
5065000 3.24545
5066000 3.54402
5067000 3.8655
5068000 4.20942
5069000 4.56766
5070000 2.26591
5071000 2.38534
5072000 2.54851
5073000 2.75307
5074000 2.99434
5075000 3.26676
5076000 3.56561
5077000 3.88666
5078000 4.22532
5079000 4.58033
5080000 2.25344
5081000 2.36851
5082000 2.52636
5083000 2.72572
5084000 2.96209
5085000 3.22956
5086000 3.52627
5087000 3.84632
5088000 4.18701
5089000 4.54115
5090000 2.25051
5091000 2.36815
5092000 2.5298
5093000 2.73285
5094000 2.9723
5095000 3.24374
5096000 3.54389
5097000 3.86832
5098000 4.21106
5099000 4.56674
5100000 2.24157
5101000 2.35831
5102000 2.52028
5103000 2.72538
5104000 2.96745
5105000 3.23984
5106000 3.54029
5107000 3.86243
5108000 4.2007
5109000 4.55827
5110000 2.24334
5111000 2.35903
5112000 2.51807
5113000 2.7194
5114000 2.95773
5115000 3.2293
5116000 3.52888
5117000 3.85179
5118000 4.19511
5119000 4.5542
5120000 2.24058
5121000 2.35577
5122000 2.5147
5123000 2.71565
5124000 2.95396
5125000 3.22643
5126000 3.52697
5127000 3.85369
5128000 4.20011
5129000 4.55923
5130000 2.2688
5131000 2.38696
5132000 2.55073
5133000 2.75651
5134000 3.00013
5135000 3.27759
5136000 3.58148
5137000 3.909
5138000 4.25587
5139000 4.61762
5140000 2.25135
5141000 2.36916
5142000 2.53331
5143000 2.73886
5144000 2.98217
5145000 3.25867
5146000 3.56266
5147000 3.89074
5148000 4.24099
5149000 4.60736
5150000 2.2581
5151000 2.37837
5152000 2.543
5153000 2.7519
5154000 2.99852
5155000 3.27879
5156000 3.58751
5157000 3.91886
5158000 4.27105
5159000 4.64103
5160000 2.25588
5161000 2.37516
5162000 2.53936
5163000 2.74667
5164000 2.99085
5165000 3.26837
5166000 3.57505
5167000 3.90719
5168000 4.25985
5169000 4.62553
5170000 2.25872
5171000 2.37763
5172000 2.54107
5173000 2.74587
5174000 2.98784
5175000 3.26217
5176000 3.56568
5177000 3.89417
5178000 4.24266
5179000 4.60636
5180000 2.2636
5181000 2.38232
5182000 2.54717
5183000 2.75678
5184000 3.00352
5185000 3.28204
5186000 3.59006
5187000 3.92033
5188000 4.27044
5189000 4.63699
5190000 2.24107
5191000 2.36022
5192000 2.52601
5193000 2.73545
5194000 2.98373
5195000 3.26554
5196000 3.57591
5197000 3.90871
5198000 4.26105
5199000 4.62963
5200000 2.26197
5201000 2.38472
5202000 2.55186
5203000 2.76085
5204000 3.00646
5205000 3.2843
5206000 3.58875
5207000 3.91909
5208000 4.26662
5209000 4.63304
5210000 2.23067
5211000 2.3457
5212000 2.50498
5213000 2.70659
5214000 2.94661
5215000 3.22051
5216000 3.5233
5217000 3.85087
5218000 4.19947
5219000 4.56311
5220000 2.26595
5221000 2.38757
5222000 2.55504
5223000 2.76502
5224000 3.01272
5225000 3.29215
5226000 3.60107
5227000 3.93255
5228000 4.28347
5229000 4.65084
5230000 2.25774
5231000 2.37484
5232000 2.53687
5233000 2.74178
5234000 2.98471
5235000 3.25912
5236000 3.56372
5237000 3.8943
5238000 4.24157
5239000 4.6037
5240000 2.26825
5241000 2.38709
5242000 2.55083
5243000 2.7577
5244000 3.00322
5245000 3.27972
5246000 3.58477
5247000 3.91139
5248000 4.25782
5249000 4.61949
5250000 2.26012
5251000 2.3792
5252000 2.54283
5253000 2.74792
5254000 2.99086
5255000 3.26675
5256000 3.57132
5257000 3.90013
5258000 4.2493
5259000 4.61485
5260000 2.26724
5261000 2.38643
5262000 2.55003
5263000 2.75502
5264000 2.99498
5265000 3.26521
5266000 3.56562
5267000 3.88907
5268000 4.23348
5269000 4.59608
5270000 2.25828
5271000 2.37602
5272000 2.53897
5273000 2.74344
5274000 2.98556
5275000 3.26077
5276000 3.56526
5277000 3.89499
5278000 4.24413
5279000 4.60834
5280000 2.245
5281000 2.35792
5282000 2.51543
5283000 2.71659
5284000 2.95529
5285000 3.22921
5286000 3.53138
5287000 3.85766
5288000 4.20529
5289000 4.56806
5290000 2.26465
5291000 2.38759
5292000 2.55684
5293000 2.76847
5294000 3.0179
5295000 3.29922
5296000 3.60949
5297000 3.94147
5298000 4.29743
5299000 4.66818
5300000 2.25234
5301000 2.3703
5302000 2.5337
5303000 2.73961
5304000 2.9833
5305000 3.26016
5306000 3.56648
5307000 3.89712
5308000 4.24548
5309000 4.61
5310000 2.26379
5311000 2.38122
5312000 2.54366
5313000 2.85097
5314000 3.10829
5315000 3.40053
5316000 3.72467
5317000 4.07494
5318000 4.44601
5319000 4.83221
5320000 2.34832
5321000 2.47592
5322000 2.65127
5323000 2.87203
5324000 3.13186
5325000 3.42423
5326000 3.74529
5327000 4.09305
5328000 4.45969
5329000 4.84318
5330000 2.34429
5331000 2.47292
5332000 2.64822
5333000 2.86699
5334000 3.12451
5335000 3.41474
5336000 3.73319
5337000 4.07729
5338000 4.44083
5339000 4.81924
5340000 2.33894
5341000 2.46682
5342000 2.64229
5343000 2.85909
5344000 3.11649
5345000 3.40577
5346000 3.72295
5347000 4.06594
5348000 4.42624
5349000 4.80227
5350000 2.34806
5351000 2.4766
5352000 2.65025
5353000 2.86793
5354000 3.12305
5355000 3.41251
5356000 3.72866
5357000 4.06914
5358000 4.42756
5359000 4.79946
5360000 2.35659
5361000 2.48404
5362000 2.65654
5363000 2.87233
5364000 3.12508
5365000 3.41048
5366000 3.72472
5367000 4.06222
5368000 4.41802
5369000 4.78657
5370000 2.35443
5371000 2.48073
5372000 2.6538
5373000 2.86939
5374000 3.12232
5375000 3.40798
5376000 3.72402
5377000 4.06365
5378000 4.42203
5379000 4.79705
5380000 2.35561
5381000 2.48305
5382000 2.65756
5383000 2.8761
5384000 3.1323
5385000 3.4202
5386000 3.7368
5387000 4.07602
5388000 4.43556
5389000 4.81057
5390000 2.33505
5391000 2.45996
5392000 2.62987
5393000 2.84183
5394000 3.09207
5395000 3.37476
5396000 3.68625
5397000 4.01956
5398000 4.37419
5399000 4.74423
5400000 2.3636
5401000 2.49439
5402000 2.67344
5403000 2.89628
5404000 3.1576
5405000 3.45148
5406000 3.77332
5407000 4.11677
5408000 4.47912
5409000 4.85436
5410000 2.34867
5411000 2.47266
5412000 2.64283
5413000 2.85632
5414000 3.10866
5415000 3.39528
5416000 3.71103
5417000 4.05282
5418000 4.41459
5419000 4.79449
5420000 2.35786
5421000 2.48362
5422000 2.65543
5423000 2.87184
5424000 3.1286
5425000 3.4215
5426000 3.74627
5427000 4.09654
5428000 4.46788
5429000 4.85415
5430000 2.36771
5431000 2.49549
5432000 2.67063
5433000 2.89201
5434000 3.15333
5435000 3.45145
5436000 3.78012
5437000 4.13268
5438000 4.50673
5439000 4.89335
5440000 2.35588
5441000 2.48466
5442000 2.66072
5443000 2.88222
5444000 3.14161
5445000 3.43608
5446000 3.76053
5447000 4.10959
5448000 4.47868
5449000 4.86363
5450000 2.37635
5451000 2.50892
5452000 2.68712
5453000 2.90913
5454000 3.16833
5455000 3.46054
5456000 3.77964
5457000 4.12235
5458000 4.48458
5459000 4.86202
5460000 2.38564
5461000 2.5152
5462000 2.69176
5463000 2.91142
5464000 3.16987
5465000 3.46211
5466000 3.78505
5467000 4.1338
5468000 4.5044
5469000 4.89239
5470000 2.37395
5471000 2.50459
5472000 2.68368
5473000 2.90667
5474000 3.1685
5475000 3.46421
5476000 3.78954
5477000 4.13634
5478000 4.50137
5479000 4.88285
5480000 2.4
5481000 2.53376
5482000 2.71586
5483000 2.94261
5484000 3.20508
5485000 3.50176
5486000 3.82662
5487000 4.17643
5488000 4.5456
5489000 4.92956
5490000 2.36789
5491000 2.49655
5492000 2.67443
5493000 2.89797
5494000 3.1617
5495000 3.46186
5496000 3.7915
5497000 4.14641
5498000 4.52043
5499000 4.91027
5500000 2.40449
5501000 2.53724
5502000 2.71782
5503000 2.94434
5504000 3.20991
5505000 3.50882
5506000 3.83829
5507000 4.192
5508000 4.56686
5509000 4.95465
5510000 2.39474
5511000 2.52505
5512000 2.70279
5513000 2.92402
5514000 3.18513
5515000 3.4812
5516000 3.80582
5517000 4.15461
5518000 4.52461
5519000 4.91133
5520000 2.40088
5521000 2.53796
5522000 2.72516
5523000 2.9576
5524000 3.22798
5525000 3.53202
5526000 3.86487
5527000 4.22315
5528000 4.59829
5529000 4.99149
5530000 2.41391
5531000 2.5469
5532000 2.72879
5533000 2.9569
5534000 3.2261
5535000 3.53066
5536000 3.86431
5537000 4.22401
5538000 4.60393
5539000 4.99927
5540000 2.40802
5541000 2.54392
5542000 2.72906
5543000 2.95907
5544000 3.2296
5545000 3.53403
5546000 3.86942
5547000 4.23015
5548000 4.61289
5549000 5.00965
5550000 2.42501
5551000 2.56095
5552000 2.74288
5553000 2.96903
5554000 3.23412
5555000 3.5294
5556000 3.85475
5557000 4.20309
5558000 4.57104
5559000 4.95238
5560000 2.41466
5561000 2.54616
5562000 2.72441
5563000 2.94567
5564000 3.20663
5565000 3.50002
5566000 3.82018
5567000 4.16585
5568000 4.53071
5569000 4.91194
5570000 2.42218
5571000 2.55571
5572000 2.73615
5573000 2.95976
5574000 3.22142
5575000 3.51575
5576000 3.83881
5577000 4.18841
5578000 4.55876
5579000 4.94424
5580000 2.40969
5581000 2.53975
5582000 2.71619
5583000 2.93762
5584000 3.19583
5585000 3.48777
5586000 3.80962
5587000 4.15513
5588000 4.52352
5589000 4.90602
5590000 2.39497
5591000 2.5268
5592000 2.70893
5593000 2.93829
5594000 3.2076
5595000 3.51125
5596000 3.84605
5597000 4.2051
5598000 4.58479
5599000 4.98259
5600000 2.39786
5601000 2.52874
5602000 2.70921
5603000 2.93646
5604000 3.20505
5605000 3.51056
5606000 3.84681
5607000 4.20916
5608000 4.58918
5609000 4.98585
5610000 2.41188
5611000 2.54245
5612000 2.72151
5613000 2.94655
5614000 3.21219
5615000 3.51244
5616000 3.84452
5617000 4.20084
5618000 4.57785
5619000 4.97084
5620000 2.42564
5621000 2.55843
5622000 2.74022
5623000 2.96703
5624000 3.23352
5625000 3.5352
5626000 3.86813
5627000 4.2253
5628000 4.60386
5629000 4.99405
5630000 2.43453
5631000 2.57177
5632000 2.75734
5633000 2.98718
5634000 3.25633
5635000 3.55861
5636000 3.89154
5637000 4.24858
5638000 4.62245
5639000 5.01043
5640000 2.41769
5641000 2.55398
5642000 2.73927
5643000 2.96849
5644000 3.23723
5645000 3.53866
5646000 3.86689
5647000 4.21497
5648000 4.58164
5649000 4.96408
5650000 2.43727
5651000 2.57614
5652000 2.76049
5653000 2.98654
5654000 3.25109
5655000 3.54889
5656000 3.878
5657000 4.2326
5658000 4.60541
5659000 4.99215
5660000 2.41667
5661000 2.54846
5662000 2.72859
5663000 2.95442
5664000 3.21829
5665000 3.51717
5666000 3.84578
5667000 4.19517
5668000 4.56666
5669000 4.9543
5670000 2.41855
5671000 2.55294
5672000 2.73618
5673000 2.96483
5674000 3.23406
5675000 3.53833
5676000 3.87443
5677000 4.23442
5678000 4.61312
5679000 5.00619
5680000 2.42397
5681000 2.55775
5682000 2.74268
5683000 2.97427
5684000 3.24673
5685000 3.55325
5686000 3.89042
5687000 4.25146
5688000 4.63306
5689000 5.0257
5690000 2.42887
5691000 2.56225
5692000 2.74274
5693000 2.96835
5694000 3.23316
5695000 3.53368
5696000 3.86307
5697000 4.21704
5698000 4.59037
5699000 4.98122
5700000 2.44479
5701000 2.57911
5702000 2.76079
5703000 2.98793
5704000 3.25377
5705000 3.55326
5706000 3.88203
5707000 4.23277
5708000 4.60508
5709000 4.99213
5710000 2.42806
5711000 2.55595
5712000 2.73193
5713000 2.95162
5714000 3.2102
5715000 3.50245
5716000 3.82459
5717000 4.16908
5718000 4.53239
5719000 4.91254
5720000 2.45852
5721000 2.59587
5722000 2.78072
5723000 3.00882
5724000 3.27425
5725000 3.57182
5726000 3.89772
5727000 4.246
5728000 4.61222
5729000 4.99516
5730000 2.43436
5731000 2.5636
5732000 2.74106
5733000 2.96232
5734000 3.2227
5735000 3.51701
5736000 3.84209
5737000 4.1912
5738000 4.56124
5739000 4.94457
5740000 2.44613
5741000 2.58101
5742000 2.76477
5743000 2.99302
5744000 3.25857
5745000 3.55988
5746000 3.889
5747000 4.24181
5748000 4.61408
5749000 5.00114
5750000 2.44468
5751000 2.57564
5752000 2.75456
5753000 2.97801
5754000 3.23997
5755000 3.5357
5756000 3.86135
5757000 4.2118
5758000 4.57903
5759000 4.96127
5760000 2.43807
5761000 2.5673
5762000 2.7448
5763000 2.96614
5764000 3.22727
5765000 3.52328
5766000 3.84894
5767000 4.20029
5768000 4.57092
5769000 4.95401
5770000 2.46112
5771000 2.59348
5772000 2.77273
5773000 2.99648
5774000 3.25867
5775000 3.55416
5776000 3.87559
5777000 4.21945
5778000 4.58422
5779000 4.96582
5780000 2.45854
5781000 2.59299
5782000 2.77566
5783000 3.00464
5784000 3.2734
5785000 3.57709
5786000 3.91167
5787000 4.27254
5788000 4.65351
5789000 5.04899
5790000 2.45058
5791000 2.58534
5792000 2.76891
5793000 2.99798
5794000 3.26751
5795000 3.57385
5796000 3.91079
5797000 4.27334
5798000 4.65551
5799000 5.05237
5800000 2.45147
5801000 2.58488
5802000 2.76729
5803000 2.99506
5804000 3.26235
5805000 3.56448
5806000 3.89586
5807000 4.24938
5808000 4.62302
5809000 5.01187
5810000 2.48141
5811000 2.61786
5812000 2.80206
5813000 3.03187
5814000 3.30214
5815000 3.60557
5816000 3.93864
5817000 4.29452
5818000 4.67005
5819000 5.05963
5820000 2.48999
5821000 2.63017
5822000 2.81984
5823000 3.05463
5824000 3.32711
5825000 3.63219
5826000 3.96325
5827000 4.3169
5828000 4.68751
5829000 5.07289
5830000 2.46925
5831000 2.60402
5832000 2.78726
5833000 3.01426
5834000 3.28013
5835000 3.57933
5836000 3.90675
5837000 4.25815
5838000 4.62725
5839000 5.01052
5840000 2.47827
5841000 2.61844
5842000 2.80483
5843000 3.03323
5844000 3.29989
5845000 3.59796
5846000 3.92554
5847000 4.27496
5848000 4.6428
5849000 5.02588
5850000 2.47263
5851000 2.61075
5852000 2.7973
5853000 3.02886
5854000 3.29978
5855000 3.60118
5856000 3.93288
5857000 4.28963
5858000 4.66433
5859000 5.05534
5860000 2.48726
5861000 2.62359
5862000 2.80924
5863000 3.0381
5864000 3.30699
5865000 3.60909
5866000 3.93943
5867000 4.29197
5868000 4.6665
5869000 5.05418
5870000 2.49005
5871000 2.62747
5872000 2.81419
5873000 3.04708
5874000 3.31882
5875000 3.62287
5876000 3.95791
5877000 4.31534
5878000 4.68921
5879000 5.07894
5880000 2.47445
5881000 2.60889
5882000 2.79263
5883000 3.02192
5884000 3.29233
5885000 3.59689
5886000 3.93049
5887000 4.2887
5888000 4.66596
5889000 5.06106
5890000 2.49839
5891000 2.64004
5892000 2.82841
5893000 3.06109
5894000 3.33315
5895000 3.6399
5896000 3.97893
5897000 4.34159
5898000 4.7255
5899000 5.12226
5900000 2.50523
5901000 2.64488
5902000 2.83242
5903000 3.06561
5904000 3.33842
5905000 3.64373
5906000 3.97863
5907000 4.3375
5908000 4.71587
5909000 5.11057
5910000 2.49927
5911000 2.63596
5912000 2.82339
5913000 3.05795
5914000 3.33363
5915000 3.6445
5916000 3.98578
5917000 4.35213
5918000 4.73727
5919000 5.13726
5920000 2.51475
5921000 2.65214
5922000 2.83858
5923000 3.0713
5924000 3.34455
5925000 3.6518
5926000 3.9894
5927000 4.35008
5928000 4.73073
5929000 5.12616
5930000 2.50924
5931000 2.64615
5932000 2.83339
5933000 3.06945
5934000 3.34812
5935000 3.66234
5936000 4.00383
5937000 4.37042
5938000 4.75706
5939000 5.15515
5940000 2.52412
5941000 2.66567
5942000 2.85549
5943000 3.0938
5944000 3.36973
5945000 3.67958
5946000 4.01883
5947000 4.37842
5948000 4.75914
5949000 5.1522
5950000 2.51454
5951000 2.65338
5952000 2.84104
5953000 3.07467
5954000 3.34943
5955000 3.65938
5956000 3.9996
5957000 4.36213
5958000 4.74189
5959000 5.13282
5960000 2.51868
5961000 2.65468
5962000 2.84013
5963000 3.07156
5964000 3.34152
5965000 3.64563
5966000 3.97832
5967000 4.33434
5968000 4.70873
5969000 5.09802
5970000 2.52225
5971000 2.66054
5972000 2.84791
5973000 3.07807
5974000 3.34817
5975000 3.65163
5976000 3.98129
5977000 4.334
5978000 4.70366
5979000 5.09136
5980000 2.51841
5981000 2.66025
5982000 2.84785
5983000 3.07992
5984000 3.35326
5985000 3.66146
5986000 3.99646
5987000 4.35693
5988000 4.73691
5989000 5.1278
5990000 2.51218
5991000 2.6474
5992000 2.83155
5993000 3.06086
5994000 3.32855
5995000 3.62939
5996000 3.95655
5997000 4.30843
5998000 4.68086
5999000 5.0652
6000000 2.49986
6001000 2.64035
6002000 2.8299
6003000 3.06283
6004000 3.33573
6005000 3.64023
6006000 3.97552
6007000 4.3328
6008000 4.70976
