0 202636
1000 202680
2000 202724
3000 202746
4000 202766
5000 202774
6000 202779
7000 202763
8000 202735
9000 202701
10000 202644
11000 202628
12000 202607
13000 202581
14000 202539
15000 202480
16000 202415
17000 202343
18000 202337
19000 202279
20000 202239
21000 202226
22000 202210
23000 202197
24000 202167
25000 202119
26000 202110
27000 202066
28000 202030
29000 202019
30000 201958
31000 201942
32000 201910
33000 201868
34000 201844
35000 201803
36000 201753
37000 201733
38000 201676
39000 201630
40000 201586
41000 201549
42000 201519
43000 201469
44000 201433
45000 201406
46000 201373
47000 201345
48000 201298
49000 201275
50000 201231
51000 201205
52000 201186
53000 201146
54000 201129
55000 201111
56000 201075
57000 201051
58000 200996
59000 200974
60000 200943
61000 200919
62000 200874
63000 200837
64000 200813
65000 200780
66000 200753
67000 200725
68000 200705
69000 200672
70000 200649
71000 200635
72000 200589
73000 200590
74000 200535
75000 200505
76000 200508
77000 200485
78000 200440
79000 200391
80000 200354
81000 200354
82000 200336
83000 200319
84000 200294
85000 200279
86000 200277
87000 200255
88000 200217
89000 200179
90000 200139
91000 200139
92000 200120
93000 200110
94000 200073
95000 200046
96000 200025
97000 199993
98000 199976
99000 199933
100000 199926
101000 199892
102000 199871
103000 199830
104000 199810
105000 199806
106000 199775
107000 199758
108000 199748
109000 199734
110000 199719
111000 199694
112000 199681
113000 199652
114000 199624
115000 199623
116000 199597
117000 199559
118000 199549
119000 199536
120000 199509
121000 199478
122000 199450
123000 199431
124000 199424
125000 199386
126000 199363
127000 199330
128000 199297
129000 199256
130000 199211
131000 199206
132000 199189
133000 199156
134000 199132
135000 199120
136000 199100
137000 199072
138000 199041
139000 199009
140000 198963
141000 198936
142000 198894
143000 198875
144000 198839
145000 198815
146000 198808
147000 198777
148000 198757
149000 198712
150000 198681
151000 198642
152000 198627
153000 198601
154000 198588
155000 198552
156000 198520
157000 198504
158000 198455
159000 198415
160000 198387
161000 198369
162000 198346
163000 198316
164000 198288
165000 198270
166000 198239
167000 198211
168000 198178
169000 198155
170000 198104
171000 198096
172000 198074
173000 198052
174000 198018
175000 198004
176000 198003
177000 197972
178000 197971
179000 197938
180000 197912
181000 197885
182000 197849
183000 197816
184000 197798
185000 197772
186000 197721
187000 197703
188000 197663
189000 197634
190000 197597
191000 197593
192000 197557
193000 197540
194000 197498
195000 197465
196000 197431
197000 197390
198000 197353
199000 197296
200000 197261
201000 197237
202000 197201
203000 197185
204000 197151
205000 197127
206000 197102
207000 197072
208000 197061
209000 197039
210000 196986
211000 196956
212000 196965
213000 196926
214000 196877
215000 196845
216000 196795
217000 196751
218000 196710
219000 196687
220000 196637
221000 196620
222000 196621
223000 196595
224000 196571
225000 196557
226000 196544
227000 196502
228000 196469
229000 196439
230000 196406
231000 196402
232000 196367
233000 196338
234000 196332
235000 196287
236000 196259
237000 196244
238000 196231
239000 196216
240000 196161
241000 196145
242000 196114
243000 196090
244000 196068
245000 196035
246000 196000
247000 195946
248000 195897
249000 195873
250000 195836
251000 195828
252000 195807
253000 195783
254000 195773
255000 195754
256000 195742
257000 195708
258000 195677
259000 195639
260000 195637
261000 195604
262000 195587
263000 195564
264000 195529
265000 195499
266000 195469
267000 195443
268000 195417
269000 195392
270000 195356
271000 195338
272000 195332
273000 195294
274000 195264
275000 195231
276000 195224
277000 195215
278000 195155
279000 195127
280000 195103
281000 195102
282000 195078
283000 195063
284000 195044
285000 195014
286000 194972
287000 194962
288000 194918
289000 194880
290000 194837
291000 194818
292000 194801
293000 194773
294000 194751
295000 194701
296000 194675
297000 194652
298000 194621
299000 194598
300000 194563
301000 194532
302000 194480
303000 194476
304000 194466
305000 194441
306000 194410
307000 194397
308000 194368
309000 194330
310000 194294
311000 194303
312000 194288
313000 194240
314000 194208
315000 194157
316000 194148
317000 194109
318000 194086
319000 194054
320000 194051
321000 194045
322000 194021
323000 194004
324000 193989
325000 193963
326000 193943
327000 193926
328000 193920
329000 193867
330000 193856
331000 193841
332000 193824
333000 193826
334000 193805
335000 193776
336000 193744
337000 193718
338000 193677
339000 193633
340000 193598
341000 193587
342000 193587
343000 193566
344000 193547
345000 193537
346000 193527
347000 193496
348000 193449
349000 193411
350000 193384
351000 193355
352000 193321
353000 193288
354000 193271
355000 193246
356000 193227
357000 193206
358000 193169
359000 193152
360000 193119
361000 193099
362000 193081
363000 193044
364000 193017
365000 193001
366000 192993
367000 192990
368000 192966
369000 192950
370000 192902
371000 192867
372000 192850
373000 192855
374000 192835
375000 192830
376000 192795
377000 192757
378000 192711
379000 192672
380000 192627
381000 192622
382000 192586
383000 192583
384000 192563
385000 192514
386000 192512
387000 192482
388000 192429
389000 192412
390000 192412
391000 192389
392000 192407
393000 192374
394000 192350
395000 192330
396000 192314
397000 192305
398000 192285
399000 192283
400000 192251
401000 192214
402000 192207
403000 192213
404000 192202
405000 192205
406000 192180
407000 192161
408000 192141
409000 192119
410000 192093
411000 192068
412000 192049
413000 192032
414000 192023
415000 192011
416000 191993
417000 191962
418000 191938
419000 191919
420000 191868
421000 191891
422000 191871
423000 191861
424000 191851
425000 191825
426000 191790
427000 191757
428000 191718
429000 191708
430000 191689
431000 191675
432000 191649
433000 191630
434000 191618
435000 191608
436000 191592
437000 191566
438000 191566
439000 191546
440000 191530
441000 191522
442000 191513
443000 191491
444000 191458
445000 191444
446000 191415
447000 191395
448000 191395
449000 191374
450000 191355
451000 191324
452000 191319
453000 191288
454000 191264
455000 191266
456000 191245
457000 191242
458000 191210
459000 191193
460000 191182
461000 191166
462000 191124
463000 191100
464000 191082
465000 191061
466000 191022
467000 190987
468000 190980
469000 190952
470000 190964
471000 190952
472000 190909
473000 190907
474000 190883
475000 190853
476000 190832
477000 190799
478000 190795
479000 190769
480000 190729
481000 190710
482000 190726
483000 190723
484000 190728
485000 190715
486000 190690
487000 190683
488000 190664
489000 190645
490000 190631
491000 190634
492000 190612
493000 190571
494000 190590
495000 190581
496000 190586
497000 190545
498000 190517
499000 190471
500000 190441
501000 190412
502000 190419
503000 190394
504000 190424
505000 190398
506000 190370
507000 190367
508000 190340
509000 190331
510000 190300
511000 190323
512000 190327
513000 190326
514000 190312
515000 190291
516000 190263
517000 190206
518000 190184
519000 190158
520000 190136
521000 190116
522000 190089
523000 190051
524000 190032
525000 190007
526000 190001
527000 189983
528000 189958
529000 189934
530000 189914
531000 189889
532000 189864
533000 189852
534000 189849
535000 189851
536000 189848
537000 189837
538000 189829
539000 189814
540000 189791
541000 189792
542000 189774
543000 189755
544000 189755
545000 189782
546000 189773
547000 189736
548000 189765
549000 189749
550000 189698
551000 189674
552000 189678
553000 189652
554000 189638
555000 189590
556000 189587
557000 189547
558000 189528
559000 189523
560000 189498
561000 189485
562000 189478
563000 189461
564000 189453
565000 189446
566000 189402
567000 189390
568000 189383
569000 189360
570000 189353
571000 189351
572000 189348
573000 189340
574000 189339
575000 189345
576000 189327
577000 189329
578000 189324
579000 189288
580000 189254
581000 189245
582000 189225
583000 189238
584000 189215
585000 189172
586000 189165
587000 189137
588000 189117
589000 189085
590000 189075
591000 189063
592000 189058
593000 189050
594000 189048
595000 189039
596000 188997
597000 188976
598000 188937
599000 188911
600000 188886
601000 188874
602000 188863
603000 188854
604000 188860
605000 188877
606000 188869
607000 188847
608000 188830
609000 188832
610000 188805
611000 188791
612000 188746
613000 188737
614000 188748
615000 188702
616000 188710
617000 188694
618000 188662
619000 188673
620000 188667
621000 188680
622000 188693
623000 188692
624000 188660
625000 188652
626000 188641
627000 188633
628000 188617
629000 188597
630000 188571
631000 188553
632000 188564
633000 188585
634000 188606
635000 188568
636000 188577
637000 188564
638000 188573
639000 188559
640000 188527
641000 188521
642000 188500
643000 188493
644000 188465
645000 188469
646000 188462
647000 188459
648000 188440
649000 188399
650000 188419
651000 188421
652000 188432
653000 188399
654000 188398
655000 188409
656000 188369
657000 188352
658000 188345
659000 188329
660000 188294
661000 188298
662000 188308
663000 188307
664000 188301
665000 188283
666000 188260
667000 188244
668000 188242
669000 188238
670000 188243
671000 188236
672000 188245
673000 188233
674000 188238
675000 188237
676000 188207
677000 188198
678000 188191
679000 188187
680000 188175
681000 188165
682000 188147
683000 188139
684000 188133
685000 188113
686000 188120
687000 188097
688000 188078
689000 188064
690000 188063
691000 188032
692000 188052
693000 188020
694000 188013
695000 188008
696000 187996
697000 187999
698000 187979
699000 187982
700000 187972
701000 187977
702000 188000
703000 187978
704000 187955
705000 187980
706000 187972
707000 187988
708000 187978
709000 187969
710000 187942
711000 187956
712000 187949
713000 187939
714000 187949
715000 187945
716000 187959
717000 187969
718000 187951
719000 187954
720000 187932
721000 187931
722000 187925
723000 187907
724000 187894
725000 187911
726000 187923
727000 187899
728000 187896
729000 187894
730000 187883
731000 187851
732000 187848
733000 187860
734000 187860
735000 187842
736000 187827
737000 187834
738000 187827
739000 187831
740000 187822
741000 187816
742000 187798
743000 187796
744000 187778
745000 187769
746000 187768
747000 187752
748000 187764
749000 187778
750000 187781
751000 187795
752000 187789
753000 187777
754000 187777
755000 187792
756000 187786
757000 187785
758000 187769
759000 187745
760000 187727
761000 187707
762000 187734
763000 187729
764000 187719
765000 187701
766000 187675
767000 187658
768000 187657
769000 187649
770000 187633
771000 187608
772000 187618
773000 187620
774000 187616
775000 187628
776000 187634
777000 187669
778000 187641
779000 187607
780000 187589
781000 187564
782000 187553
783000 187553
784000 187547
785000 187542
786000 187534
787000 187539
788000 187519
789000 187517
790000 187522
791000 187552
792000 187546
793000 187537
794000 187534
795000 187532
796000 187506
797000 187529
798000 187501
799000 187503
800000 187512
801000 187504
802000 187512
803000 187524
804000 187537
805000 187527
806000 187528
807000 187502
808000 187471
809000 187458
810000 187471
811000 187456
812000 187434
813000 187441
814000 187432
815000 187433
816000 187439
817000 187443
818000 187447
819000 187459
820000 187453
821000 187477
822000 187463
823000 187472
824000 187477
825000 187460
826000 187454
827000 187455
828000 187426
829000 187454
830000 187425
831000 187437
832000 187463
833000 187448
834000 187436
835000 187433
836000 187429
837000 187457
838000 187464
839000 187450
840000 187446
841000 187440
842000 187467
843000 187480
844000 187460
845000 187466
846000 187448
847000 187465
848000 187461
849000 187455
850000 187456
851000 187449
852000 187449
853000 187473
854000 187478
855000 187493
856000 187505
857000 187479
858000 187467
859000 187476
860000 187479
861000 187493
862000 187500
863000 187531
864000 187523
865000 187511
866000 187515
867000 187541
868000 187546
869000 187547
870000 187561
871000 187560
872000 187570
873000 187555
874000 187549
875000 187531
876000 187485
877000 187472
878000 187478
879000 187468
880000 187464
881000 187476
882000 187482
883000 187473
884000 187486
885000 187491
886000 187490
887000 187500
888000 187526
889000 187521
890000 187533
891000 187571
892000 187548
893000 187552
894000 187567
895000 187582
896000 187601
897000 187596
898000 187611
899000 187608
900000 187603
901000 187615
902000 187624
903000 187619
904000 187603
905000 187616
906000 187622
907000 187609
908000 187635
909000 187622
910000 187613
911000 187636
912000 187647
913000 187650
914000 187653
915000 187654
916000 187673
917000 187674
918000 187670
919000 187690
920000 187698
921000 187714
922000 187737
923000 187755
924000 187787
925000 187796
926000 187782
927000 187794
928000 187782
929000 187798
930000 187800
931000 187836
932000 187872
933000 187870
934000 187885
935000 187884
936000 187892
937000 187876
938000 187864
939000 187881
940000 187875
941000 187896
942000 187895
943000 187885
944000 187907
945000 187907
946000 187917
947000 187930
948000 187915
949000 187913
950000 187883
951000 187883
952000 187893
953000 187922
954000 187927
955000 187927
956000 187936
957000 187925
958000 187947
959000 187932
960000 187946
961000 187962
962000 187976
963000 187982
964000 187992
965000 188000
966000 188022
967000 188031
968000 188039
969000 188018
970000 188016
971000 188015
972000 188021
973000 188031
974000 188045
975000 188070
976000 188106
977000 188116
978000 188096
979000 188094
980000 188107
981000 188119
982000 188112
983000 188089
984000 188117
985000 188145
986000 188123
987000 188126
988000 188154
989000 188154
990000 188163
991000 188190
992000 188216
993000 188230
994000 188246
995000 188244
996000 188259
997000 188262
998000 188271
999000 188291
1000000 188284
1001000 188304
1002000 188323
1003000 188357
1004000 188334
1005000 188351
1006000 188327
1007000 188343
1008000 188372
1009000 188406
1010000 188406
1011000 188416
1012000 188424
1013000 188434
1014000 188447
1015000 188436
1016000 188439
1017000 188445
1018000 188447
1019000 188443
1020000 188428
1021000 188443
1022000 188431
1023000 188436
1024000 188444
1025000 188423
1026000 188413
1027000 188436
1028000 188445
1029000 188460
1030000 188451
1031000 188465
1032000 188464
1033000 188482
1034000 188521
1035000 188540
1036000 188548
1037000 188568
1038000 188588
1039000 188600
1040000 188611
1041000 188649
1042000 188656
1043000 188661
1044000 188682
1045000 188664
1046000 188682
1047000 188667
1048000 188697
1049000 188715
1050000 188714
1051000 188738
1052000 188746
1053000 188744
1054000 188760
1055000 188752
1056000 188773
1057000 188789
1058000 188781
1059000 188779
1060000 188797
1061000 188826
1062000 188835
1063000 188853
1064000 188867
1065000 188870
1066000 188869
1067000 188877
1068000 188875
1069000 188903
1070000 188924
1071000 188933
1072000 188970
1073000 188997
1074000 188980
1075000 188981
1076000 188973
1077000 188991
1078000 189009
1079000 189029
1080000 189024
1081000 189024
1082000 189051
1083000 189067
1084000 189067
1085000 189097
1086000 189128
1087000 189125
1088000 189138
1089000 189153
1090000 189164
1091000 189180
1092000 189187
1093000 189198
1094000 189224
1095000 189221
1096000 189243
1097000 189272
1098000 189276
1099000 189308
1100000 189331
1101000 189349
1102000 189343
1103000 189343
1104000 189344
1105000 189358
1106000 189378
1107000 189399
1108000 189387
1109000 189382
1110000 189385
1111000 189439
1112000 189473
1113000 189478
1114000 189488
1115000 189507
1116000 189523
1117000 189542
1118000 189569
1119000 189557
1120000 189568
1121000 189588
1122000 189623
1123000 189623
1124000 189646
1125000 189660
1126000 189682
1127000 189687
1128000 189688
1129000 189689
1130000 189684
1131000 189699
1132000 189716
1133000 189734
1134000 189771
1135000 189790
1136000 189782
1137000 189772
1138000 189803
1139000 189845
1140000 189855
1141000 189863
1142000 189896
1143000 189914
1144000 189943
1145000 189957
1146000 189955
1147000 189998
1148000 189999
1149000 190008
1150000 190037
1151000 190056
1152000 190087
1153000 190088
1154000 190084
1155000 190101
1156000 190112
1157000 190143
1158000 190138
1159000 190149
1160000 190162
1161000 190162
1162000 190173
1163000 190191
1164000 190202
1165000 190222
1166000 190244
1167000 190262
1168000 190252
1169000 190248
1170000 190260
1171000 190266
1172000 190270
1173000 190256
1174000 190262
1175000 190268
1176000 190269
1177000 190275
1178000 190282
1179000 190316
1180000 190326
1181000 190340
1182000 190371
1183000 190389
1184000 190412
1185000 190444
1186000 190471
1187000 190493
1188000 190510
1189000 190523
1190000 190516
1191000 190557
1192000 190560
1193000 190596
1194000 190620
1195000 190636
1196000 190670
1197000 190684
1198000 190691
1199000 190684
1200000 190695
1201000 190705
1202000 190719
1203000 190733
1204000 190767
1205000 190775
1206000 190790
1207000 190806
1208000 190803
1209000 190809
1210000 190838
1211000 190866
1212000 190871
1213000 190887
1214000 190899
1215000 190921
1216000 190923
1217000 190923
1218000 190927
1219000 190949
1220000 190942
1221000 190972
1222000 190975
1223000 190992
1224000 190995
1225000 191012
1226000 191041
1227000 191068
1228000 191081
1229000 191096
1230000 191079
1231000 191089
1232000 191092
1233000 191101
1234000 191122
1235000 191124
1236000 191125
1237000 191149
1238000 191169
1239000 191195
1240000 191216
1241000 191236
1242000 191252
1243000 191254
1244000 191267
1245000 191279
1246000 191313
1247000 191336
1248000 191335
1249000 191326
1250000 191333
1251000 191377
1252000 191382
1253000 191393
1254000 191421
1255000 191440
1256000 191462
1257000 191479
1258000 191490
1259000 191499
1260000 191511
1261000 191518
1262000 191554
1263000 191562
1264000 191582
1265000 191573
1266000 191594
1267000 191614
1268000 191636
1269000 191645
1270000 191674
1271000 191688
1272000 191729
1273000 191748
1274000 191768
1275000 191781
1276000 191787
1277000 191794
1278000 191809
1279000 191812
1280000 191835
1281000 191859
1282000 191895
1283000 191918
1284000 191940
1285000 191961
1286000 191981
1287000 192014
1288000 192018
1289000 192014
1290000 192016
1291000 192060
1292000 192053
1293000 192054
1294000 192050
1295000 192063
1296000 192078
1297000 192084
1298000 192127
1299000 192113
1300000 192141
1301000 192187
1302000 192195
1303000 192199
1304000 192220
1305000 192229
1306000 192232
1307000 192260
1308000 192265
1309000 192284
1310000 192298
1311000 192329
1312000 192354
1313000 192413
1314000 192431
1315000 192476
1316000 192504
1317000 192507
1318000 192523
1319000 192541
1320000 192573
1321000 192584
1322000 192597
1323000 192631
1324000 192645
1325000 192666
1326000 192691
1327000 192709
1328000 192730
1329000 192744
1330000 192753
1331000 192780
1332000 192823
1333000 192856
1334000 192872
1335000 192886
1336000 192919
1337000 192942
1338000 192935
1339000 192971
1340000 193000
1341000 193014
1342000 193074
1343000 193074
1344000 193104
1345000 193112
1346000 193091
1347000 193108
1348000 193120
1349000 193120
1350000 193134
1351000 193171
1352000 193189
1353000 193199
1354000 193219
1355000 193233
1356000 193264
1357000 193298
1358000 193293
1359000 193289
1360000 193296
1361000 193332
1362000 193353
1363000 193374
1364000 193403
1365000 193410
1366000 193422
1367000 193443
1368000 193438
1369000 193470
1370000 193472
1371000 193490
1372000 193517
1373000 193536
1374000 193540
1375000 193578
1376000 193611
1377000 193656
1378000 193671
1379000 193719
1380000 193732
1381000 193754
1382000 193771
1383000 193778
1384000 193799
1385000 193797
1386000 193823
1387000 193834
1388000 193863
1389000 193866
1390000 193899
1391000 193920
1392000 193940
1393000 193969
1394000 193986
1395000 193989
1396000 194003
1397000 194020
1398000 194032
1399000 194054
1400000 194036
1401000 194070
1402000 194097
1403000 194137
1404000 194148
1405000 194167
1406000 194175
1407000 194199
1408000 194218
1409000 194235
1410000 194246
1411000 194268
1412000 194304
1413000 194313
1414000 194318
1415000 194358
1416000 194408
1417000 194429
1418000 194469
1419000 194487
1420000 194497
1421000 194525
1422000 194549
1423000 194548
1424000 194554
1425000 194573
1426000 194585
1427000 194585
1428000 194614
1429000 194610
1430000 194621
1431000 194651
1432000 194671
1433000 194697
1434000 194715
1435000 194729
1436000 194750
1437000 194772
1438000 194800
1439000 194810
1440000 194811
1441000 194828
1442000 194861
1443000 194886
1444000 194895
1445000 194902
1446000 194954
1447000 194986
1448000 194991
1449000 194979
1450000 194986
1451000 195003
1452000 195035
1453000 195074
1454000 195099
1455000 195104
1456000 195108
1457000 195116
1458000 195128
1459000 195157
1460000 195186
1461000 195211
1462000 195254
1463000 195296
1464000 195350
1465000 195366
1466000 195390
1467000 195403
1468000 195417
1469000 195440
1470000 195453
1471000 195490
1472000 195490
1473000 195497
1474000 195537
1475000 195574
1476000 195593
1477000 195608
1478000 195630
1479000 195666
1480000 195689
1481000 195724
1482000 195745
1483000 195779
1484000 195808
1485000 195826
1486000 195864
1487000 195907
1488000 195920
1489000 195920
1490000 195952
1491000 195975
1492000 196025
1493000 196041
1494000 196053
1495000 196072
1496000 196089
1497000 196084
1498000 196100
1499000 196095
1500000 196135
1501000 196159
1502000 196183
1503000 196203
1504000 196231
1505000 196246
1506000 196272
1507000 196277
1508000 196326
1509000 196358
1510000 196386
1511000 196415
1512000 196456
1513000 196464
1514000 196494
1515000 196508
1516000 196518
1517000 196535
1518000 196554
1519000 196577
1520000 196592
1521000 196607
1522000 196622
1523000 196629
1524000 196633
1525000 196671
1526000 196682
1527000 196690
1528000 196695
1529000 196691
1530000 196714
1531000 196728
1532000 196761
1533000 196792
1534000 196831
1535000 196861
1536000 196887
1537000 196914
1538000 196953
1539000 196967
1540000 196996
1541000 197046
1542000 197073
1543000 197064
1544000 197087
1545000 197126
1546000 197125
1547000 197146
1548000 197187
1549000 197203
1550000 197223
1551000 197252
1552000 197259
1553000 197312
1554000 197334
1555000 197352
1556000 197354
1557000 197349
1558000 197360
1559000 197403
1560000 197436
1561000 197442
1562000 197449
1563000 197476
1564000 197473
1565000 197506
1566000 197515
1567000 197539
1568000 197572
1569000 197572
1570000 197602
1571000 197652
1572000 197685
1573000 197702
1574000 197681
1575000 197676
1576000 197707
1577000 197733
1578000 197739
1579000 197772
1580000 197790
1581000 197821
1582000 197853
1583000 197894
1584000 197903
1585000 197911
1586000 197894
1587000 197922
1588000 197928
1589000 197916
1590000 197938
1591000 197977
1592000 198000
1593000 198033
1594000 198061
1595000 198068
1596000 198094
1597000 198126
1598000 198150
1599000 198159
1600000 198176
1601000 198205
1602000 198232
1603000 198290
1604000 198320
1605000 198353
1606000 198363
1607000 198404
1608000 198436
1609000 198464
1610000 198470
1611000 198478
1612000 198506
1613000 198532
1614000 198541
1615000 198560
1616000 198593
1617000 198618
1618000 198644
1619000 198651
1620000 198675
1621000 198704
1622000 198713
1623000 198728
1624000 198757
1625000 198779
1626000 198805
1627000 198853
1628000 198877
1629000 198916
1630000 198944
1631000 198971
1632000 198990
1633000 199013
1634000 199030
1635000 199045
1636000 199059
1637000 199094
1638000 199102
1639000 199142
1640000 199169
1641000 199176
1642000 199209
1643000 199210
1644000 199265
1645000 199288
1646000 199295
1647000 199300
1648000 199323
1649000 199341
1650000 199353
1651000 199367
1652000 199421
1653000 199463
1654000 199479
1655000 199502
1656000 199518
1657000 199533
1658000 199549
1659000 199553
1660000 199568
1661000 199616
1662000 199636
1663000 199652
1664000 199693
1665000 199726
1666000 199741
1667000 199748
1668000 199777
1669000 199782
1670000 199800
1671000 199843
1672000 199863
1673000 199877
1674000 199887
1675000 199901
1676000 199932
1677000 199956
1678000 199975
1679000 199985
1680000 200011
1681000 200041
1682000 200083
1683000 200094
1684000 200120
1685000 200117
1686000 200143
1687000 200185
1688000 200205
1689000 200215
1690000 200220
1691000 200259
1692000 200254
1693000 200290
1694000 200305
1695000 200302
1696000 200307
1697000 200330
1698000 200364
1699000 200415
1700000 200410
1701000 200417
1702000 200426
1703000 200455
1704000 200474
1705000 200483
1706000 200490
1707000 200540
1708000 200570
1709000 200580
1710000 200581
1711000 200603
1712000 200607
1713000 200647
1714000 200684
1715000 200712
1716000 200735
1717000 200765
1718000 200807
1719000 200822
1720000 200869
1721000 200919
1722000 200951
1723000 200954
1724000 200991
1725000 201017
1726000 201048
1727000 201058
1728000 201085
1729000 201090
1730000 201110
1731000 201169
1732000 201185
1733000 201202
1734000 201224
1735000 201232
1736000 201232
1737000 201256
1738000 201286
1739000 201332
1740000 201364
1741000 201382
1742000 201407
1743000 201408
1744000 201439
1745000 201488
1746000 201506
1747000 201517
1748000 201536
1749000 201549
1750000 201550
1751000 201578
1752000 201637
1753000 201687
1754000 201685
1755000 201692
1756000 201714
1757000 201750
1758000 201766
1759000 201785
1760000 201809
1761000 201855
1762000 201873
1763000 201893
1764000 201912
1765000 201933
1766000 201936
1767000 201931
1768000 201940
1769000 201954
1770000 201958
1771000 202002
1772000 202031
1773000 202040
1774000 202069
1775000 202084
1776000 202112
1777000 202117
1778000 202153
1779000 202152
1780000 202167
1781000 202183
1782000 202202
1783000 202223
1784000 202265
1785000 202296
1786000 202323
1787000 202335
1788000 202354
1789000 202357
1790000 202356
1791000 202388
1792000 202439
1793000 202476
1794000 202501
1795000 202533
1796000 202543
1797000 202576
1798000 202609
1799000 202608
1800000 202630
1801000 202650
1802000 202663
1803000 202683
1804000 202691
1805000 202691
1806000 202711
1807000 202725
1808000 202741
1809000 202743
1810000 202769
1811000 202802
1812000 202800
1813000 202839
1814000 202846
1815000 202871
1816000 202891
1817000 202937
1818000 202941
1819000 202951
1820000 202981
1821000 203015
1822000 203052
1823000 203066
1824000 203081
1825000 203119
1826000 203129
1827000 203148
1828000 203170
1829000 203196
1830000 203199
1831000 203232
1832000 203247
1833000 203268
1834000 203279
1835000 203304
1836000 203329
1837000 203320
1838000 203344
1839000 203354
1840000 203358
1841000 203405
1842000 203461
1843000 203497
1844000 203529
1845000 203536
1846000 203580
1847000 203605
1848000 203635
1849000 203650
1850000 203641
1851000 203647
1852000 203684
1853000 203709
1854000 203720
1855000 203764
1856000 203773
1857000 203786
1858000 203797
1859000 203844
1860000 203869
1861000 203902
1862000 203915
1863000 203930
1864000 203944
1865000 203954
1866000 203973
1867000 203986
1868000 204025
1869000 204047
1870000 204094
1871000 204131
1872000 204167
1873000 204167
1874000 204194
1875000 204244
1876000 204255
1877000 204263
1878000 204266
1879000 204294
1880000 204310
1881000 204331
1882000 204356
1883000 204398
1884000 204416
1885000 204442
1886000 204448
1887000 204471
1888000 204487
1889000 204487
1890000 204507
1891000 204541
1892000 204552
1893000 204596
1894000 204657
1895000 204669
1896000 204701
1897000 204684
1898000 204681
1899000 204710
1900000 204697
1901000 204716
1902000 204755
1903000 204762
1904000 204812
1905000 204823
1906000 204863
1907000 204865
1908000 204859
1909000 204869
1910000 204901
1911000 204914
1912000 204941
1913000 204967
1914000 204991
1915000 205018
1916000 205043
1917000 205046
1918000 205083
1919000 205082
1920000 205083
1921000 205123
1922000 205126
1923000 205153
1924000 205157
1925000 205191
1926000 205202
1927000 205233
1928000 205241
1929000 205259
1930000 205286
1931000 205319
1932000 205333
1933000 205350
1934000 205361
1935000 205379
1936000 205407
1937000 205416
1938000 205423
1939000 205433
1940000 205458
1941000 205495
1942000 205524
1943000 205557
1944000 205590
1945000 205610
1946000 205633
1947000 205657
1948000 205668
1949000 205648
1950000 205647
1951000 205673
1952000 205686
1953000 205716
1954000 205760
1955000 205780
1956000 205772
1957000 205783
1958000 205792
1959000 205799
1960000 205822
1961000 205858
1962000 205875
1963000 205915
1964000 205933
1965000 205976
1966000 205999
1967000 206031
1968000 206044
1969000 206056
1970000 206053
1971000 206070
1972000 206113
1973000 206142
1974000 206194
1975000 206204
1976000 206207
1977000 206232
1978000 206244
1979000 206257
1980000 206273
1981000 206312
1982000 206321
1983000 206353
1984000 206378
1985000 206410
1986000 206429
1987000 206424
1988000 206463
1989000 206448
1990000 206481
1991000 206511
1992000 206521
1993000 206547
1994000 206555
1995000 206596
1996000 206621
1997000 206648
1998000 206670
1999000 206698
2000000 206719
2001000 206736
2002000 206755
2003000 206758
2004000 206792
2005000 206818
2006000 206851
2007000 206874
2008000 206904
2009000 206907
2010000 206924
2011000 206950
2012000 206958
2013000 207017
2014000 207013
2015000 207018
2016000 207045
2017000 207064
2018000 207067
2019000 207076
2020000 207109
2021000 207146
2022000 207164
2023000 207195
2024000 207225
2025000 207243
2026000 207236
2027000 207246
2028000 207295
2029000 207342
2030000 207346
2031000 207364
2032000 207382
2033000 207398
2034000 207397
2035000 207455
2036000 207456
2037000 207479
2038000 207512
2039000 207565
2040000 207553
2041000 207596
2042000 207635
2043000 207669
2044000 207673
2045000 207687
2046000 207695
2047000 207730
2048000 207718
2049000 207747
2050000 207752
2051000 207796
2052000 207817
2053000 207831
2054000 207842
2055000 207855
2056000 207888
2057000 207899
2058000 207922
2059000 207949
2060000 207935
2061000 207976
2062000 207977
2063000 208006
2064000 208022
2065000 208026
2066000 208027
2067000 208049
2068000 208090
2069000 208112
2070000 208142
2071000 208161
2072000 208175
2073000 208204
2074000 208253
2075000 208249
2076000 208269
2077000 208293
2078000 208303
2079000 208332
2080000 208345
2081000 208340
2082000 208339
2083000 208374
2084000 208395
2085000 208422
2086000 208442
2087000 208443
2088000 208452
2089000 208502
2090000 208499
2091000 208520
2092000 208543
2093000 208553
2094000 208576
2095000 208572
2096000 208605
2097000 208627
2098000 208659
2099000 208687
2100000 208687
2101000 208709
2102000 208717
2103000 208715
2104000 208741
2105000 208772
2106000 208784
2107000 208825
2108000 208832
2109000 208859
2110000 208865
2111000 208909
2112000 208947
2113000 208953
2114000 208965
2115000 208974
2116000 208966
2117000 208980
2118000 208983
2119000 208983
2120000 209021
2121000 209063
2122000 209079
2123000 209096
2124000 209119
2125000 209149
2126000 209166
2127000 209183
2128000 209169
2129000 209175
2130000 209172
2131000 209179
2132000 209197
2133000 209215
2134000 209244
2135000 209268
2136000 209290
2137000 209324
2138000 209353
2139000 209368
2140000 209381
2141000 209380
2142000 209398
2143000 209426
2144000 209459
2145000 209479
2146000 209498
2147000 209506
2148000 209534
2149000 209531
2150000 209536
2151000 209551
2152000 209545
2153000 209586
2154000 209612
2155000 209635
2156000 209651
2157000 209674
2158000 209696
2159000 209706
2160000 209737
2161000 209782
2162000 209830
2163000 209837
2164000 209849
2165000 209851
2166000 209857
2167000 209897
2168000 209894
2169000 209904
2170000 209902
2171000 209929
2172000 209941
2173000 209980
2174000 210009
2175000 210004
2176000 210019
2177000 210035
2178000 210053
2179000 210058
2180000 210072
2181000 210089
2182000 210111
2183000 210150
2184000 210158
2185000 210180
2186000 210193
2187000 210240
2188000 210243
2189000 210273
2190000 210284
2191000 210317
2192000 210330
2193000 210327
2194000 210336
2195000 210343
2196000 210363
2197000 210380
2198000 210393
2199000 210409
2200000 210397
2201000 210428
2202000 210427
2203000 210443
2204000 210453
2205000 210462
2206000 210510
2207000 210537
2208000 210569
2209000 210589
2210000 210592
2211000 210590
2212000 210597
2213000 210645
2214000 210651
2215000 210659
2216000 210689
2217000 210694
2218000 210721
2219000 210748
2220000 210780
2221000 210796
2222000 210858
2223000 210885
2224000 210932
2225000 210948
2226000 210966
2227000 210986
2228000 211006
2229000 211028
2230000 211036
2231000 211030
2232000 211078
2233000 211056
2234000 211077
2235000 211104
2236000 211120
2237000 211135
2238000 211167
2239000 211159
2240000 211160
2241000 211185
2242000 211213
2243000 211215
2244000 211246
2245000 211243
2246000 211241
2247000 211233
2248000 211235
2249000 211243
2250000 211248
2251000 211255
2252000 211279
2253000 211290
2254000 211314
2255000 211332
2256000 211321
2257000 211327
2258000 211355
2259000 211358
2260000 211382
2261000 211379
2262000 211382
2263000 211412
2264000 211411
2265000 211421
2266000 211433
2267000 211433
2268000 211461
2269000 211479
2270000 211481
2271000 211501
2272000 211522
2273000 211523
2274000 211552
2275000 211574
2276000 211575
2277000 211610
2278000 211641
2279000 211643
2280000 211645
2281000 211670
2282000 211683
2283000 211718
2284000 211763
2285000 211780
2286000 211787
2287000 211802
2288000 211792
2289000 211805
2290000 211816
2291000 211836
2292000 211862
2293000 211872
2294000 211892
2295000 211916
2296000 211944
2297000 211964
2298000 211960
2299000 211992
2300000 212002
2301000 212030
2302000 212046
2303000 212050
2304000 212066
2305000 212079
2306000 212092
2307000 212125
2308000 212152
2309000 212151
2310000 212144
2311000 212139
2312000 212166
2313000 212189
2314000 212222
2315000 212235
2316000 212267
2317000 212295
2318000 212340
2319000 212352
2320000 212349
2321000 212347
2322000 212382
2323000 212439
2324000 212443
2325000 212457
2326000 212472
2327000 212501
2328000 212542
2329000 212532
2330000 212538
2331000 212566
2332000 212583
2333000 212605
2334000 212628
2335000 212641
2336000 212649
2337000 212683
2338000 212687
2339000 212682
2340000 212688
2341000 212704
2342000 212710
2343000 212702
2344000 212735
2345000 212737
2346000 212733
2347000 212766
2348000 212794
2349000 212808
2350000 212823
2351000 212837
2352000 212851
2353000 212874
2354000 212903
2355000 212922
2356000 212908
2357000 212926
2358000 212945
2359000 212962
2360000 212942
2361000 212933
2362000 212958
2363000 212957
2364000 212991
2365000 213019
2366000 213024
2367000 213043
2368000 213051
2369000 213060
2370000 213045
2371000 213057
2372000 213077
2373000 213091
2374000 213100
2375000 213082
2376000 213090
2377000 213133
2378000 213148
2379000 213140
2380000 213132
2381000 213147
2382000 213144
2383000 213177
2384000 213169
2385000 213193
2386000 213237
2387000 213229
2388000 213239
2389000 213222
2390000 213239
2391000 213266
2392000 213299
2393000 213318
2394000 213354
2395000 213365
2396000 213348
2397000 213327
2398000 213344
2399000 213363
2400000 213399
2401000 213436
2402000 213463
2403000 213467
2404000 213500
2405000 213501
2406000 213521
2407000 213553
2408000 213548
2409000 213550
2410000 213557
2411000 213577
2412000 213595
2413000 213636
2414000 213652
2415000 213661
2416000 213692
2417000 213711
2418000 213726
2419000 213749
2420000 213770
2421000 213786
2422000 213814
2423000 213828
2424000 213853
2425000 213880
2426000 213891
2427000 213883
2428000 213890
2429000 213899
2430000 213895
2431000 213924
2432000 213937
2433000 213969
2434000 213986
2435000 214007
2436000 213989
2437000 214013
2438000 214022
2439000 214026
2440000 214039
2441000 214065
2442000 214096
2443000 214113
2444000 214149
2445000 214146
2446000 214153
2447000 214161
2448000 214163
2449000 214165
2450000 214186
2451000 214206
2452000 214221
2453000 214258
2454000 214291
2455000 214313
2456000 214328
2457000 214346
2458000 214349
2459000 214384
2460000 214389
2461000 214415
2462000 214406
2463000 214419
2464000 214428
2465000 214435
2466000 214452
2467000 214477
2468000 214502
2469000 214523
2470000 214533
2471000 214559
2472000 214576
2473000 214621
2474000 214636
2475000 214667
2476000 214649
2477000 214650
2478000 214682
2479000 214712
2480000 214708
2481000 214725
2482000 214772
2483000 214769
2484000 214778
2485000 214791
2486000 214796
2487000 214807
2488000 214829
2489000 214846
2490000 214832
2491000 214867
2492000 214897
2493000 214924
2494000 214935
2495000 214941
2496000 214957
2497000 214937
2498000 214955
2499000 214972
2500000 214992
2501000 215014
2502000 215028
2503000 215043
2504000 215079
2505000 215108
2506000 215146
2507000 215159
2508000 215178
2509000 215158
2510000 215193
2511000 215217
2512000 215242
2513000 215254
2514000 215247
2515000 215262
2516000 215246
2517000 215262
2518000 215258
2519000 215297
2520000 215290
2521000 215290
2522000 215282
2523000 215301
2524000 215303
2525000 215291
2526000 215322
2527000 215351
2528000 215366
2529000 215358
2530000 215359
2531000 215357
2532000 215397
2533000 215435
2534000 215463
2535000 215465
2536000 215480
2537000 215473
2538000 215515
2539000 215528
2540000 215551
2541000 215569
2542000 215542
2543000 215553
2544000 215571
2545000 215591
2546000 215610
2547000 215598
2548000 215611
2549000 215626
2550000 215620
2551000 215617
2552000 215642
2553000 215655
2554000 215663
2555000 215665
2556000 215700
2557000 215710
2558000 215731
2559000 215748
2560000 215746
2561000 215804
2562000 215807
2563000 215798
2564000 215831
2565000 215838
2566000 215868
2567000 215874
2568000 215899
2569000 215893
2570000 215866
2571000 215895
2572000 215919
2573000 215928
2574000 215942
2575000 215968
2576000 215981
2577000 215994
2578000 215997
2579000 216015
2580000 216039
2581000 216059
2582000 216071
2583000 216080
2584000 216084
2585000 216074
2586000 216097
2587000 216096
2588000 216104
2589000 216138
2590000 216153
2591000 216171
2592000 216198
2593000 216207
2594000 216244
2595000 216273
2596000 216277
2597000 216284
2598000 216287
2599000 216304
2600000 216325
2601000 216318
2602000 216345
2603000 216357
2604000 216366
2605000 216365
2606000 216345
2607000 216359
2608000 216369
2609000 216367
2610000 216389
2611000 216415
2612000 216442
2613000 216432
2614000 216426
2615000 216447
2616000 216454
2617000 216467
2618000 216466
2619000 216468
2620000 216471
2621000 216480
2622000 216486
2623000 216518
2624000 216519
2625000 216522
2626000 216560
2627000 216562
2628000 216580
2629000 216598
2630000 216603
2631000 216624
2632000 216634
2633000 216648
2634000 216676
2635000 216656
2636000 216674
2637000 216679
2638000 216671
2639000 216706
2640000 216696
2641000 216708
2642000 216725
2643000 216739
2644000 216743
2645000 216764
2646000 216753
2647000 216754
2648000 216740
2649000 216743
2650000 216752
2651000 216759
2652000 216776
2653000 216793
2654000 216809
2655000 216843
2656000 216866
2657000 216875
2658000 216881
2659000 216894
2660000 216892
2661000 216933
2662000 216928
2663000 216942
2664000 216955
2665000 216973
2666000 217012
2667000 217032
2668000 217040
2669000 217020
2670000 217011
2671000 217047
2672000 217062
2673000 217060
2674000 217042
2675000 217038
2676000 217047
2677000 217083
2678000 217099
2679000 217096
2680000 217111
2681000 217100
2682000 217095
2683000 217112
2684000 217120
2685000 217171
2686000 217194
2687000 217221
2688000 217222
2689000 217198
2690000 217204
2691000 217209
2692000 217228
2693000 217227
2694000 217253
2695000 217241
2696000 217273
2697000 217281
2698000 217259
2699000 217256
2700000 217227
2701000 217260
2702000 217278
2703000 217284
2704000 217304
2705000 217310
2706000 217333
2707000 217346
2708000 217374
2709000 217382
2710000 217374
2711000 217398
2712000 217404
2713000 217410
2714000 217430
2715000 217450
2716000 217453
2717000 217441
2718000 217478
2719000 217490
2720000 217489
2721000 217512
2722000 217546
2723000 217570
2724000 217593
2725000 217616
2726000 217600
2727000 217619
2728000 217604
2729000 217605
2730000 217589
2731000 217600
2732000 217628
2733000 217662
2734000 217663
2735000 217661
2736000 217698
2737000 217709
2738000 217709
2739000 217708
2740000 217701
2741000 217720
2742000 217758
2743000 217747
2744000 217756
2745000 217769
2746000 217805
2747000 217839
2748000 217854
2749000 217837
2750000 217877
2751000 217916
2752000 217930
2753000 217941
2754000 217965
2755000 217975
2756000 217994
2757000 218004
2758000 218018
2759000 218027
2760000 218017
2761000 218027
2762000 218049
2763000 218088
2764000 218099
2765000 218112
2766000 218106
2767000 218115
2768000 218129
2769000 218144
2770000 218160
2771000 218177
2772000 218198
2773000 218217
2774000 218222
2775000 218221
2776000 218222
2777000 218227
2778000 218231
2779000 218229
2780000 218216
2781000 218235
2782000 218239
2783000 218266
2784000 218276
2785000 218285
2786000 218303
2787000 218308
2788000 218314
2789000 218328
2790000 218346
2791000 218355
2792000 218397
2793000 218415
2794000 218417
2795000 218422
2796000 218413
2797000 218389
2798000 218390
2799000 218396
2800000 218428
2801000 218426
2802000 218461
2803000 218463
2804000 218490
2805000 218514
2806000 218524
2807000 218528
2808000 218528
2809000 218530
2810000 218524
2811000 218539
2812000 218542
2813000 218549
2814000 218562
2815000 218562
2816000 218557
2817000 218546
2818000 218558
2819000 218560
2820000 218563
2821000 218592
2822000 218617
2823000 218656
2824000 218673
2825000 218665
2826000 218676
2827000 218698
2828000 218701
2829000 218716
2830000 218737
2831000 218749
2832000 218770
2833000 218797
2834000 218828
2835000 218842
2836000 218857
2837000 218863
2838000 218855
2839000 218864
2840000 218834
2841000 218856
2842000 218863
2843000 218865
2844000 218880
2845000 218908
2846000 218929
2847000 218902
2848000 218922
2849000 218950
2850000 218969
2851000 218987
2852000 219004
2853000 219001
2854000 218984
2855000 218995
2856000 219017
2857000 219019
2858000 219035
2859000 219034
2860000 219011
2861000 219012
2862000 219018
2863000 219017
2864000 219050
2865000 219040
2866000 219053
2867000 219043
2868000 219065
2869000 219065
2870000 219078
2871000 219092
2872000 219142
2873000 219167
2874000 219170
2875000 219218
2876000 219257
2877000 219242
2878000 219232
2879000 219242
2880000 219245
2881000 219270
2882000 219299
2883000 219327
2884000 219348
2885000 219355
2886000 219378
2887000 219362
2888000 219368
2889000 219381
2890000 219371
2891000 219370
2892000 219406
2893000 219427
2894000 219429
2895000 219424
2896000 219431
2897000 219471
2898000 219487
2899000 219489
2900000 219475
2901000 219490
2902000 219488
2903000 219477
2904000 219507
2905000 219517
2906000 219520
2907000 219510
2908000 219540
2909000 219558
2910000 219550
2911000 219580
2912000 219604
2913000 219608
2914000 219632
2915000 219622
2916000 219641
2917000 219683
2918000 219654
2919000 219644
2920000 219643
2921000 219672
2922000 219703
2923000 219719
2924000 219730
2925000 219731
2926000 219756
2927000 219745
2928000 219758
2929000 219772
2930000 219790
2931000 219802
2932000 219801
2933000 219796
2934000 219791
2935000 219796
2936000 219788
2937000 219766
2938000 219776
2939000 219745
2940000 219786
2941000 219826
2942000 219824
2943000 219853
2944000 219842
2945000 219854
2946000 219865
2947000 219883
2948000 219891
2949000 219912
2950000 219915
2951000 219910
2952000 219948
2953000 219978
2954000 219982
2955000 219986
2956000 219989
2957000 219990
2958000 219982
2959000 219946
2960000 219964
2961000 219960
2962000 219984
2963000 220004
2964000 220006
2965000 220047
2966000 220053
2967000 220052
2968000 220063
2969000 220061
2970000 220035
2971000 220054
2972000 220074
2973000 220118
2974000 220116
2975000 220153
2976000 220150
2977000 220201
2978000 220216
2979000 220202
2980000 220205
2981000 220227
2982000 220244
2983000 220241
2984000 220247
2985000 220239
2986000 220233
2987000 220225
2988000 220211
2989000 220218
2990000 220217
2991000 220239
2992000 220225
2993000 220260
2994000 220296
2995000 220292
2996000 220273
2997000 220293
2998000 220289
2999000 220303
3000000 220315
3001000 220339
3002000 220353
3003000 220366
3004000 220387
3005000 220394
3006000 220437
3007000 220427
3008000 220413
3009000 220413
3010000 220401
3011000 220444
3012000 220438
3013000 220425
3014000 220436
3015000 220431
3016000 220436
3017000 220456
3018000 220451
3019000 220456
3020000 220482
3021000 220499
3022000 220486
3023000 220527
3024000 220517
3025000 220501
3026000 220513
3027000 220487
3028000 220485
3029000 220479
3030000 220485
3031000 220467
3032000 220457
3033000 220457
3034000 220472
3035000 220466
3036000 220474
3037000 220458
3038000 220480
3039000 220476
3040000 220482
3041000 220516
3042000 220519
3043000 220525
3044000 220527
3045000 220543
3046000 220533
3047000 220518
3048000 220495
3049000 220490
3050000 220489
3051000 220496
3052000 220533
3053000 220554
3054000 220569
3055000 220566
3056000 220569
3057000 220583
3058000 220560
3059000 220550
3060000 220556
3061000 220560
3062000 220559
3063000 220568
3064000 220590
3065000 220598
3066000 220567
3067000 220566
3068000 220542
3069000 220558
3070000 220543
3071000 220568
3072000 220575
3073000 220573
3074000 220602
3075000 220626
3076000 220652
3077000 220656
3078000 220662
3079000 220674
3080000 220668
3081000 220662
3082000 220659
3083000 220645
3084000 220665
3085000 220684
3086000 220690
3087000 220679
3088000 220697
3089000 220701
3090000 220698
3091000 220696
3092000 220693
3093000 220682
3094000 220674
3095000 220686
3096000 220696
3097000 220721
3098000 220747
3099000 220775
3100000 220763
3101000 220778
3102000 220805
3103000 220834
3104000 220838
3105000 220825
3106000 220852
3107000 220864
3108000 220861
3109000 220860
3110000 220868
3111000 220904
3112000 220939
3113000 220937
3114000 220935
3115000 220971
3116000 220963
3117000 220983
3118000 220984
3119000 221002
3120000 221007
3121000 221016
3122000 221020
3123000 221024
3124000 221052
3125000 221066
3126000 221074
3127000 221068
3128000 221066
3129000 221078
3130000 221095
3131000 221111
3132000 221118
3133000 221124
3134000 221146
3135000 221152
3136000 221148
3137000 221151
3138000 221150
3139000 221165
3140000 221156
3141000 221151
3142000 221196
3143000 221229
3144000 221229
3145000 221223
3146000 221235
3147000 221242
3148000 221241
3149000 221250
3150000 221235
3151000 221260
3152000 221273
3153000 221264
3154000 221258
3155000 221253
3156000 221237
3157000 221254
3158000 221276
3159000 221264
3160000 221243
3161000 221257
3162000 221256
3163000 221273
3164000 221276
3165000 221291
3166000 221272
3167000 221320
3168000 221312
3169000 221327
3170000 221363
3171000 221345
3172000 221351
3173000 221350
3174000 221327
3175000 221347
3176000 221357
3177000 221350
3178000 221355
3179000 221364
3180000 221378
3181000 221371
3182000 221367
3183000 221362
3184000 221388
3185000 221386
3186000 221405
3187000 221411
3188000 221428
3189000 221425
3190000 221386
3191000 221398
3192000 221419
3193000 221440
3194000 221450
3195000 221458
3196000 221446
3197000 221475
3198000 221458
3199000 221488
3200000 221494
3201000 221513
3202000 221549
3203000 221533
3204000 221543
3205000 221547
3206000 221545
3207000 221543
3208000 221533
3209000 221515
3210000 221515
3211000 221532
3212000 221556
3213000 221571
3214000 221581
3215000 221594
3216000 221596
3217000 221609
3218000 221611
3219000 221596
3220000 221595
3221000 221597
3222000 221598
3223000 221592
3224000 221633
3225000 221642
3226000 221631
3227000 221646
3228000 221642
3229000 221679
3230000 221676
3231000 221684
3232000 221697
3233000 221708
3234000 221715
3235000 221687
3236000 221666
3237000 221640
3238000 221664
3239000 221686
3240000 221704
3241000 221714
3242000 221747
3243000 221751
3244000 221778
3245000 221754
3246000 221745
3247000 221763
3248000 221767
3249000 221788
3250000 221752
3251000 221767
3252000 221796
3253000 221786
3254000 221768
3255000 221758
3256000 221727
3257000 221721
3258000 221730
3259000 221759
3260000 221771
3261000 221767
3262000 221781
3263000 221779
3264000 221795
3265000 221782
3266000 221783
3267000 221778
3268000 221758
3269000 221752
3270000 221743
3271000 221774
3272000 221768
3273000 221759
3274000 221772
3275000 221762
3276000 221769
3277000 221786
3278000 221789
3279000 221833
3280000 221826
3281000 221814
3282000 221805
3283000 221830
3284000 221835
3285000 221842
3286000 221838
3287000 221836
3288000 221836
3289000 221842
3290000 221845
3291000 221844
3292000 221864
3293000 221884
3294000 221886
3295000 221914
3296000 221934
3297000 221941
3298000 221949
3299000 221923
3300000 221934
3301000 221910
3302000 221918
3303000 221940
3304000 221938
3305000 221927
3306000 221928
3307000 221931
3308000 221936
3309000 221931
3310000 221942
3311000 221972
3312000 221997
3313000 222003
3314000 222011
3315000 222030
3316000 222010
3317000 222024
3318000 222028
3319000 222001
3320000 221984
3321000 221994
3322000 221991
3323000 221984
3324000 221990
3325000 221981
3326000 222010
3327000 222032
3328000 222060
3329000 222027
3330000 221997
3331000 222046
3332000 222056
3333000 222043
3334000 222051
3335000 222042
3336000 222054
3337000 222072
3338000 222066
3339000 222049
3340000 222055
3341000 222070
3342000 222088
3343000 222078
3344000 222099
3345000 222125
3346000 222123
3347000 222094
3348000 222132
3349000 222143
3350000 222126
3351000 222132
3352000 222127
3353000 222149
3354000 222172
3355000 222152
3356000 222158
3357000 222161
3358000 222135
3359000 222129
3360000 222132
3361000 222143
3362000 222160
3363000 222155
3364000 222141
3365000 222166
3366000 222169
3367000 222162
3368000 222190
3369000 222184
3370000 222188
3371000 222190
3372000 222188
3373000 222170
3374000 222198
3375000 222189
3376000 222182
3377000 222164
3378000 222139
3379000 222165
3380000 222195
3381000 222215
3382000 222204
3383000 222214
3384000 222213
3385000 222207
3386000 222241
3387000 222239
3388000 222246
3389000 222267
3390000 222260
3391000 222249
3392000 222236
3393000 222250
3394000 222270
3395000 222250
3396000 222239
3397000 222251
3398000 222273
3399000 222274
3400000 222256
3401000 222250
3402000 222271
3403000 222277
3404000 222235
3405000 222213
3406000 222237
3407000 222233
3408000 222227
3409000 222251
3410000 222237
3411000 222271
3412000 222282
3413000 222280
3414000 222299
3415000 222277
3416000 222311
3417000 222307
3418000 222309
3419000 222313
3420000 222327
3421000 222325
3422000 222340
3423000 222363
3424000 222381
3425000 222361
3426000 222364
3427000 222367
3428000 222388
3429000 222377
3430000 222368
3431000 222381
3432000 222382
3433000 222369
3434000 222385
3435000 222396
3436000 222393
3437000 222412
3438000 222422
3439000 222415
3440000 222399
3441000 222386
3442000 222374
3443000 222346
3444000 222357
3445000 222341
3446000 222337
3447000 222332
3448000 222335
3449000 222348
3450000 222343
3451000 222345
3452000 222344
3453000 222332
3454000 222325
3455000 222326
3456000 222304
3457000 222298
3458000 222295
3459000 222319
3460000 222323
3461000 222352
3462000 222373
3463000 222355
3464000 222381
3465000 222392
3466000 222407
3467000 222424
3468000 222422
3469000 222412
3470000 222411
3471000 222423
3472000 222425
3473000 222435
3474000 222449
3475000 222470
3476000 222476
3477000 222479
3478000 222492
3479000 222504
3480000 222508
3481000 222499
3482000 222525
3483000 222529
3484000 222538
3485000 222527
3486000 222545
3487000 222554
3488000 222513
3489000 222507
3490000 222505
3491000 222527
3492000 222540
3493000 222519
3494000 222496
3495000 222499
3496000 222520
3497000 222532
3498000 222540
3499000 222551
3500000 222524
3501000 222536
3502000 222530
3503000 222539
3504000 222525
3505000 222507
3506000 222513
3507000 222512
3508000 222506
3509000 222502
3510000 222498
3511000 222508
3512000 222520
3513000 222519
3514000 222520
3515000 222497
3516000 222490
3517000 222499
3518000 222485
3519000 222495
3520000 222494
3521000 222491
3522000 222494
3523000 222501
3524000 222486
3525000 222502
3526000 222515
3527000 222507
3528000 222498
3529000 222498
3530000 222491
3531000 222507
3532000 222498
3533000 222498
3534000 222500
3535000 222521
3536000 222516
3537000 222533
3538000 222540
3539000 222524
3540000 222495
3541000 222499
3542000 222539
3543000 222559
3544000 222597
3545000 222597
3546000 222566
3547000 222559
3548000 222570
3549000 222581
3550000 222576
3551000 222581
3552000 222598
3553000 222637
3554000 222641
3555000 222655
3556000 222663
3557000 222663
3558000 222643
3559000 222640
3560000 222653
3561000 222662
3562000 222645
3563000 222646
3564000 222659
3565000 222654
3566000 222671
3567000 222662
3568000 222680
3569000 222655
3570000 222665
3571000 222663
3572000 222686
3573000 222680
3574000 222693
3575000 222707
3576000 222710
3577000 222711
3578000 222717
3579000 222704
3580000 222719
3581000 222729
3582000 222755
3583000 222782
3584000 222792
3585000 222778
3586000 222766
3587000 222768
3588000 222784
3589000 222768
3590000 222762
3591000 222760
3592000 222759
3593000 222767
3594000 222774
3595000 222820
3596000 222840
3597000 222814
3598000 222823
3599000 222823
3600000 222817
3601000 222826
3602000 222853
3603000 222868
3604000 222879
3605000 222902
3606000 222918
3607000 222922
3608000 222931
3609000 222924
3610000 222931
3611000 222954
3612000 222961
3613000 222963
3614000 222954
3615000 222947
3616000 222951
3617000 222946
3618000 222962
3619000 222961
3620000 222946
3621000 222967
3622000 222977
3623000 223000
3624000 222985
3625000 222989
3626000 223012
3627000 223030
3628000 223019
3629000 223025
3630000 223005
3631000 223030
3632000 223018
3633000 223034
3634000 223032
3635000 223025
3636000 223048
3637000 223045
3638000 223033
3639000 223034
3640000 223042
3641000 223055
3642000 223082
3643000 223092
3644000 223097
3645000 223084
3646000 223086
3647000 223101
3648000 223095
3649000 223082
3650000 223080
3651000 223106
3652000 223138
3653000 223128
3654000 223125
3655000 223105
3656000 223086
3657000 223080
3658000 223092
3659000 223062
3660000 223069
3661000 223046
3662000 223044
3663000 223045
3664000 223076
3665000 223098
3666000 223128
3667000 223139
3668000 223108
3669000 223075
3670000 223090
3671000 223093
3672000 223098
3673000 223117
3674000 223125
3675000 223099
3676000 223117
3677000 223090
3678000 223096
3679000 223095
3680000 223103
3681000 223112
3682000 223107
3683000 223102
3684000 223127
3685000 223119
3686000 223148
3687000 223142
3688000 223126
3689000 223126
3690000 223078
3691000 223059
3692000 223062
3693000 223066
3694000 223048
3695000 223066
3696000 223062
3697000 223064
3698000 223094
3699000 223107
3700000 223120
3701000 223153
3702000 223167
3703000 223163
3704000 223150
3705000 223167
3706000 223175
3707000 223150
3708000 223172
3709000 223172
3710000 223172
3711000 223190
3712000 223217
3713000 223222
3714000 223210
3715000 223213
3716000 223217
3717000 223229
3718000 223235
3719000 223245
3720000 223292
3721000 223293
3722000 223285
3723000 223287
3724000 223311
3725000 223314
3726000 223346
3727000 223337
3728000 223328
3729000 223325
3730000 223345
3731000 223347
3732000 223353
3733000 223354
3734000 223367
3735000 223375
3736000 223370
3737000 223352
3738000 223380
3739000 223394
3740000 223389
3741000 223407
3742000 223433
3743000 223439
3744000 223427
3745000 223420
3746000 223414
3747000 223438
3748000 223442
3749000 223434
3750000 223443
3751000 223437
3752000 223448
3753000 223469
3754000 223470
3755000 223450
3756000 223474
3757000 223485
3758000 223485
3759000 223495
3760000 223505
3761000 223515
3762000 223509
3763000 223512
3764000 223505
3765000 223524
3766000 223513
3767000 223513
3768000 223503
3769000 223504
3770000 223482
3771000 223507
3772000 223500
3773000 223513
3774000 223523
3775000 223528
3776000 223539
3777000 223525
3778000 223507
3779000 223527
3780000 223523
3781000 223532
3782000 223534
3783000 223549
3784000 223565
3785000 223572
3786000 223596
3787000 223589
3788000 223617
3789000 223629
3790000 223627
3791000 223624
3792000 223638
3793000 223649
3794000 223664
3795000 223633
3796000 223613
3797000 223631
3798000 223631
3799000 223629
3800000 223641
3801000 223634
3802000 223649
3803000 223670
3804000 223649
3805000 223673
3806000 223656
3807000 223633
3808000 223650
3809000 223648
3810000 223665
3811000 223669
3812000 223669
3813000 223698
3814000 223661
3815000 223659
3816000 223684
3817000 223698
3818000 223716
3819000 223685
3820000 223680
3821000 223656
3822000 223669
3823000 223700
3824000 223718
3825000 223721
3826000 223713
3827000 223722
3828000 223744
3829000 223762
3830000 223750
3831000 223771
3832000 223765
3833000 223776
3834000 223777
3835000 223758
3836000 223754
3837000 223738
3838000 223739
3839000 223746
3840000 223729
3841000 223716
3842000 223741
3843000 223728
3844000 223724
3845000 223712
3846000 223715
3847000 223724
3848000 223728
3849000 223730
3850000 223762
3851000 223757
3852000 223757
3853000 223750
3854000 223785
3855000 223776
3856000 223779
3857000 223770
3858000 223770
3859000 223769
3860000 223754
3861000 223800
3862000 223819
3863000 223826
3864000 223837
3865000 223853
3866000 223849
3867000 223860
3868000 223879
3869000 223860
3870000 223851
3871000 223825
3872000 223850
3873000 223876
3874000 223895
3875000 223893
3876000 223901
3877000 223901
3878000 223926
3879000 223925
3880000 223935
3881000 223938
3882000 223955
3883000 223984
3884000 223996
3885000 223996
3886000 223996
3887000 224013
3888000 223989
3889000 224015
3890000 224006
3891000 224006
3892000 224005
3893000 224019
3894000 224034
3895000 224053
3896000 224043
3897000 224051
3898000 224055
3899000 224031
3900000 224053
3901000 224036
3902000 224063
3903000 224092
3904000 224082
3905000 224097
3906000 224117
3907000 224114
3908000 224130
3909000 224139
3910000 224131
3911000 224143
3912000 224145
3913000 224135
3914000 224133
3915000 224124
3916000 224144
3917000 224159
3918000 224189
3919000 224189
3920000 224188
3921000 224218
3922000 224234
3923000 224253
3924000 224282
3925000 224286
3926000 224267
3927000 224263
3928000 224273
3929000 224272
3930000 224250
3931000 224291
3932000 224288
3933000 224264
3934000 224283
3935000 224298
3936000 224303
3937000 224306
3938000 224309
3939000 224314
3940000 224307
3941000 224319
3942000 224315
3943000 224304
3944000 224290
3945000 224299
3946000 224304
3947000 224294
3948000 224303
3949000 224299
3950000 224317
3951000 224358
3952000 224364
3953000 224363
3954000 224367
3955000 224384
3956000 224360
3957000 224340
3958000 224343
3959000 224337
3960000 224300
3961000 224297
3962000 224308
3963000 224302
3964000 224309
3965000 224294
3966000 224270
3967000 224280
3968000 224300
3969000 224293
3970000 224294
3971000 224278
3972000 224276
3973000 224304
3974000 224326
3975000 224320
3976000 224328
3977000 224337
3978000 224341
3979000 224331
3980000 224339
3981000 224317
3982000 224310
3983000 224329
3984000 224332
3985000 224333
3986000 224350
3987000 224374
3988000 224386
3989000 224393
3990000 224382
3991000 224393
3992000 224401
3993000 224414
3994000 224434
3995000 224431
3996000 224428
3997000 224435
3998000 224466
3999000 224437
4000000 224447
4001000 224456
4002000 224464
4003000 224475
4004000 224453
4005000 224467
4006000 224470
4007000 224473
4008000 224476
4009000 224470
4010000 224490
4011000 224485
4012000 224470
4013000 224469
4014000 224437
4015000 224449
4016000 224468
4017000 224474
4018000 224476
4019000 224475
4020000 224474
4021000 224503
4022000 224508
4023000 224517
4024000 224527
4025000 224536
4026000 224525
4027000 224514
4028000 224527
4029000 224523
4030000 224530
4031000 224509
4032000 224530
4033000 224549
4034000 224572
4035000 224565
4036000 224565
4037000 224563
4038000 224557
4039000 224546
4040000 224541
4041000 224543
4042000 224563
4043000 224570
4044000 224567
4045000 224573
4046000 224572
4047000 224565
4048000 224559
4049000 224543
4050000 224540
4051000 224540
4052000 224555
4053000 224566
4054000 224577
4055000 224592
4056000 224616
4057000 224606
4058000 224598
4059000 224615
4060000 224646
4061000 224656
4062000 224649
4063000 224658
4064000 224655
4065000 224665
4066000 224641
4067000 224665
4068000 224663
4069000 224672
4070000 224657
4071000 224671
4072000 224663
4073000 224679
4074000 224674
4075000 224695
4076000 224710
4077000 224751
4078000 224713
4079000 224714
4080000 224718
4081000 224707
4082000 224731
4083000 224753
4084000 224789
4085000 224802
4086000 224802
4087000 224796
4088000 224768
4089000 224764
4090000 224766
4091000 224777
4092000 224778
4093000 224785
4094000 224793
4095000 224797
4096000 224813
4097000 224819
4098000 224830
4099000 224809
4100000 224803
4101000 224808
4102000 224796
4103000 224838
4104000 224837
4105000 224805
4106000 224813
4107000 224845
4108000 224851
4109000 224863
4110000 224840
4111000 224862
4112000 224859
4113000 224870
4114000 224898
4115000 224886
4116000 224915
4117000 224929
4118000 224915
4119000 224940
4120000 224943
4121000 224978
4122000 224988
4123000 224997
4124000 225010
4125000 225011
4126000 225039
4127000 225029
4128000 225022
4129000 225057
4130000 225053
4131000 225043
4132000 225054
4133000 225071
4134000 225083
4135000 225091
4136000 225113
4137000 225093
4138000 225082
4139000 225072
4140000 225068
4141000 225043
4142000 225061
4143000 225063
4144000 225088
4145000 225099
4146000 225111
4147000 225091
4148000 225090
4149000 225113
4150000 225101
4151000 225090
4152000 225123
4153000 225132
4154000 225150
4155000 225156
4156000 225167
4157000 225193
4158000 225175
4159000 225163
4160000 225191
4161000 225185
4162000 225189
4163000 225185
4164000 225173
4165000 225175
4166000 225181
4167000 225183
4168000 225185
4169000 225178
4170000 225160
4171000 225159
4172000 225199
4173000 225232
4174000 225253
4175000 225256
4176000 225257
4177000 225253
4178000 225240
4179000 225255
4180000 225241
4181000 225245
4182000 225241
4183000 225264
4184000 225272
4185000 225267
4186000 225265
4187000 225259
4188000 225270
4189000 225299
4190000 225304
4191000 225329
4192000 225315
4193000 225314
4194000 225324
4195000 225331
4196000 225332
4197000 225332
4198000 225318
4199000 225311
4200000 225308
4201000 225316
4202000 225313
4203000 225301
4204000 225310
4205000 225312
4206000 225287
4207000 225283
4208000 225269
4209000 225266
4210000 225301
4211000 225334
4212000 225372
4213000 225373
4214000 225355
4215000 225347
4216000 225330
4217000 225331
4218000 225342
4219000 225342
4220000 225333
4221000 225318
4222000 225346
4223000 225356
4224000 225328
4225000 225321
4226000 225335
4227000 225365
4228000 225370
4229000 225373
4230000 225374
4231000 225370
4232000 225379
4233000 225384
4234000 225400
4235000 225398
4236000 225384
4237000 225394
4238000 225397
4239000 225391
4240000 225357
4241000 225377
4242000 225366
4243000 225387
4244000 225387
4245000 225394
4246000 225376
4247000 225380
4248000 225398
4249000 225418
4250000 225391
4251000 225379
4252000 225373
4253000 225384
4254000 225398
4255000 225392
4256000 225398
4257000 225409
4258000 225420
4259000 225441
4260000 225440
4261000 225446
4262000 225444
4263000 225442
4264000 225430
4265000 225455
4266000 225431
4267000 225431
4268000 225456
4269000 225468
4270000 225467
4271000 225495
4272000 225488
4273000 225469
4274000 225483
4275000 225449
4276000 225467
4277000 225490
4278000 225465
4279000 225467
4280000 225484
4281000 225494
4282000 225522
4283000 225530
4284000 225561
4285000 225573
4286000 225562
4287000 225581
4288000 225559
4289000 225562
4290000 225568
4291000 225578
4292000 225544
4293000 225570
4294000 225556
4295000 225538
4296000 225538
4297000 225536
4298000 225566
4299000 225582
4300000 225588
4301000 225589
4302000 225600
4303000 225606
4304000 225608
4305000 225607
4306000 225600
4307000 225602
4308000 225612
4309000 225594
4310000 225589
4311000 225588
4312000 225575
4313000 225582
4314000 225600
4315000 225623
4316000 225633
4317000 225619
4318000 225617
4319000 225611
4320000 225622
4321000 225649
4322000 225647
4323000 225671
4324000 225655
4325000 225677
4326000 225661
4327000 225645
4328000 225642
4329000 225636
4330000 225637
4331000 225658
4332000 225671
4333000 225674
4334000 225681
4335000 225679
4336000 225675
4337000 225695
4338000 225677
4339000 225675
4340000 225683
4341000 225680
4342000 225691
4343000 225668
4344000 225698
4345000 225710
4346000 225680
4347000 225699
4348000 225709
4349000 225725
4350000 225750
4351000 225755
4352000 225768
4353000 225791
4354000 225792
4355000 225788
4356000 225787
4357000 225791
4358000 225785
4359000 225779
4360000 225777
4361000 225765
4362000 225778
4363000 225806
4364000 225847
4365000 225849
4366000 225862
4367000 225877
4368000 225873
4369000 225882
4370000 225890
4371000 225883
4372000 225891
4373000 225873
4374000 225864
4375000 225876
4376000 225855
4377000 225877
4378000 225886
4379000 225894
4380000 225889
4381000 225888
4382000 225876
4383000 225905
4384000 225917
4385000 225917
4386000 225952
4387000 225968
4388000 225982
4389000 225988
4390000 225971
4391000 225979
4392000 225985
4393000 225986
4394000 226002
4395000 225998
4396000 226005
4397000 226015
4398000 226002
4399000 226010
4400000 225988
4401000 225990
4402000 225998
4403000 225997
4404000 225999
4405000 225988
4406000 226024
4407000 226021
4408000 226039
4409000 226037
4410000 226022
4411000 226025
4412000 226014
4413000 226009
4414000 225999
4415000 226006
4416000 225999
4417000 226005
4418000 226008
4419000 226008
4420000 225999
4421000 226024
4422000 226025
4423000 226031
4424000 226046
4425000 226045
4426000 226042
4427000 226018
4428000 225982
4429000 225977
4430000 225995
4431000 225995
4432000 226010
4433000 225999
4434000 226006
4435000 226000
4436000 226000
4437000 226002
4438000 226008
4439000 226018
4440000 226022
4441000 226032
4442000 226036
4443000 226060
4444000 226049
4445000 226016
4446000 226037
4447000 226056
4448000 226046
4449000 226016
4450000 226011
4451000 226021
4452000 226034
4453000 226022
4454000 226015
4455000 226025
4456000 226035
4457000 226030
4458000 226030
4459000 226022
4460000 226018
4461000 226019
4462000 226036
4463000 226057
4464000 226082
4465000 226072
4466000 226078
4467000 226084
4468000 226069
4469000 226040
4470000 226034
4471000 226036
4472000 226055
4473000 226049
4474000 226049
4475000 226067
4476000 226060
4477000 226074
4478000 226078
4479000 226055
4480000 226059
4481000 226057
4482000 226058
4483000 226046
4484000 226053
4485000 226066
4486000 226072
4487000 226057
4488000 226088
4489000 226077
4490000 226057
4491000 226064
4492000 226078
4493000 226092
4494000 226091
4495000 226079
4496000 226072
4497000 226052
4498000 226076
4499000 226083
4500000 226063
4501000 226070
4502000 226066
4503000 226075
4504000 226069
4505000 226064
4506000 226078
4507000 226063
4508000 226045
4509000 226072
4510000 226054
4511000 226074
4512000 226096
4513000 226082
4514000 226086
4515000 226075
4516000 226082
4517000 226113
4518000 226117
4519000 226123
4520000 226132
4521000 226134
4522000 226131
4523000 226120
4524000 226122
4525000 226123
4526000 226106
4527000 226105
4528000 226123
4529000 226113
4530000 226102
4531000 226105
4532000 226068
4533000 226103
4534000 226117
4535000 226116
4536000 226097
4537000 226108
4538000 226102
4539000 226094
4540000 226130
4541000 226134
4542000 226134
4543000 226113
4544000 226090
4545000 226105
4546000 226096
4547000 226135
4548000 226111
4549000 226086
4550000 226082
4551000 226083
4552000 226111
4553000 226097
4554000 226114
4555000 226105
4556000 226122
4557000 226109
4558000 226098
4559000 226076
4560000 226075
4561000 226084
4562000 226076
4563000 226077
4564000 226082
4565000 226069
4566000 226067
4567000 226073
4568000 226042
4569000 226043
4570000 226057
4571000 226065
4572000 226048
4573000 226048
4574000 226036
4575000 226039
4576000 226077
4577000 226060
4578000 226047
4579000 226057
4580000 226041
4581000 226041
4582000 226049
4583000 226055
4584000 226054
4585000 226052
4586000 226041
4587000 226041
4588000 226037
4589000 226041
4590000 226045
4591000 226017
4592000 226035
4593000 226056
4594000 226099
4595000 226102
4596000 226116
4597000 226096
4598000 226082
4599000 226069
4600000 226060
4601000 226072
4602000 226047
4603000 226068
4604000 226063
4605000 226047
4606000 226058
4607000 226066
4608000 226081
4609000 226099
4610000 226129
4611000 226119
4612000 226139
4613000 226144
4614000 226120
4615000 226104
4616000 226105
4617000 226085
4618000 226093
4619000 226102
4620000 226099
4621000 226107
4622000 226116
4623000 226113
4624000 226103
4625000 226115
4626000 226102
4627000 226102
4628000 226098
4629000 226095
4630000 226100
4631000 226117
4632000 226107
4633000 226099
4634000 226096
4635000 226113
4636000 226099
4637000 226112
4638000 226098
4639000 226109
4640000 226104
4641000 226104
4642000 226108
4643000 226089
4644000 226079
4645000 226077
4646000 226077
4647000 226097
4648000 226111
4649000 226128
4650000 226113
4651000 226121
4652000 226142
4653000 226146
4654000 226152
4655000 226151
4656000 226147
4657000 226136
4658000 226128
4659000 226134
4660000 226100
4661000 226071
4662000 226060
4663000 226048
4664000 226047
4665000 226047
4666000 226040
4667000 226038
4668000 226036
4669000 226041
4670000 226029
4671000 226015
4672000 226010
4673000 225990
4674000 226012
4675000 226037
4676000 226023
4677000 226023
4678000 226022
4679000 226006
4680000 225990
4681000 225999
4682000 226011
4683000 226002
4684000 225992
4685000 226006
4686000 225971
4687000 225987
4688000 225979
4689000 226003
4690000 226004
4691000 226013
4692000 226012
4693000 226011
4694000 226008
4695000 226008
4696000 226016
4697000 226004
4698000 226020
4699000 226025
4700000 226049
4701000 226069
4702000 226074
4703000 226079
4704000 226077
4705000 226103
4706000 226107
4707000 226073
4708000 226071
4709000 226055
4710000 226047
4711000 226052
4712000 226044
4713000 226033
4714000 226011
4715000 226033
4716000 226025
4717000 226015
4718000 226010
4719000 226011
4720000 226006
4721000 225977
4722000 225992
4723000 225984
4724000 225983
4725000 225988
4726000 225981
4727000 225991
4728000 225996
4729000 225993
4730000 225988
4731000 225979
4732000 225989
4733000 225989
4734000 225996
4735000 226009
4736000 225978
4737000 225987
4738000 225985
4739000 226000
4740000 226004
4741000 225981
4742000 226005
4743000 225996
4744000 225999
4745000 225993
4746000 226026
4747000 226006
4748000 226014
4749000 226024
4750000 226006
4751000 225997
4752000 225983
4753000 225985
4754000 226017
4755000 225989
4756000 225979
4757000 225964
4758000 225955
4759000 225951
4760000 225943
4761000 225944
4762000 225944
4763000 225955
4764000 225960
4765000 225937
4766000 225939
4767000 225935
4768000 225958
4769000 225943
4770000 225954
4771000 225982
4772000 225983
4773000 225959
4774000 225946
4775000 225951
4776000 225958
4777000 225966
4778000 225964
4779000 225941
4780000 225918
4781000 225951
4782000 225940
4783000 225964
4784000 225970
4785000 225977
4786000 225975
4787000 225966
4788000 225958
4789000 225976
4790000 226011
4791000 225985
4792000 225962
4793000 225976
4794000 226002
4795000 225999
4796000 226000
4797000 225976
4798000 225968
4799000 225954
4800000 225958
4801000 225976
4802000 225954
4803000 225973
4804000 225975
4805000 225974
4806000 225960
4807000 225940
4808000 225914
4809000 225901
4810000 225873
4811000 225883
4812000 225898
4813000 225917
4814000 225947
4815000 225952
4816000 225969
4817000 225942
4818000 225949
4819000 225965
4820000 225954
4821000 225950
4822000 225948
4823000 225977
4824000 225965
4825000 225934
4826000 225936
4827000 225947
4828000 225937
4829000 225933
4830000 225932
4831000 225934
4832000 225948
4833000 225950
4834000 225930
4835000 225940
4836000 225960
4837000 225929
4838000 225937
4839000 225952
4840000 225955
4841000 225943
4842000 225939
4843000 225924
4844000 225915
4845000 225923
4846000 225919
4847000 225899
4848000 225901
4849000 225898
4850000 225885
4851000 225908
4852000 225925
4853000 225936
4854000 225944
4855000 225957
4856000 225965
4857000 225979
4858000 225959
4859000 225964
4860000 225966
4861000 225983
4862000 225963
4863000 225986
4864000 225986
4865000 225987
4866000 225976
4867000 225997
4868000 226007
4869000 226015
4870000 226010
4871000 226022
4872000 226013
4873000 226001
4874000 226002
4875000 226030
4876000 226052
4877000 226077
4878000 226077
4879000 226060
4880000 226075
4881000 226064
4882000 226067
4883000 226093
4884000 226084
4885000 226074
4886000 226062
4887000 226059
4888000 226057
4889000 226068
4890000 226064
4891000 226052
4892000 226059
4893000 226078
4894000 226077
4895000 226058
4896000 226030
4897000 226034
4898000 226007
4899000 226025
4900000 226007
4901000 225993
4902000 226005
4903000 225991
4904000 225981
4905000 226001
4906000 226001
4907000 225994
4908000 225975
4909000 225978
4910000 225978
4911000 225968
4912000 225965
4913000 225946
4914000 225971
4915000 225979
4916000 225987
4917000 225981
4918000 226010
4919000 225994
4920000 225997
4921000 225988
4922000 225994
4923000 226000
4924000 226000
4925000 226014
4926000 226035
4927000 226041
4928000 226027
4929000 226032
4930000 226004
4931000 226000
4932000 226005
4933000 225984
4934000 226017
4935000 226012
4936000 226019
4937000 225999
4938000 226021
4939000 226039
4940000 226029
4941000 226029
4942000 226052
4943000 226060
4944000 226060
4945000 226064
4946000 226064
4947000 226054
4948000 226049
4949000 226059
4950000 226052
4951000 226036
4952000 226043
4953000 226049
4954000 226072
4955000 226087
4956000 226113
4957000 226117
4958000 226125
4959000 226107
4960000 226092
4961000 226114
4962000 226114
4963000 226114
4964000 226125
4965000 226128
4966000 226114
4967000 226111
4968000 226108
4969000 226115
4970000 226125
4971000 226132
4972000 226144
4973000 226163
4974000 226164
4975000 226149
4976000 226161
4977000 226162
4978000 226188
4979000 226186
4980000 226195
4981000 226207
4982000 226209
4983000 226216
4984000 226231
4985000 226232
4986000 226263
4987000 226257
4988000 226264
4989000 226251
4990000 226267
4991000 226249
4992000 226244
4993000 226252
4994000 226239
4995000 226246
4996000 226252
4997000 226245
4998000 226253
4999000 226244
5000000 226225
5001000 226218
5002000 226218
5003000 226218
5004000 226227
5005000 226239
5006000 226263
5007000 226250
5008000 226250
5009000 226239
5010000 226266
5011000 226279
5012000 226281
5013000 226268
5014000 226278
5015000 226257
5016000 226259
5017000 226241
5018000 226247
5019000 226247
5020000 226261
5021000 226276
5022000 226300
5023000 226298
5024000 226324
5025000 226318
5026000 226289
5027000 226296
5028000 226296
5029000 226317
5030000 226321
5031000 226317
5032000 226344
5033000 226351
5034000 226358
5035000 226375
5036000 226373
5037000 226369
5038000 226359
5039000 226352
5040000 226346
5041000 226354
5042000 226376
5043000 226374
5044000 226396
5045000 226398
5046000 226419
5047000 226403
5048000 226405
5049000 226385
5050000 226388
5051000 226397
5052000 226404
5053000 226434
5054000 226407
5055000 226411
5056000 226405
5057000 226405
5058000 226395
5059000 226415
5060000 226407
5061000 226373
5062000 226370
5063000 226361
5064000 226373
5065000 226363
5066000 226360
5067000 226384
5068000 226361
5069000 226336
5070000 226319
5071000 226368
5072000 226368
5073000 226371
5074000 226359
5075000 226347
5076000 226340
5077000 226322
5078000 226302
5079000 226285
5080000 226273
5081000 226270
5082000 226278
5083000 226292
5084000 226326
5085000 226336
5086000 226340
5087000 226330
5088000 226328
5089000 226334
5090000 226314
5091000 226302
5092000 226293
5093000 226310
5094000 226294
5095000 226299
5096000 226301
5097000 226292
5098000 226322
5099000 226339
5100000 226337
5101000 226343
5102000 226355
5103000 226370
5104000 226368
5105000 226356
5106000 226359
5107000 226347
5108000 226352
5109000 226318
5110000 226292
5111000 226299
5112000 226303
5113000 226311
5114000 226345
5115000 226353
5116000 226348
5117000 226327
5118000 226352
5119000 226353
5120000 226319
5121000 226332
5122000 226342
5123000 226345
5124000 226382
5125000 226404
5126000 226429
5127000 226431
5128000 226432
5129000 226421
5130000 226411
5131000 226387
5132000 226402
5133000 226430
5134000 226421
5135000 226421
5136000 226428
5137000 226402
5138000 226411
5139000 226394
5140000 226397
5141000 226418
5142000 226429
5143000 226414
5144000 226430
5145000 226440
5146000 226432
5147000 226410
5148000 226451
5149000 226427
5150000 226427
5151000 226458
5152000 226477
5153000 226492
5154000 226478
5155000 226494
5156000 226509
5157000 226521
5158000 226543
5159000 226510
5160000 226489
5161000 226482
5162000 226483
5163000 226505
5164000 226499
5165000 226507
5166000 226485
5167000 226448
5168000 226475
5169000 226460
5170000 226432
5171000 226439
5172000 226444
5173000 226472
5174000 226477
5175000 226504
5176000 226504
5177000 226508
5178000 226515
5179000 226530
5180000 226514
5181000 226539
5182000 226544
5183000 226519
5184000 226535
5185000 226528
5186000 226539
5187000 226544
5188000 226548
5189000 226558
5190000 226572
5191000 226592
5192000 226626
5193000 226638
5194000 226633
5195000 226631
5196000 226647
5197000 226619
5198000 226615
5199000 226600
5200000 226584
5201000 226598
5202000 226590
5203000 226588
5204000 226599
5205000 226599
5206000 226615
5207000 226611
5208000 226613
5209000 226605
5210000 226602
5211000 226600
5212000 226628
5213000 226630
5214000 226637
5215000 226659
5216000 226672
5217000 226685
5218000 226669
5219000 226691
5220000 226701
5221000 226680
5222000 226681
5223000 226673
5224000 226661
5225000 226679
5226000 226685
5227000 226692
5228000 226713
5229000 226714
5230000 226709
5231000 226721
5232000 226728
5233000 226729
5234000 226739
5235000 226757
5236000 226756
5237000 226741
5238000 226733
5239000 226744
5240000 226750
5241000 226761
5242000 226733
5243000 226747
5244000 226747
5245000 226730
5246000 226748
5247000 226751
5248000 226729
5249000 226748
5250000 226748
5251000 226765
5252000 226761
5253000 226792
5254000 226777
5255000 226787
5256000 226799
5257000 226784
5258000 226779
5259000 226770
5260000 226761
5261000 226740
5262000 226729
5263000 226746
5264000 226747
5265000 226757
5266000 226792
5267000 226804
5268000 226793
5269000 226794
5270000 226789
5271000 226781
5272000 226767
5273000 226795
5274000 226814
5275000 226830
5276000 226863
5277000 226872
5278000 226831
5279000 226824
5280000 226807
5281000 226837
5282000 226832
5283000 226834
5284000 226830
5285000 226837
5286000 226883
5287000 226874
5288000 226911
5289000 226899
5290000 226895
5291000 226909
5292000 226902
5293000 226920
5294000 226925
5295000 226938
5296000 226954
5297000 226961
5298000 226959
5299000 226961
5300000 226947
5301000 226959
5302000 226954
5303000 226944
5304000 226943
5305000 226958
5306000 226954
5307000 226946
5308000 226918
5309000 226923
5310000 226912
5311000 226899
5312000 226877
5313000 227060
5314000 227107
5315000 227115
5316000 227104
5317000 227134
5318000 227148
5319000 227165
5320000 227155
5321000 227151
5322000 227181
5323000 227178
5324000 227186
5325000 227219
5326000 227221
5327000 227237
5328000 227245
5329000 227235
5330000 227233
5331000 227257
5332000 227262
5333000 227275
5334000 227288
5335000 227302
5336000 227301
5337000 227328
5338000 227336
5339000 227348
5340000 227350
5341000 227339
5342000 227342
5343000 227341
5344000 227362
5345000 227389
5346000 227374
5347000 227369
5348000 227370
5349000 227384
5350000 227378
5351000 227397
5352000 227419
5353000 227410
5354000 227417
5355000 227410
5356000 227413
5357000 227413
5358000 227428
5359000 227445
5360000 227425
5361000 227437
5362000 227458
5363000 227480
5364000 227499
5365000 227529
5366000 227517
5367000 227501
5368000 227518
5369000 227504
5370000 227510
5371000 227565
5372000 227569
5373000 227582
5374000 227570
5375000 227579
5376000 227605
5377000 227622
5378000 227608
5379000 227623
5380000 227612
5381000 227649
5382000 227673
5383000 227677
5384000 227660
5385000 227656
5386000 227666
5387000 227700
5388000 227726
5389000 227751
5390000 227746
5391000 227750
5392000 227753
5393000 227762
5394000 227775
5395000 227786
5396000 227820
5397000 227831
5398000 227830
5399000 227867
5400000 227896
5401000 227908
5402000 227928
5403000 227959
5404000 227959
5405000 227979
5406000 228005
5407000 227988
5408000 227985
5409000 227993
5410000 228009
5411000 228021
5412000 228039
5413000 228054
5414000 228090
5415000 228099
5416000 228126
5417000 228136
5418000 228146
5419000 228144
5420000 228133
5421000 228180
5422000 228216
5423000 228243
5424000 228261
5425000 228274
5426000 228290
5427000 228287
5428000 228269
5429000 228283
5430000 228298
5431000 228308
5432000 228340
5433000 228370
5434000 228363
5435000 228370
5436000 228388
5437000 228410
5438000 228421
5439000 228464
5440000 228473
5441000 228462
5442000 228478
5443000 228477
5444000 228505
5445000 228521
5446000 228523
5447000 228540
5448000 228574
5449000 228567
5450000 228560
5451000 228566
5452000 228568
5453000 228581
5454000 228591
5455000 228609
5456000 228612
5457000 228621
5458000 228620
5459000 228624
5460000 228635
5461000 228661
5462000 228678
5463000 228701
5464000 228709
5465000 228732
5466000 228709
5467000 228731
5468000 228758
5469000 228764
5470000 228770
5471000 228788
5472000 228798
5473000 228848
5474000 228853
5475000 228850
5476000 228887
5477000 228886
5478000 228906
5479000 228914
5480000 228920
5481000 228946
5482000 228961
5483000 228963
5484000 228987
5485000 228984
5486000 229004
5487000 228998
5488000 229016
5489000 229054
5490000 229065
5491000 229098
5492000 229137
5493000 229144
5494000 229143
5495000 229163
5496000 229182
5497000 229196
5498000 229212
5499000 229220
5500000 229224
5501000 229236
5502000 229245
5503000 229266
5504000 229282
5505000 229264
5506000 229262
5507000 229261
5508000 229273
5509000 229286
5510000 229298
5511000 229306
5512000 229324
5513000 229343
5514000 229369
5515000 229378
5516000 229370
5517000 229355
5518000 229384
5519000 229414
5520000 229457
5521000 229472
5522000 229478
5523000 229463
5524000 229500
5525000 229501
5526000 229528
5527000 229545
5528000 229595
5529000 229598
5530000 229616
5531000 229640
5532000 229643
5533000 229683
5534000 229709
5535000 229704
5536000 229714
5537000 229738
5538000 229776
5539000 229805
5540000 229795
5541000 229809
5542000 229836
5543000 229841
5544000 229866
5545000 229871
5546000 229894
5547000 229914
5548000 229937
5549000 229934
5550000 229909
5551000 229908
5552000 229926
5553000 229922
5554000 229927
5555000 229934
5556000 229950
5557000 229973
5558000 229958
5559000 229965
5560000 229971
5561000 229984
5562000 229983
5563000 229973
5564000 229968
5565000 229964
5566000 229980
5567000 229984
5568000 230004
5569000 230030
5570000 230029
5571000 230055
5572000 230053
5573000 230075
5574000 230093
5575000 230115
5576000 230129
5577000 230113
5578000 230131
5579000 230113
5580000 230126
5581000 230127
5582000 230161
5583000 230195
5584000 230243
5585000 230265
5586000 230282
5587000 230298
5588000 230321
5589000 230328
5590000 230326
5591000 230370
5592000 230407
5593000 230417
5594000 230456
5595000 230469
5596000 230485
5597000 230516
5598000 230533
5599000 230548
5600000 230574
5601000 230608
5602000 230655
5603000 230693
5604000 230702
5605000 230724
5606000 230742
5607000 230748
5608000 230724
5609000 230730
5610000 230728
5611000 230749
5612000 230775
5613000 230776
5614000 230807
5615000 230809
5616000 230845
5617000 230852
5618000 230891
5619000 230893
5620000 230919
5621000 230948
5622000 230954
5623000 230980
5624000 231009
5625000 230989
5626000 231007
5627000 231026
5628000 231054
5629000 231080
5630000 231094
5631000 231088
5632000 231090
5633000 231090
5634000 231084
5635000 231127
5636000 231137
5637000 231160
5638000 231150
5639000 231159
5640000 231158
5641000 231160
5642000 231171
5643000 231179
5644000 231181
5645000 231173
5646000 231192
5647000 231214
5648000 231234
5649000 231266
5650000 231273
5651000 231281
5652000 231287
5653000 231285
5654000 231294
5655000 231322
5656000 231363
5657000 231349
5658000 231355
5659000 231377
5660000 231388
5661000 231389
5662000 231398
5663000 231424
5664000 231445
5665000 231456
5666000 231480
5667000 231500
5668000 231511
5669000 231551
5670000 231574
5671000 231626
5672000 231659
5673000 231679
5674000 231711
5675000 231716
5676000 231720
5677000 231758
5678000 231782
5679000 231797
5680000 231826
5681000 231851
5682000 231875
5683000 231887
5684000 231902
5685000 231911
5686000 231911
5687000 231929
5688000 231935
5689000 231954
5690000 231941
5691000 231972
5692000 231978
5693000 231992
5694000 232011
5695000 232011
5696000 232026
5697000 232054
5698000 232084
5699000 232100
5700000 232110
5701000 232137
5702000 232148
5703000 232183
5704000 232173
5705000 232171
5706000 232178
5707000 232191
5708000 232183
5709000 232193
5710000 232187
5711000 232190
5712000 232231
5713000 232240
5714000 232265
5715000 232256
5716000 232265
5717000 232286
5718000 232302
5719000 232316
5720000 232332
5721000 232334
5722000 232352
5723000 232369
5724000 232404
5725000 232413
5726000 232446
5727000 232447
5728000 232434
5729000 232440
5730000 232426
5731000 232446
5732000 232452
5733000 232483
5734000 232494
5735000 232492
5736000 232510
5737000 232512
5738000 232517
5739000 232545
5740000 232561
5741000 232607
5742000 232629
5743000 232642
5744000 232668
5745000 232664
5746000 232710
5747000 232726
5748000 232741
5749000 232749
5750000 232762
5751000 232772
5752000 232781
5753000 232816
5754000 232846
5755000 232858
5756000 232863
5757000 232871
5758000 232880
5759000 232882
5760000 232925
5761000 232915
5762000 232923
5763000 232942
5764000 232972
5765000 232978
5766000 233001
5767000 232984
5768000 232993
5769000 232991
5770000 233019
5771000 233033
5772000 233056
5773000 233068
5774000 233082
5775000 233112
5776000 233133
5777000 233167
5778000 233223
5779000 233211
5780000 233223
5781000 233253
5782000 233307
5783000 233335
5784000 233327
5785000 233344
5786000 233384
5787000 233409
5788000 233431
5789000 233452
5790000 233461
5791000 233493
5792000 233537
5793000 233558
5794000 233574
5795000 233586
5796000 233604
5797000 233596
5798000 233600
5799000 233609
5800000 233628
5801000 233653
5802000 233679
5803000 233677
5804000 233678
5805000 233670
5806000 233664
5807000 233660
5808000 233694
5809000 233676
5810000 233700
5811000 233721
5812000 233719
5813000 233749
5814000 233777
5815000 233789
5816000 233795
5817000 233801
5818000 233819
5819000 233855
5820000 233854
5821000 233878
5822000 233894
5823000 233894
5824000 233902
5825000 233906
5826000 233938
5827000 233970
5828000 233984
5829000 233959
5830000 233992
5831000 233988
5832000 234013
5833000 234032
5834000 234037
5835000 234068
5836000 234082
5837000 234098
5838000 234123
5839000 234133
5840000 234142
5841000 234165
5842000 234200
5843000 234185
5844000 234204
5845000 234218
5846000 234230
5847000 234230
5848000 234231
5849000 234249
5850000 234260
5851000 234288
5852000 234324
5853000 234336
5854000 234369
5855000 234375
5856000 234406
5857000 234414
5858000 234454
5859000 234467
5860000 234475
5861000 234493
5862000 234519
5863000 234528
5864000 234525
5865000 234564
5866000 234593
5867000 234586
5868000 234610
5869000 234629
5870000 234647
5871000 234652
5872000 234665
5873000 234697
5874000 234731
5875000 234763
5876000 234778
5877000 234820
5878000 234832
5879000 234823
5880000 234840
5881000 234891
5882000 234915
5883000 234932
5884000 234940
5885000 234982
5886000 235023
5887000 235038
5888000 235034
5889000 235044
5890000 235038
5891000 235053
5892000 235095
5893000 235093
5894000 235115
5895000 235146
5896000 235173
5897000 235171
5898000 235193
5899000 235193
5900000 235183
5901000 235208
5902000 235226
5903000 235251
5904000 235252
5905000 235285
5906000 235306
5907000 235336
5908000 235355
5909000 235365
5910000 235403
5911000 235435
5912000 235452
5913000 235496
5914000 235468
5915000 235514
5916000 235520
5917000 235503
5918000 235506
5919000 235519
5920000 235546
5921000 235576
5922000 235617
5923000 235625
5924000 235670
5925000 235685
5926000 235714
5927000 235720
5928000 235735
5929000 235734
5930000 235755
5931000 235789
5932000 235842
5933000 235843
5934000 235850
5935000 235869
5936000 235868
5937000 235906
5938000 235927
5939000 235932
5940000 235971
5941000 235993
5942000 236021
5943000 236054
5944000 236042
5945000 236051
5946000 236060
5947000 236078
5948000 236115
5949000 236154
5950000 236140
5951000 236182
5952000 236212
5953000 236245
5954000 236256
5955000 236251
5956000 236251
5957000 236242
5958000 236227
5959000 236267
5960000 236283
5961000 236298
5962000 236334
5963000 236333
5964000 236330
5965000 236371
5966000 236410
5967000 236415
5968000 236408
5969000 236396
5970000 236416
5971000 236427
5972000 236448
5973000 236451
5974000 236477
5975000 236501
5976000 236487
5977000 236508
5978000 236521
5979000 236539
5980000 236560
5981000 236576
5982000 236599
5983000 236637
5984000 236641
5985000 236678
5986000 236692
5987000 236688
5988000 236696
5989000 236707
5990000 236703
5991000 236724
5992000 236750
5993000 236744
5994000 236741
5995000 236776
5996000 236799
5997000 236789
5998000 236799
5999000 236796
6000000 236808
6001000 236830
6002000 236845
6003000 236877
6004000 236912
6005000 236965
6006000 236991
6007000 236988
6008000 236999
