0 251362
1000 251149
2000 251093
3000 250992
4000 250579
5000 250225
6000 249589
7000 249024
8000 248539
9000 247920
10000 247520
11000 246960
12000 246522
13000 246189
14000 245766
15000 245536
16000 245193
17000 244922
18000 244800
19000 244559
20000 244513
21000 244273
22000 244116
23000 244067
24000 243904
25000 243876
26000 243700
27000 243587
28000 243561
29000 243427
30000 243410
31000 243239
32000 243142
33000 243141
34000 243027
35000 243047
36000 242894
37000 242815
38000 242834
39000 242729
40000 242778
41000 242680
42000 242614
43000 242662
44000 242591
45000 242641
46000 242552
47000 242521
48000 242556
49000 242498
50000 242594
51000 242487
52000 242449
53000 242504
54000 242445
55000 242509
56000 242407
57000 242393
58000 242435
59000 242348
60000 242408
61000 242321
62000 242264
63000 242247
64000 242166
65000 242196
66000 242078
67000 242000
68000 242022
69000 241917
70000 241978
71000 241874
72000 241824
73000 241844
74000 241744
75000 241785
76000 241686
77000 241647
78000 241676
79000 241584
80000 241647
81000 241552
82000 241542
83000 241575
84000 241517
85000 241577
86000 241513
87000 241492
88000 241510
89000 241438
90000 241496
91000 241414
92000 241386
93000 241432
94000 241374
95000 241435
96000 241376
97000 241367
98000 241404
99000 241345
100000 241418
101000 241359
102000 241325
103000 241377
104000 241322
105000 241401
106000 241334
107000 241309
108000 241365
109000 241311
110000 241380
111000 241293
112000 241267
113000 241310
114000 241258
115000 241333
116000 241259
117000 241234
118000 241275
119000 241205
120000 241287
121000 241204
122000 241174
123000 241218
124000 241164
125000 241250
126000 241173
127000 241150
128000 241199
129000 241153
130000 241219
131000 241165
132000 241148
133000 241209
134000 241145
135000 241211
136000 241157
137000 241143
138000 241197
139000 241135
140000 241205
141000 241124
142000 241119
143000 241172
144000 241140
145000 241222
146000 241155
147000 241146
148000 241187
149000 241130
150000 241209
151000 241126
152000 241113
153000 241157
154000 241126
155000 241211
156000 241149
157000 241126
158000 241166
159000 241126
160000 241189
161000 241110
162000 241090
163000 241137
164000 241076
165000 241152
166000 241069
167000 241041
168000 241073
169000 240995
170000 241047
171000 240987
172000 240972
173000 241007
174000 240946
175000 241029
176000 240976
177000 240967
178000 241022
179000 240985
180000 241054
181000 240990
182000 240972
183000 241004
184000 240965
185000 241025
186000 240976
187000 240953
188000 241006
189000 240952
190000 241012
191000 240933
192000 240924
193000 240975
194000 240907
195000 240977
196000 240919
197000 240915
198000 240962
199000 240912
200000 240975
201000 240909
202000 240893
203000 240939
204000 240911
205000 240992
206000 240914
207000 240912
208000 240956
209000 240905
210000 240979
211000 240905
212000 240885
213000 240937
214000 240875
215000 240974
216000 240900
217000 240867
218000 240910
219000 240852
220000 240921
221000 240853
222000 240834
223000 240897
224000 240839
225000 240915
226000 240846
227000 240823
228000 240869
229000 240817
230000 240876
231000 240823
232000 240810
233000 240847
234000 240793
235000 240874
236000 240785
237000 240774
238000 240827
239000 240771
240000 240839
241000 240783
242000 240763
243000 240804
244000 240752
245000 240814
246000 240760
247000 240743
248000 240779
249000 240724
250000 240783
251000 240713
252000 240691
253000 240726
254000 240684
255000 240760
256000 240682
257000 240667
258000 240685
259000 240639
260000 240685
261000 240621
262000 240613
263000 240661
264000 240597
265000 240651
266000 240588
267000 240569
268000 240592
269000 240536
270000 240597
271000 240529
272000 240527
273000 240568
274000 240510
275000 240584
276000 240501
277000 240477
278000 240530
279000 240484
280000 240534
281000 240461
282000 240441
283000 240474
284000 240413
285000 240476
286000 240399
287000 240370
288000 240408
289000 240340
290000 240391
291000 240322
292000 240300
293000 240331
294000 240270
295000 240322
296000 240238
297000 240208
298000 240252
299000 240203
300000 240252
301000 240185
302000 240164
303000 240184
304000 240117
305000 240162
306000 240094
307000 240091
308000 240117
309000 240067
310000 240134
311000 240060
312000 240045
313000 240088
314000 240015
315000 240061
316000 239995
317000 239972
318000 240019
319000 239955
320000 240023
321000 239943
322000 239920
323000 239939
324000 239870
325000 239931
326000 239867
327000 239843
328000 239889
329000 239830
330000 239879
331000 239815
332000 239784
333000 239824
334000 239768
335000 239812
336000 239728
337000 239692
338000 239728
339000 239670
340000 239736
341000 239648
342000 239630
343000 239647
344000 239605
345000 239663
346000 239597
347000 239587
348000 239608
349000 239539
350000 239589
351000 239505
352000 239488
353000 239536
354000 239473
355000 239544
356000 239453
357000 239418
358000 239460
359000 239389
360000 239456
361000 239366
362000 239332
363000 239381
364000 239330
365000 239389
366000 239300
367000 239266
368000 239304
369000 239244
370000 239299
371000 239214
372000 239191
373000 239212
374000 239158
375000 239219
376000 239154
377000 239134
378000 239157
379000 239112
380000 239173
381000 239089
382000 239060
383000 239080
384000 239021
385000 239061
386000 239001
387000 238970
388000 238999
389000 238927
390000 238982
391000 238899
392000 238866
393000 238914
394000 238844
395000 238897
396000 238816
397000 238797
398000 238828
399000 238757
400000 238810
401000 238750
402000 238722
403000 238755
404000 238708
405000 238771
406000 238684
407000 238655
408000 238688
409000 238615
410000 238671
411000 238596
412000 238571
413000 238613
414000 238567
415000 238631
416000 238546
417000 238536
418000 238570
419000 238507
420000 238574
421000 238515
422000 238490
423000 238528
424000 238472
425000 238543
426000 238463
427000 238449
428000 238473
429000 238411
430000 238458
431000 238405
432000 238381
433000 238429
434000 238372
435000 238420
436000 238329
437000 238296
438000 238317
439000 238270
440000 238344
441000 238250
442000 238210
443000 238267
444000 238214
445000 238281
446000 238197
447000 238170
448000 238209
449000 238152
450000 238208
451000 238132
452000 238115
453000 238155
454000 238109
455000 238176
456000 238091
457000 238067
458000 238091
459000 238027
460000 238088
461000 237997
462000 237960
463000 238009
464000 237955
465000 237999
466000 237927
467000 237911
468000 237945
469000 237890
470000 237943
471000 237879
472000 237864
473000 237897
474000 237858
475000 237943
476000 237867
477000 237831
478000 237865
479000 237807
480000 237868
481000 237792
482000 237761
483000 237806
484000 237752
485000 237814
486000 237743
487000 237708
488000 237735
489000 237669
490000 237716
491000 237638
492000 237615
493000 237647
494000 237578
495000 237649
496000 237555
497000 237524
498000 237562
499000 237510
500000 237571
501000 237482
502000 237458
503000 237492
504000 237442
505000 237512
506000 237427
507000 237405
508000 237412
509000 237349
510000 237409
511000 237313
512000 237273
513000 237310
514000 237266
515000 237312
516000 237242
517000 237223
518000 237259
519000 237185
520000 237242
521000 237173
522000 237142
523000 237169
524000 237118
525000 237169
526000 237095
527000 237076
528000 237099
529000 237040
530000 237109
531000 237044
532000 237017
533000 237051
534000 236989
535000 237054
536000 236967
537000 236929
538000 236984
539000 236922
540000 236973
541000 236913
542000 236882
543000 236904
544000 236826
545000 236891
546000 236820
547000 236786
548000 236825
549000 236764
550000 236832
551000 236764
552000 236734
553000 236758
554000 236711
555000 236764
556000 236696
557000 236669
558000 236713
559000 236649
560000 236701
561000 236608
562000 236575
563000 236601
564000 236559
565000 236624
566000 236541
567000 236513
568000 236567
569000 236511
570000 236552
571000 236485
572000 236460
573000 236497
574000 236442
575000 236494
576000 236439
577000 236413
578000 236449
579000 236394
580000 236434
581000 236357
582000 236328
583000 236356
584000 236303
585000 236377
586000 236296
587000 236261
588000 236297
589000 236260
590000 236314
591000 236243
592000 236220
593000 236230
594000 236168
595000 236245
596000 236170
597000 236149
598000 236167
599000 236122
600000 236202
601000 236134
602000 236121
603000 236153
604000 236106
605000 236163
606000 236083
607000 236062
608000 236103
609000 236045
610000 236107
611000 236044
612000 236016
613000 236027
614000 235967
615000 236029
616000 235963
617000 235928
618000 235964
619000 235915
620000 235962
621000 235896
622000 235876
623000 235889
624000 235843
625000 235903
626000 235830
627000 235803
628000 235849
629000 235805
630000 235882
631000 235816
632000 235779
633000 235794
634000 235734
635000 235778
636000 235695
637000 235665
638000 235691
639000 235637
640000 235680
641000 235602
642000 235593
643000 235635
644000 235590
645000 235647
646000 235572
647000 235551
648000 235569
649000 235517
650000 235585
651000 235503
652000 235479
653000 235513
654000 235464
655000 235540
656000 235467
657000 235436
658000 235461
659000 235397
660000 235443
661000 235364
662000 235348
663000 235361
664000 235310
665000 235349
666000 235293
667000 235272
668000 235322
669000 235278
670000 235337
671000 235265
672000 235257
673000 235288
674000 235235
675000 235305
676000 235253
677000 235229
678000 235280
679000 235224
680000 235291
681000 235223
682000 235196
683000 235229
684000 235176
685000 235239
686000 235171
687000 235131
688000 235156
689000 235103
690000 235189
691000 235118
692000 235091
693000 235121
694000 235064
695000 235124
696000 235062
697000 235043
698000 235088
699000 235040
700000 235102
701000 235033
702000 235009
703000 235040
704000 234973
705000 235051
706000 234978
707000 234944
708000 234988
709000 234943
710000 234992
711000 234908
712000 234875
713000 234911
714000 234842
715000 234907
716000 234833
717000 234811
718000 234880
719000 234825
720000 234913
721000 234848
722000 234845
723000 234903
724000 234846
725000 234896
726000 234834
727000 234813
728000 234829
729000 234786
730000 234844
731000 234766
732000 234739
733000 234774
734000 234704
735000 234757
736000 234673
737000 234643
738000 234710
739000 234650
740000 234733
741000 234680
742000 234666
743000 234695
744000 234635
745000 234695
746000 234617
747000 234593
748000 234641
749000 234589
750000 234660
751000 234587
752000 234557
753000 234603
754000 234542
755000 234593
756000 234519
757000 234505
758000 234549
759000 234481
760000 234522
761000 234450
762000 234424
763000 234480
764000 234426
765000 234475
766000 234388
767000 234364
768000 234388
769000 234315
770000 234378
771000 234303
772000 234278
773000 234332
774000 234265
775000 234322
776000 234237
777000 234214
778000 234261
779000 234209
780000 234285
781000 234208
782000 234193
783000 234236
784000 234175
785000 234231
786000 234157
787000 234120
788000 234148
789000 234088
790000 234149
791000 234074
792000 234051
793000 234101
794000 234054
795000 234134
796000 234056
797000 234039
798000 234074
799000 234020
800000 234119
801000 234062
802000 234044
803000 234089
804000 234029
805000 234080
806000 234002
807000 233967
808000 234009
809000 233947
810000 234001
811000 233926
812000 233913
813000 233966
814000 233913
815000 233982
816000 233911
817000 233889
818000 233919
819000 233873
820000 233936
821000 233847
822000 233819
823000 233844
824000 233786
825000 233860
826000 233799
827000 233784
828000 233826
829000 233764
830000 233854
831000 233782
832000 233765
833000 233788
834000 233711
835000 233750
836000 233696
837000 233663
838000 233721
839000 233661
840000 233737
841000 233649
842000 233634
843000 233696
844000 233645
845000 233726
846000 233659
847000 233640
848000 233679
849000 233631
850000 233705
851000 233648
852000 233623
853000 233665
854000 233618
855000 233682
856000 233604
857000 233572
858000 233613
859000 233545
860000 233583
861000 233516
862000 233490
863000 233530
864000 233482
865000 233565
866000 233488
867000 233479
868000 233524
869000 233483
870000 233546
871000 233473
872000 233447
873000 233485
874000 233421
875000 233483
876000 233418
877000 233396
878000 233424
879000 233360
880000 233429
881000 233361
882000 233335
883000 233378
884000 233327
885000 233383
886000 233295
887000 233276
888000 233311
889000 233248
890000 233307
891000 233245
892000 233224
893000 233265
894000 233198
895000 233268
896000 233193
897000 233170
898000 233200
899000 233155
900000 233222
901000 233138
902000 233123
903000 233167
904000 233128
905000 233192
906000 233120
907000 233104
908000 233159
909000 233108
910000 233170
911000 233099
912000 233065
913000 233111
914000 233070
915000 233149
916000 233067
917000 233050
918000 233103
919000 233043
920000 233095
