0 9.58032
1000 9.5298
2000 9.65878
3000 9.66247
4000 9.69128
5000 9.67444
6000 9.65108
7000 9.6243
8000 9.54824
9000 9.54205
10000 9.42825
11000 9.45826
12000 9.35825
13000 9.34598
14000 9.27398
15000 9.20924
16000 9.21224
17000 9.11573
18000 9.14238
19000 9.02796
20000 9.03984
21000 8.97501
22000 8.94879
23000 8.92123
24000 8.86914
25000 8.85084
26000 8.80776
27000 8.7994
28000 8.74137
29000 8.73921
30000 8.68937
31000 8.71928
32000 8.6894
33000 8.68974
34000 8.69006
35000 8.6575
36000 8.71846
37000 8.64978
38000 8.72006
39000 8.65774
40000 8.66991
41000 8.68529
42000 8.62655
43000 8.67288
44000 8.58258
45000 8.63484
46000 8.60946
47000 8.61588
48000 8.61662
49000 8.59295
50000 8.60478
51000 8.59096
52000 8.60952
53000 8.58705
54000 8.60972
55000 8.56912
56000 8.60854
57000 8.5696
58000 8.56894
59000 8.55326
60000 8.51727
61000 8.56528
62000 8.48934
63000 8.53778
64000 8.46569
65000 8.47272
66000 8.46482
67000 8.41481
68000 8.44102
69000 8.37104
70000 8.40035
71000 8.37124
72000 8.37856
73000 8.36546
74000 8.3424
75000 8.3505
76000 8.33828
77000 8.3486
78000 8.33256
79000 8.33985
80000 8.31317
81000 8.33863
82000 8.32211
83000 8.32698
84000 8.3296
85000 8.29884
86000 8.35228
87000 8.28998
88000 8.34567
89000 8.29072
90000 8.30664
91000 8.31796
92000 8.28408
93000 8.32359
94000 8.27611
95000 8.30953
96000 8.30819
97000 8.30687
98000 8.31659
99000 8.2972
100000 8.30246
101000 8.31122
102000 8.30388
103000 8.29865
104000 8.29902
105000 8.27278
106000 8.31334
107000 8.27558
108000 8.29259
109000 8.28172
110000 8.26163
111000 8.30651
112000 8.25832
113000 8.30467
114000 8.25759
115000 8.27311
116000 8.28465
117000 8.25643
118000 8.29487
119000 8.24561
120000 8.27654
121000 8.26225
122000 8.27241
123000 8.26858
124000 8.25938
125000 8.25512
126000 8.27035
127000 8.25945
128000 8.25571
129000 8.25549
130000 8.22877
131000 8.28061
132000 8.22766
133000 8.27972
134000 8.23042
135000 8.24998
136000 8.26617
137000 8.23458
138000 8.27742
139000 8.22008
140000 8.25798
141000 8.24314
142000 8.25084
143000 8.25153
144000 8.23973
145000 8.24341
146000 8.25224
147000 8.25083
148000 8.24171
149000 8.25532
150000 8.2215
151000 8.27349
152000 8.22455
153000 8.26476
154000 8.2384
155000 8.22832
156000 8.26783
157000 8.21406
158000 8.26892
159000 8.20852
160000 8.24466
161000 8.23594
162000 8.23354
163000 8.25092
164000 8.2143
165000 8.24131
166000 8.21929
167000 8.23848
168000 8.21392
169000 8.22564
170000 8.2016
171000 8.2239
172000 8.21181
173000 8.20895
174000 8.2218
175000 8.18552
176000 8.24207
177000 8.18477
178000 8.23277
179000 8.19456
180000 8.19944
181000 8.2304
182000 8.1797
183000 8.23408
184000 8.17416
185000 8.21556
186000 8.20914
187000 8.20654
188000 8.21922
189000 8.18907
190000 8.20715
191000 8.20067
192000 8.20361
193000 8.19684
194000 8.1903
195000 8.17452
196000 8.20797
197000 8.18196
198000 8.19459
199000 8.18206
200000 8.1629
201000 8.21201
202000 8.15713
203000 8.20488
204000 8.16134
205000 8.17439
206000 8.19344
207000 8.15702
208000 8.20422
209000 8.14598
210000 8.1824
211000 8.17023
212000 8.1733
213000 8.18361
214000 8.16805
215000 8.17408
216000 8.16804
217000 8.17365
218000 8.16216
219000 8.16474
220000 8.14717
221000 8.18485
222000 8.15547
223000 8.18109
224000 8.16299
225000 8.1539
226000 8.19515
227000 8.14759
228000 8.19289
229000 8.1488
230000 8.16855
231000 8.18151
232000 8.15328
233000 8.18661
234000 8.14321
235000 8.16343
236000 8.16448
237000 8.15621
238000 8.17551
239000 8.149
240000 8.16134
241000 8.17048
242000 8.15997
243000 8.1655
244000 8.15396
245000 8.14501
246000 8.18091
247000 8.14507
248000 8.17413
249000 8.15256
250000 8.14869
251000 8.18482
252000 8.13734
253000 8.185
254000 8.13886
255000 8.15979
256000 8.16833
257000 8.14495
258000 8.178
259000 8.13632
260000 8.16933
261000 8.15735
262000 8.1654
263000 8.17135
264000 8.14808
265000 8.15757
266000 8.14646
267000 8.1547
268000 8.14168
269000 8.14298
270000 8.12286
271000 8.15755
272000 8.12943
273000 8.15043
274000 8.12983
275000 8.12364
276000 8.16305
277000 8.11486
278000 8.16228
279000 8.11686
280000 8.13667
281000 8.13981
282000 8.12242
283000 8.14525
284000 8.11149
285000 8.12927
286000 8.12282
287000 8.12469
288000 8.12377
289000 8.11713
290000 8.11397
291000 8.12675
292000 8.11714
293000 8.12223
294000 8.12261
295000 8.10274
296000 8.14349
297000 8.09794
298000 8.13911
299000 8.10195
300000 8.1123
301000 8.13523
302000 8.10058
303000 8.14372
304000 8.08936
305000 8.12336
306000 8.1144
307000 8.11404
308000 8.12255
309000 8.10147
310000 8.10851
311000 8.11149
312000 8.11274
313000 8.10474
314000 8.11051
315000 8.0865
316000 8.12359
317000 8.08753
318000 8.10943
319000 8.09034
320000 8.08161
321000 8.12361
322000 8.06895
323000 8.12662
324000 8.06156
325000 8.09831
326000 8.095
327000 8.08187
328000 8.11417
329000 8.06353
330000 8.10398
331000 8.08518
332000 8.09986
333000 8.08329
334000 8.08517
335000 8.06992
336000 8.10115
337000 8.07808
338000 8.08629
339000 8.08436
340000 8.05531
341000 8.11109
342000 8.04873
343000 8.10913
344000 8.05861
345000 8.077
346000 8.10406
347000 8.0571
348000 8.11576
349000 8.04632
350000 8.09677
351000 8.0745
352000 8.07869
353000 8.09241
354000 8.05688
355000 8.08515
356000 8.07207
357000 8.08544
358000 8.06474
359000 8.07607
360000 8.04393
361000 8.08746
362000 8.05113
363000 8.07882
364000 8.05531
365000 8.04607
366000 8.0907
367000 8.03344
368000 8.09646
369000 8.02911
370000 8.06503
371000 8.06492
372000 8.04689
373000 8.08252
374000 8.02968
375000 8.07
376000 8.05732
377000 8.06393
378000 8.06891
379000 8.05192
380000 8.05701
381000 8.05064
382000 8.06109
383000 8.03847
384000 8.05578
385000 8.02052
386000 8.06634
387000 8.03182
388000 8.04997
389000 8.041
390000 8.01896
391000 8.07603
392000 8.00997
393000 8.06387
394000 8.01032
395000 8.0285
396000 8.04907
397000 8.00804
398000 8.05991
399000 7.99301
400000 8.0436
401000 8.01749
402000 8.03086
403000 8.0277
404000 8.01206
405000 8.02257
406000 8.02493
407000 8.02611
408000 8.01393
409000 8.02047
410000 7.9934
411000 8.04071
412000 7.99995
413000 8.02422
414000 8.00921
415000 7.9947
416000 8.03972
417000 7.98392
418000 8.04665
419000 7.98402
420000 8.01878
421000 8.01522
422000 8.00166
423000 8.03363
424000 7.9828
425000 8.02007
426000 8.00083
427000 8.01882
428000 8.00667
429000 8.0065
430000 7.99669
431000 8.01502
432000 8.00596
433000 8.00301
434000 8.00465
435000 7.97878
436000 8.02441
437000 7.97395
438000 8.01783
439000 7.97942
440000 7.98398
441000 8.01199
442000 7.97392
443000 8.0252
444000 7.96659
445000 8.00156
446000 7.98996
447000 7.98182
448000 7.99877
449000 7.9662
450000 7.98852
451000 7.98583
452000 7.99186
453000 7.9904
454000 7.99247
455000 7.97974
456000 7.99849
457000 7.97947
458000 7.98872
459000 7.97993
460000 7.96359
461000 7.99968
462000 7.96341
463000 7.99355
464000 7.96439
465000 7.96836
466000 7.99261
467000 7.95811
468000 7.99573
469000 7.94762
470000 7.97534
471000 7.97112
472000 7.96525
473000 7.97916
474000 7.95225
475000 7.96828
476000 7.97617
477000 7.9698
478000 7.97398
479000 7.95972
480000 7.95073
481000 7.98014
482000 7.95182
483000 7.96985
484000 7.95495
485000 7.94798
486000 7.97591
487000 7.94633
488000 7.98002
489000 7.93965
490000 7.95549
491000 7.96739
492000 7.9431
493000 7.97263
494000 7.93173
495000 7.95574
496000 7.95585
497000 7.94569
498000 7.96071
499000 7.93977
500000 7.94827
501000 7.95775
502000 7.95016
503000 7.95222
504000 7.95272
505000 7.92813
506000 7.97375
507000 7.92759
508000 7.95905
509000 7.93924
510000 7.92693
511000 7.97295
512000 7.91758
513000 7.9801
514000 7.92265
515000 7.96296
516000 7.95885
517000 7.94821
518000 7.97287
519000 7.9296
520000 7.95853
521000 7.94084
522000 7.95445
523000 7.9373
524000 7.94644
525000 7.92942
526000 7.95792
527000 7.94276
528000 7.94487
529000 7.95075
530000 7.91806
531000 7.97696
532000 7.91456
533000 7.97125
534000 7.91958
535000 7.93623
536000 7.9538
537000 7.91451
538000 7.96017
539000 7.90213
540000 7.94264
541000 7.931
542000 7.933
543000 7.94451
544000 7.91658
545000 7.93512
546000 7.93102
547000 7.93619
548000 7.92907
549000 7.92733
550000 7.91091
551000 7.94282
552000 7.9143
553000 7.93546
554000 7.92005
555000 7.90895
556000 7.94644
557000 7.90334
558000 7.95134
559000 7.90071
560000 7.92919
561000 7.9246
562000 7.91298
563000 7.93408
564000 7.90588
565000 7.92681
566000 7.92896
567000 7.92806
568000 7.92393
569000 7.92607
570000 7.90532
571000 7.94469
572000 7.90627
573000 7.92801
574000 7.91364
575000 7.90288
576000 7.94486
577000 7.89829
578000 7.94692
579000 7.90147
580000 7.92044
581000 7.92167
582000 7.90484
583000 7.92459
584000 7.89114
585000 7.90937
586000 7.90514
587000 7.90902
588000 7.89588
589000 7.90532
590000 7.88492
591000 7.91552
592000 7.89168
593000 7.91084
594000 7.89949
595000 7.8802
596000 7.92587
597000 7.87154
598000 7.92243
599000 7.87802
600000 7.89371
601000 7.92257
602000 7.87909
603000 7.9362
604000 7.87212
605000 7.9181
606000 7.89614
607000 7.90533
608000 7.90788
609000 7.89151
610000 7.90241
611000 7.89914
612000 7.90988
613000 7.89559
614000 7.90624
615000 7.88106
616000 7.91935
617000 7.88654
618000 7.90541
619000 7.89891
620000 7.87863
621000 7.92746
622000 7.87267
623000 7.92368
624000 7.87496
625000 7.89821
626000 7.9136
627000 7.89107
628000 7.92619
629000 7.88495
630000 7.91072
631000 7.90539
632000 7.89694
633000 7.91342
634000 7.88656
635000 7.90068
636000 7.9035
637000 7.89852
638000 7.90661
639000 7.89522
640000 7.88932
641000 7.91417
642000 7.89174
643000 7.9134
644000 7.89124
645000 7.88997
646000 7.91612
647000 7.8806
648000 7.92206
649000 7.87234
650000 7.89607
651000 7.89977
652000 7.88335
653000 7.90333
654000 7.8693
655000 7.88514
656000 7.89165
657000 7.88061
658000 7.88711
659000 7.86974
660000 7.87052
661000 7.8904
662000 7.87145
663000 7.88801
664000 7.86847
665000 7.8685
666000 7.88933
667000 7.86908
668000 7.88608
669000 7.86783
670000 7.86853
671000 7.89612
672000 7.86837
673000 7.90051
674000 7.86614
675000 7.87779
676000 7.88946
677000 7.87192
678000 7.89823
679000 7.86513
680000 7.87997
681000 7.88134
682000 7.87215
683000 7.88308
684000 7.86583
685000 7.86916
686000 7.87728
687000 7.86645
688000 7.87636
689000 7.86523
690000 7.85552
691000 7.88501
692000 7.85625
693000 7.88189
694000 7.85405
695000 7.85595
696000 7.87627
697000 7.8491
698000 7.88562
699000 7.84236
700000 7.87149
701000 7.86631
702000 7.86297
703000 7.87311
704000 7.8461
705000 7.85607
706000 7.86156
707000 7.85689
708000 7.85413
709000 7.84949
710000 7.83503
711000 7.8713
712000 7.83693
713000 7.86587
714000 7.84284
715000 7.83519
716000 7.87288
717000 7.8283
718000 7.88055
719000 7.82428
720000 7.85454
721000 7.85485
722000 7.83944
723000 7.86396
724000 7.82624
725000 7.85545
726000 7.84596
727000 7.85634
728000 7.85056
729000 7.85188
730000 7.8399
731000 7.85782
732000 7.83968
733000 7.84638
734000 7.83742
735000 7.82173
736000 7.86105
737000 7.82146
738000 7.85307
739000 7.82019
740000 7.82286
741000 7.85262
742000 7.81267
743000 7.86174
744000 7.80048
745000 7.84117
746000 7.83494
747000 7.83061
748000 7.84499
749000 7.81386
750000 7.83771
751000 7.83202
752000 7.84469
753000 7.83782
754000 7.84053
755000 7.82276
756000 7.85215
757000 7.82327
758000 7.84291
759000 7.81905
760000 7.81264
761000 7.84998
762000 7.80605
763000 7.85927
764000 7.80192
765000 7.83513
766000 7.82482
767000 7.82159
768000 7.83296
769000 7.80644
770000 7.82166
771000 7.81251
772000 7.81842
773000 7.81222
774000 7.8145
775000 7.79847
776000 7.83513
777000 7.80096
778000 7.82918
779000 7.8066
780000 7.79697
781000 7.83304
782000 7.78696
783000 7.83463
784000 7.78313
785000 7.81298
786000 7.81653
787000 7.80004
788000 7.8218
789000 7.79123
790000 7.81093
791000 7.81159
792000 7.81006
793000 7.81825
794000 7.80864
795000 7.80444
796000 7.82339
797000 7.80797
798000 7.81976
799000 7.80826
800000 7.79172
801000 7.83601
802000 7.79025
803000 7.83185
804000 7.7936
805000 7.80368
806000 7.82291
807000 7.78766
808000 7.83259
809000 7.77338
810000 7.81528
811000 7.79938
812000 7.80658
813000 7.81608
814000 7.78966
815000 7.8073
816000 7.80237
817000 7.80975
818000 7.80637
819000 7.80858
820000 7.79392
821000 7.82449
822000 7.80226
823000 7.82133
824000 7.80877
825000 7.79325
826000 7.83057
827000 7.7917
828000 7.83499
829000 7.78659
830000 7.80237
831000 7.81863
832000 7.78745
833000 7.83048
834000 7.77471
835000 7.81355
836000 7.80502
837000 7.80737
838000 7.81
839000 7.79892
840000 7.80227
841000 7.81026
842000 7.80812
843000 7.80793
844000 7.80546
845000 7.78523
846000 7.81759
847000 7.78515
848000 7.81497
849000 7.79223
850000 7.79004
851000 7.83149
852000 7.78646
853000 7.83846
854000 7.79195
855000 7.81309
856000 7.8224
857000 7.79984
858000 7.82598
859000 7.78497
860000 7.80983
861000 7.80329
862000 7.80744
863000 7.8043
864000 7.79944
865000 7.79141
866000 7.81516
867000 7.79116
868000 7.81153
869000 7.79417
870000 7.78778
871000 7.82568
872000 7.78278
873000 7.82359
874000 7.78272
875000 7.79565
876000 7.81597
877000 7.78731
878000 7.82415
879000 7.77889
880000 7.80542
881000 7.80272
882000 7.79617
883000 7.80919
884000 7.78121
885000 7.79807
886000 7.79743
887000 7.7932
888000 7.79951
889000 7.78162
890000 7.78147
891000 7.79654
892000 7.78858
893000 7.80165
894000 7.78298
895000 7.77961
896000 7.79679
897000 7.77666
898000 7.79101
899000 7.78047
900000 7.77488
901000 7.80878
902000 7.77566
903000 7.81115
904000 7.78094
905000 7.79054
906000 7.80742
907000 7.78159
908000 7.81065
909000 7.77156
910000 7.79177
911000 7.79732
912000 7.78816
913000 7.80209
914000 7.77718
915000 7.78311
916000 7.79098
917000 7.78078
918000 7.79256
919000 7.78002
920000 7.77658
