2000   11
3000   40
4000   61
5000   0
6000   110
7000   9
8000   40
9000   54
10000   0
11000   76
12000   6
13000   27
14000   64
15000   1
16000   56
17000   5
18000   29
19000   59
20000   0
21000   76
22000   6
23000   31
24000   39
25000   5
26000   77
27000   12
28000   32
29000   42
30000   2
31000   67
32000   4
33000   37
34000   40
35000   1
36000   73
37000   4
38000   31
39000   44
40000   1
41000   61
42000   9
43000   30
44000   38
45000   3
46000   63
47000   8
48000   27
49000   36
50000   3
51000   69
52000   11
53000   23
54000   44
55000   1
56000   66
57000   8
58000   18
59000   38
60000   2
61000   48
62000   11
63000   27
64000   38
65000   1
66000   71
67000   11
68000   30
69000   42
70000   3
71000   65
72000   7
73000   21
74000   51
75000   2
76000   68
77000   8
78000   18
79000   47
80000   0
81000   64
82000   9
83000   33
84000   44
85000   1
86000   59
87000   9
88000   23
89000   44
90000   3
91000   69
92000   6
93000   20
94000   40
95000   2
96000   51
97000   7
98000   25
99000   48
100000   2
101000   59
102000   6
103000   23
104000   43
105000   2
106000   61
107000   10
108000   31
109000   43
110000   1
111000   76
112000   6
113000   25
114000   42
115000   4
116000   55
117000   11
118000   25
119000   57
120000   1
121000   63
122000   9
123000   33
124000   44
125000   1
126000   64
127000   9
128000   28
129000   41
130000   2
131000   48
132000   3
133000   26
134000   56
135000   3
136000   55
137000   14
138000   25
139000   53
140000   1
141000   72
142000   4
143000   25
144000   32
145000   2
146000   56
147000   6
148000   33
149000   34
150000   1
151000   67
152000   8
153000   20
154000   33
155000   2
156000   57
157000   5
158000   40
159000   37
160000   2
161000   63
162000   7
163000   31
164000   49
165000   1
166000   68
167000   12
168000   31
169000   64
170000   0
171000   50
172000   8
173000   34
174000   50
175000   3
176000   52
177000   3
178000   23
179000   35
180000   3
181000   60
182000   10
183000   35
184000   39
185000   3
186000   46
187000   8
188000   25
189000   40
190000   2
191000   70
192000   1
193000   28
194000   51
195000   1
196000   45
197000   5
198000   29
199000   42
200000   5
201000   54
202000   10
203000   22
204000   31
205000   2
206000   68
207000   4
208000   20
209000   41
210000   4
211000   69
212000   9
213000   20
214000   46
215000   0
216000   67
217000   11
218000   26
219000   40
220000   1
221000   59
222000   9
223000   26
224000   43
225000   3
226000   60
227000   10
228000   28
229000   40
230000   2
231000   51
232000   7
233000   19
234000   43
235000   0
236000   71
237000   6
238000   26
239000   39
240000   1
241000   54
242000   8
243000   28
244000   39
245000   0
246000   55
247000   7
248000   24
249000   44
250000   2
251000   63
252000   12
253000   20
254000   30
255000   2
256000   56
257000   7
258000   32
259000   32
260000   2
261000   57
262000   4
263000   14
264000   46
265000   2
266000   54
267000   5
268000   18
269000   38
270000   2
271000   50
272000   3
273000   29
274000   47
275000   0
276000   76
277000   7
278000   16
279000   41
280000   1
281000   48
282000   5
283000   23
284000   38
285000   3
286000   59
287000   7
288000   23
289000   40
290000   2
291000   64
292000   9
293000   17
294000   44
295000   0
296000   64
297000   8
298000   24
299000   40
300000   6
301000   56
302000   2
303000   31
304000   42
305000   4
306000   48
307000   5
308000   21
309000   42
310000   0
311000   52
312000   4
313000   25
314000   41
315000   1
316000   55
317000   5
318000   22
319000   40
320000   1
321000   71
322000   8
323000   31
324000   44
325000   1
326000   57
327000   2
328000   15
329000   44
330000   1
331000   53
332000   5
333000   15
334000   35
335000   3
336000   65
337000   12
338000   24
339000   44
340000   2
341000   64
342000   7
343000   24
344000   32
345000   0
346000   62
347000   8
348000   28
349000   42
350000   3
351000   63
352000   4
353000   23
354000   39
355000   1
356000   66
357000   9
358000   22
359000   45
360000   1
361000   61
362000   4
363000   26
364000   41
365000   1
366000   66
367000   5
368000   24
369000   47
370000   6
371000   63
372000   7
373000   25
374000   37
375000   4
376000   53
377000   8
378000   28
379000   29
380000   2
381000   57
382000   3
383000   31
384000   38
385000   0
386000   44
387000   7
388000   27
389000   50
390000   1
391000   68
392000   12
393000   22
394000   41
395000   1
396000   53
397000   7
398000   32
399000   43
400000   4
401000   55
402000   6
403000   17
404000   28
405000   2
406000   62
407000   5
408000   28
409000   41
410000   1
411000   57
412000   8
413000   21
414000   33
415000   2
416000   60
417000   4
418000   20
419000   44
420000   2
421000   42
422000   6
423000   22
424000   32
425000   3
426000   64
427000   3
428000   23
429000   43
430000   2
431000   42
432000   2
433000   26
434000   27
435000   3
436000   68
437000   2
438000   23
439000   37
440000   3
441000   62
442000   7
443000   20
444000   43
445000   2
446000   62
447000   14
448000   17
449000   44
450000   2
451000   50
452000   7
453000   20
454000   30
455000   2
456000   66
457000   8
458000   30
459000   35
460000   0
461000   57
462000   6
463000   24
464000   37
465000   1
466000   56
467000   7
468000   26
469000   38
470000   1
471000   49
472000   7
473000   28
474000   30
475000   3
476000   53
477000   11
478000   33
479000   45
480000   1
481000   53
482000   4
483000   23
484000   29
485000   0
486000   46
487000   5
488000   40
489000   51
490000   5
491000   58
492000   9
493000   23
494000   37
495000   2
496000   72
497000   6
498000   26
499000   39
500000   2
501000   66
502000   6
503000   21
504000   38
505000   2
506000   67
507000   9
508000   28
509000   37
510000   2
511000   61
512000   11
513000   20
514000   28
515000   0
516000   50
517000   5
518000   23
519000   45
520000   2
521000   47
522000   9
523000   27
524000   33
525000   3
526000   53
527000   5
528000   22
529000   48
530000   3
531000   48
532000   5
533000   25
534000   36
535000   2
536000   70
537000   7
538000   24
539000   45
540000   1
541000   54
542000   5
543000   27
544000   46
545000   0
546000   56
547000   7
548000   26
549000   47
550000   1
551000   57
552000   10
553000   30
554000   31
555000   6
556000   52
557000   5
558000   24
559000   30
560000   1
561000   64
562000   8
563000   18
564000   32
565000   0
566000   64
567000   6
568000   26
569000   43
570000   2
571000   53
572000   8
573000   26
574000   43
575000   2
576000   45
577000   7
578000   23
579000   47
580000   6
581000   61
582000   6
583000   26
584000   40
585000   3
586000   51
587000   5
588000   22
589000   31
590000   4
591000   54
592000   8
593000   31
594000   46
595000   1
596000   62
597000   4
598000   24
599000   31
600000   1
601000   57
602000   6
603000   27
604000   38
605000   1
606000   58
607000   9
608000   19
609000   29
610000   4
611000   52
612000   9
613000   37
614000   35
615000   1
616000   46
617000   7
618000   19
619000   31
620000   1
621000   42
622000   5
623000   45
624000   39
625000   2
626000   66
627000   6
628000   20
629000   37
630000   3
631000   61
632000   5
633000   35
634000   40
635000   2
636000   55
637000   5
638000   16
639000   31
640000   1
641000   44
642000   2
643000   30
644000   31
645000   5
646000   57
647000   4
648000   27
649000   22
650000   3
651000   66
652000   8
653000   23
654000   34
655000   4
656000   56
657000   11
658000   35
659000   44
660000   3
661000   40
662000   6
663000   31
664000   40
665000   0
666000   48
667000   3
668000   22
669000   36
670000   4
671000   58
672000   2
673000   22
674000   41
675000   0
676000   40
677000   9
678000   16
679000   40
680000   2
681000   54
682000   7
683000   21
684000   29
685000   3
686000   42
687000   10
688000   25
689000   37
690000   2
691000   48
692000   5
693000   32
694000   38
695000   1
696000   54
697000   7
698000   25
699000   30
700000   1
701000   57
702000   8
703000   30
704000   42
705000   2
706000   55
707000   6
708000   17
709000   33
710000   2
711000   54
712000   9
713000   21
714000   47
715000   1
716000   64
717000   4
718000   27
719000   37
720000   4
721000   50
722000   2
723000   23
724000   42
725000   1
726000   51
727000   7
728000   25
729000   39
730000   2
731000   67
732000   6
733000   26
734000   38
735000   1
736000   58
737000   3
738000   19
739000   47
740000   2
741000   52
742000   3
743000   27
744000   36
745000   1
746000   51
747000   12
748000   29
749000   37
750000   2
751000   64
752000   9
753000   23
754000   44
755000   2
756000   49
757000   4
758000   29
759000   43
760000   2
761000   55
762000   9
763000   23
764000   39
765000   2
766000   60
767000   14
768000   33
769000   47
770000   3
771000   69
772000   6
773000   24
774000   42
775000   3
776000   67
777000   7
778000   19
779000   43
780000   4
781000   56
782000   8
783000   30
784000   40
785000   2
786000   51
787000   7
788000   30
789000   46
790000   1
791000   61
792000   5
793000   21
794000   36
795000   2
796000   54
797000   7
798000   35
799000   32
800000   5
801000   48
802000   7
803000   31
804000   38
805000   1
806000   63
807000   10
808000   25
809000   25
810000   2
811000   61
812000   6
813000   26
814000   40
815000   3
816000   54
817000   5
818000   24
819000   35
820000   3
821000   67
822000   1
823000   31
824000   45
825000   3
826000   51
827000   5
828000   27
829000   50
830000   2
831000   56
832000   6
833000   28
834000   52
835000   3
836000   37
837000   9
838000   27
839000   38
840000   3
841000   65
842000   6
843000   19
844000   37
845000   1
846000   53
847000   10
848000   21
849000   35
850000   2
851000   52
852000   9
853000   18
854000   40
855000   3
856000   56
857000   4
858000   25
859000   42
860000   1
861000   52
862000   7
863000   28
864000   36
865000   2
866000   70
867000   4
868000   26
869000   32
870000   2
871000   53
872000   4
873000   25
874000   51
875000   3
876000   54
877000   8
878000   29
879000   45
880000   2
881000   55
882000   8
883000   25
884000   32
885000   1
886000   62
887000   12
888000   30
889000   53
890000   4
891000   49
892000   9
893000   29
894000   52
895000   1
896000   55
897000   3
898000   35
899000   38
900000   2
901000   63
902000   5
903000   29
904000   36
905000   4
906000   58
907000   6
908000   29
909000   41
910000   1
911000   56
912000   4
913000   25
914000   36
915000   3
916000   72
917000   5
918000   25
919000   43
920000   3
