0 202634
1000 202596
2000 202560
3000 202658
4000 202609
5000 202706
6000 202667
7000 202623
8000 202720
9000 202673
10000 202754
11000 202706
12000 202642
13000 202718
14000 202667
15000 202744
16000 202694
17000 202633
18000 202692
19000 202634
20000 202697
21000 202644
22000 202593
23000 202630
24000 202566
25000 202606
26000 202551
27000 202510
28000 202574
29000 202516
30000 202548
31000 202482
32000 202434
33000 202485
34000 202420
35000 202448
36000 202386
37000 202325
38000 202356
39000 202287
40000 202335
41000 202273
42000 202219
43000 202277
44000 202224
45000 202279
46000 202229
47000 202173
48000 202208
49000 202154
50000 202213
51000 202172
52000 202126
53000 202178
54000 202119
55000 202166
56000 202130
57000 202068
58000 202128
59000 202082
60000 202137
61000 202089
62000 202042
63000 202066
64000 202017
65000 202050
66000 202007
67000 201952
68000 201993
69000 201951
70000 202011
71000 201961
72000 201913
73000 201953
74000 201899
75000 201920
76000 201870
77000 201824
78000 201847
79000 201810
80000 201854
81000 201802
82000 201738
83000 201763
84000 201716
85000 201766
86000 201706
87000 201653
88000 201665
89000 201627
90000 201655
91000 201607
92000 201568
93000 201592
94000 201530
95000 201545
96000 201497
97000 201445
98000 201474
99000 201414
100000 201447
101000 201406
102000 201364
103000 201403
104000 201364
105000 201413
106000 201359
107000 201312
108000 201354
109000 201314
110000 201365
111000 201332
112000 201291
113000 201316
114000 201271
115000 201305
116000 201260
117000 201217
118000 201246
119000 201200
120000 201250
121000 201196
122000 201155
123000 201201
124000 201144
125000 201186
126000 201138
127000 201106
128000 201154
129000 201105
130000 201142
131000 201089
132000 201047
133000 201099
134000 201063
135000 201103
136000 201055
137000 201013
138000 201058
139000 201014
140000 201053
141000 200997
142000 200962
143000 200993
144000 200935
145000 200968
146000 200929
147000 200884
148000 200901
149000 200854
150000 200893
151000 200862
152000 200822
153000 200859
154000 200819
155000 200863
156000 200821
157000 200774
158000 200798
159000 200761
160000 200803
161000 200750
162000 200706
163000 200761
164000 200717
165000 200758
166000 200718
167000 200674
168000 200714
169000 200672
170000 200680
171000 200653
172000 200604
173000 200633
174000 200601
175000 200640
176000 200598
177000 200548
178000 200586
179000 200542
180000 200585
181000 200540
182000 200505
183000 200538
184000 200489
185000 200510
186000 200480
187000 200436
188000 200475
189000 200430
190000 200455
191000 200413
192000 200365
193000 200394
194000 200346
195000 200393
196000 200352
197000 200294
198000 200342
199000 200299
200000 200323
201000 200272
202000 200229
203000 200269
204000 200226
205000 200280
206000 200240
207000 200204
208000 200239
209000 200189
210000 200225
211000 200187
212000 200142
213000 200169
214000 200142
215000 200189
216000 200149
217000 200107
218000 200153
219000 200116
220000 200145
221000 200108
222000 200056
223000 200091
224000 200062
225000 200086
226000 200042
227000 199996
228000 200049
229000 200013
230000 200033
231000 199997
232000 199960
233000 199983
234000 199940
235000 199990
236000 199945
237000 199896
238000 199928
239000 199882
240000 199918
241000 199873
242000 199823
243000 199855
244000 199811
245000 199841
246000 199794
247000 199750
248000 199781
249000 199743
250000 199773
251000 199743
252000 199705
253000 199747
254000 199704
255000 199737
256000 199703
257000 199649
258000 199675
259000 199637
260000 199665
261000 199621
262000 199584
263000 199634
264000 199589
265000 199630
266000 199587
267000 199553
268000 199574
269000 199535
270000 199588
271000 199548
272000 199497
273000 199546
274000 199506
275000 199535
276000 199487
277000 199447
278000 199479
279000 199444
280000 199473
281000 199430
282000 199380
283000 199413
284000 199372
285000 199419
286000 199383
287000 199349
288000 199401
289000 199365
290000 199388
291000 199344
292000 199306
293000 199333
294000 199294
295000 199306
296000 199258
297000 199217
298000 199258
299000 199223
300000 199257
301000 199221
302000 199180
303000 199213
304000 199174
305000 199197
306000 199157
307000 199105
308000 199138
309000 199101
310000 199166
311000 199127
312000 199092
313000 199133
314000 199093
315000 199131
316000 199081
317000 199042
318000 199088
319000 199042
320000 199063
321000 199019
322000 198978
323000 199012
324000 198972
325000 198992
326000 198942
327000 198900
328000 198956
329000 198912
330000 198947
331000 198895
332000 198855
333000 198901
334000 198861
335000 198905
336000 198865
337000 198819
338000 198860
339000 198821
340000 198868
341000 198829
342000 198791
343000 198794
344000 198751
345000 198793
346000 198739
347000 198682
348000 198709
349000 198660
350000 198702
351000 198662
352000 198613
353000 198655
354000 198612
355000 198666
356000 198633
357000 198589
358000 198636
359000 198592
360000 198631
361000 198597
362000 198550
363000 198590
364000 198547
365000 198586
366000 198535
367000 198495
368000 198520
369000 198482
370000 198514
371000 198462
372000 198427
373000 198464
374000 198424
375000 198457
376000 198406
377000 198378
378000 198391
379000 198347
380000 198407
381000 198362
382000 198319
383000 198360
384000 198316
385000 198330
386000 198288
387000 198245
388000 198290
389000 198251
390000 198267
391000 198215
392000 198167
393000 198208
394000 198157
395000 198195
396000 198159
397000 198118
398000 198165
399000 198107
400000 198139
401000 198101
402000 198064
403000 198100
404000 198050
405000 198085
406000 198045
407000 198007
408000 198058
409000 198004
410000 198055
411000 198021
412000 197980
413000 198013
414000 197971
415000 198010
416000 197970
417000 197923
418000 197943
419000 197899
420000 197925
421000 197869
422000 197833
423000 197864
424000 197814
425000 197864
426000 197824
427000 197783
428000 197826
429000 197785
430000 197826
431000 197784
432000 197742
433000 197793
434000 197763
435000 197778
436000 197738
437000 197690
438000 197704
439000 197658
440000 197715
441000 197668
442000 197625
443000 197670
444000 197633
445000 197668
446000 197615
447000 197569
448000 197583
449000 197536
450000 197571
451000 197532
452000 197482
453000 197517
454000 197471
455000 197513
456000 197472
457000 197424
458000 197471
459000 197432
460000 197483
461000 197454
462000 197414
463000 197469
464000 197419
465000 197438
466000 197397
467000 197342
468000 197381
469000 197334
470000 197372
471000 197332
472000 197276
473000 197310
474000 197271
475000 197324
476000 197289
477000 197259
478000 197291
479000 197244
480000 197255
481000 197222
482000 197177
483000 197207
484000 197171
485000 197198
486000 197156
487000 197107
488000 197150
489000 197109
490000 197141
491000 197105
492000 197075
493000 197121
494000 197078
495000 197111
496000 197068
497000 197020
498000 197044
499000 196994
500000 197039
501000 197000
502000 196956
503000 196979
504000 196935
505000 196978
506000 196929
507000 196872
508000 196891
509000 196858
510000 196900
511000 196854
512000 196817
513000 196855
514000 196798
515000 196817
516000 196782
517000 196727
518000 196763
519000 196721
520000 196756
521000 196713
522000 196677
523000 196700
524000 196659
525000 196690
526000 196653
527000 196621
528000 196642
529000 196598
530000 196616
531000 196574
532000 196535
533000 196558
534000 196517
535000 196563
536000 196516
537000 196478
538000 196517
539000 196476
540000 196502
541000 196456
542000 196418
543000 196443
544000 196391
545000 196440
546000 196404
547000 196358
548000 196414
549000 196369
550000 196411
551000 196365
552000 196316
553000 196348
554000 196301
555000 196336
556000 196284
557000 196255
558000 196297
559000 196252
560000 196287
561000 196253
562000 196207
563000 196220
564000 196179
565000 196215
566000 196171
567000 196121
568000 196163
569000 196119
570000 196139
571000 196089
572000 196047
573000 196105
574000 196061
575000 196085
576000 196045
577000 196009
578000 196041
579000 195989
580000 196022
581000 195977
582000 195946
583000 195983
584000 195943
585000 195985
586000 195926
587000 195885
588000 195913
589000 195862
590000 195881
591000 195854
592000 195814
593000 195834
594000 195791
595000 195845
596000 195811
597000 195769
598000 195799
599000 195756
600000 195794
601000 195752
602000 195706
603000 195726
604000 195689
605000 195716
606000 195671
607000 195621
608000 195660
609000 195619
610000 195671
611000 195628
612000 195573
613000 195605
614000 195560
615000 195592
616000 195556
617000 195520
618000 195545
619000 195507
620000 195536
621000 195495
622000 195458
623000 195500
624000 195457
625000 195496
626000 195450
627000 195402
628000 195447
629000 195405
630000 195433
631000 195397
632000 195356
633000 195379
634000 195337
635000 195363
636000 195312
637000 195265
638000 195279
639000 195236
640000 195278
641000 195247
642000 195198
643000 195241
644000 195201
645000 195239
646000 195190
647000 195150
648000 195180
649000 195140
650000 195164
651000 195124
652000 195079
653000 195115
654000 195061
655000 195106
656000 195063
657000 195017
658000 195049
659000 195008
660000 195046
661000 194992
662000 194951
663000 195000
664000 194953
665000 194966
666000 194923
667000 194876
668000 194915
669000 194854
670000 194886
671000 194841
672000 194800
673000 194838
674000 194792
675000 194826
676000 194781
677000 194742
678000 194785
679000 194747
680000 194778
681000 194744
682000 194701
683000 194744
684000 194691
685000 194741
686000 194708
687000 194653
688000 194691
689000 194644
690000 194701
691000 194671
692000 194635
693000 194670
694000 194621
695000 194644
696000 194585
697000 194542
698000 194579
699000 194536
700000 194577
701000 194536
702000 194489
703000 194516
704000 194481
705000 194533
706000 194476
707000 194436
708000 194487
709000 194445
710000 194464
711000 194426
712000 194386
713000 194428
714000 194385
715000 194426
716000 194377
717000 194338
718000 194403
719000 194362
720000 194410
721000 194361
722000 194320
723000 194352
724000 194304
725000 194332
726000 194284
727000 194250
728000 194286
729000 194241
730000 194287
731000 194245
732000 194212
733000 194248
734000 194203
735000 194225
736000 194180
737000 194138
738000 194202
739000 194165
740000 194220
741000 194174
742000 194129
743000 194160
744000 194117
745000 194153
746000 194100
747000 194064
748000 194094
749000 194049
750000 194087
751000 194049
752000 194020
753000 194041
754000 194002
755000 194023
756000 193981
757000 193939
758000 194003
759000 193977
760000 194013
761000 193965
762000 193913
763000 193960
764000 193920
765000 193945
766000 193904
767000 193865
768000 193913
769000 193867
770000 193903
771000 193857
772000 193823
773000 193869
774000 193832
775000 193865
776000 193822
777000 193785
778000 193825
779000 193782
780000 193826
781000 193780
782000 193732
783000 193778
784000 193747
785000 193767
786000 193726
787000 193683
788000 193715
789000 193682
790000 193721
791000 193680
792000 193642
793000 193671
794000 193619
795000 193671
796000 193624
797000 193577
798000 193615
799000 193566
800000 193628
801000 193590
802000 193548
803000 193582
804000 193546
805000 193583
806000 193535
807000 193492
808000 193528
809000 193487
810000 193516
811000 193467
812000 193417
813000 193475
814000 193425
815000 193465
816000 193422
817000 193381
818000 193408
819000 193367
820000 193397
821000 193352
822000 193313
823000 193336
824000 193290
825000 193312
826000 193282
827000 193248
828000 193295
829000 193260
830000 193321
831000 193280
832000 193235
833000 193282
834000 193244
835000 193281
836000 193237
837000 193198
838000 193235
839000 193184
840000 193243
841000 193212
842000 193173
843000 193216
844000 193178
845000 193223
846000 193175
847000 193109
848000 193136
849000 193099
850000 193147
851000 193103
852000 193063
853000 193089
854000 193041
855000 193081
856000 193048
857000 192997
858000 193055
859000 193012
860000 193039
861000 193000
862000 192955
863000 192995
864000 192949
865000 192999
866000 192956
867000 192903
868000 192934
869000 192895
870000 192950
871000 192914
872000 192874
873000 192910
874000 192868
875000 192893
876000 192844
877000 192807
878000 192841
879000 192786
880000 192826
881000 192774
882000 192731
883000 192780
884000 192739
885000 192770
886000 192737
887000 192685
888000 192726
889000 192681
890000 192712
891000 192670
892000 192629
893000 192673
894000 192641
895000 192684
896000 192644
897000 192609
898000 192650
899000 192600
900000 192637
901000 192600
902000 192556
903000 192604
904000 192570
905000 192614
906000 192576
907000 192521
908000 192586
909000 192539
910000 192585
911000 192541
912000 192498
913000 192539
914000 192500
915000 192555
916000 192516
917000 192468
918000 192518
919000 192480
920000 192518
