1000   23
2000   24
3000   24
4000   28
5000   20
6000   20
7000   22
8000   22
9000   16
10000   29
11000   26
12000   33
13000   20
14000   27
15000   30
16000   26
17000   35
18000   22
19000   42
20000   35
21000   36
22000   20
23000   46
24000   30
25000   33
26000   24
27000   28
28000   24
29000   29
30000   31
31000   31
32000   27
33000   38
34000   37
35000   31
36000   34
37000   29
38000   35
39000   45
40000   35
41000   36
42000   30
43000   30
44000   28
45000   19
46000   22
47000   20
48000   26
49000   28
50000   26
51000   12
52000   25
53000   28
54000   30
55000   26
56000   13
57000   44
58000   33
59000   18
60000   24
61000   27
62000   30
63000   23
64000   25
65000   24
66000   23
67000   25
68000   30
69000   20
70000   24
71000   22
72000   29
73000   28
74000   28
75000   25
76000   23
77000   25
78000   30
79000   18
80000   20
81000   35
82000   30
83000   30
84000   24
85000   20
86000   27
87000   33
88000   30
89000   25
90000   31
91000   25
92000   15
93000   29
94000   30
95000   29
96000   25
97000   29
98000   24
99000   29
100000   34
101000   14
102000   19
103000   23
104000   18
105000   28
106000   28
107000   23
108000   26
109000   22
110000   19
111000   18
112000   18
113000   30
114000   23
115000   33
116000   24
117000   24
118000   25
119000   24
120000   23
121000   29
122000   23
123000   16
124000   27
125000   22
126000   29
127000   20
128000   16
129000   33
130000   20
131000   29
132000   31
133000   17
134000   25
135000   22
136000   27
137000   26
138000   18
139000   23
140000   22
141000   30
142000   17
143000   26
144000   25
145000   33
146000   18
147000   20
148000   22
149000   26
150000   17
151000   18
152000   25
153000   18
154000   19
155000   18
156000   27
157000   31
158000   23
159000   19
160000   22
161000   30
162000   22
163000   19
164000   22
165000   23
166000   23
167000   25
168000   26
169000   23
170000   28
171000   9
172000   33
173000   24
174000   12
175000   20
176000   19
177000   23
178000   29
179000   27
180000   18
181000   27
182000   13
183000   20
184000   29
185000   28
186000   13
187000   17
188000   20
189000   22
190000   25
191000   24
192000   23
193000   18
194000   25
195000   18
196000   14
197000   27
198000   28
199000   27
200000   23
201000   29
202000   26
203000   18
204000   25
205000   17
206000   17
207000   22
208000   16
209000   24
210000   30
211000   18
212000   23
213000   27
214000   12
215000   29
216000   19
217000   19
218000   18
219000   22
220000   18
221000   27
222000   27
223000   24
224000   14
225000   26
226000   27
227000   28
228000   20
229000   23
230000   20
231000   19
232000   15
233000   22
234000   25
235000   19
236000   26
237000   27
238000   22
239000   22
240000   13
241000   20
242000   25
243000   24
244000   20
245000   16
246000   25
247000   20
248000   23
249000   23
250000   26
251000   22
252000   22
253000   13
254000   19
255000   29
256000   13
257000   31
258000   24
259000   24
260000   22
261000   23
262000   20
263000   24
264000   26
265000   14
266000   19
267000   16
268000   17
269000   18
270000   16
271000   26
272000   34
273000   12
274000   24
275000   25
276000   30
277000   20
278000   23
279000   16
280000   12
281000   30
282000   24
283000   27
284000   17
285000   29
286000   22
287000   16
288000   16
289000   13
290000   28
291000   20
292000   24
293000   20
294000   18
295000   27
296000   26
297000   19
298000   19
299000   14
300000   20
301000   19
302000   27
303000   23
304000   13
305000   28
306000   22
307000   34
308000   24
309000   19
310000   16
311000   26
312000   17
313000   20
314000   13
315000   13
316000   28
317000   16
318000   19
319000   24
320000   31
321000   25
322000   22
323000   17
324000   18
325000   30
326000   26
327000   25
328000   14
329000   22
330000   14
331000   26
332000   23
333000   20
334000   25
335000   26
336000   23
337000   27
338000   20
339000   19
340000   14
341000   18
342000   26
343000   28
344000   20
345000   23
346000   30
347000   27
348000   22
349000   24
350000   20
351000   20
352000   27
353000   20
354000   20
355000   19
356000   15
357000   15
358000   15
359000   18
360000   28
361000   15
362000   27
363000   23
364000   19
365000   18
366000   28
367000   24
368000   23
369000   18
370000   27
371000   34
372000   16
373000   18
374000   25
375000   19
376000   24
377000   19
378000   24
379000   23
380000   17
381000   19
382000   23
383000   17
384000   22
385000   33
386000   27
387000   19
388000   14
389000   18
390000   26
391000   25
392000   19
393000   22
394000   26
395000   15
396000   18
397000   17
398000   20
399000   29
400000   25
401000   17
402000   26
403000   18
404000   27
405000   18
406000   18
407000   25
408000   24
409000   27
410000   14
411000   14
412000   25
413000   26
414000   25
415000   27
416000   22
417000   29
418000   17
419000   22
420000   23
421000   31
422000   18
423000   19
424000   22
425000   15
426000   22
427000   23
428000   12
429000   20
430000   16
431000   22
432000   23
433000   23
434000   8
435000   30
436000   23
437000   28
438000   26
439000   25
440000   18
441000   22
442000   18
443000   25
444000   16
445000   28
446000   24
447000   23
448000   30
449000   19
450000   26
451000   24
452000   23
453000   20
454000   25
455000   25
456000   15
457000   26
458000   16
459000   20
460000   22
461000   13
462000   20
463000   25
464000   22
465000   23
466000   25
467000   30
468000   23
469000   25
470000   22
471000   22
472000   24
473000   20
474000   16
475000   27
476000   19
477000   15
478000   20
479000   26
480000   37
481000   16
482000   20
483000   25
484000   17
485000   23
486000   19
487000   26
488000   20
489000   20
490000   19
491000   17
492000   17
493000   19
494000   20
495000   29
496000   22
497000   26
498000   24
499000   22
500000   22
501000   24
502000   26
503000   24
504000   26
505000   27
506000   27
507000   28
508000   22
509000   22
510000   22
511000   25
512000   17
513000   24
514000   23
515000   20
516000   18
517000   24
518000   27
519000   25
520000   22
521000   18
522000   16
523000   19
524000   24
525000   22
526000   18
527000   17
528000   24
529000   23
530000   35
531000   24
532000   22
533000   26
534000   23
535000   19
536000   24
537000   24
538000   30
539000   22
540000   25
541000   26
542000   15
543000   22
544000   27
545000   13
546000   16
547000   25
548000   14
549000   20
550000   16
551000   26
552000   26
553000   23
554000   28
555000   18
556000   23
557000   17
558000   23
559000   28
560000   22
561000   22
562000   22
563000   22
564000   22
565000   18
566000   19
567000   25
568000   24
569000   24
570000   22
571000   30
572000   20
573000   15
574000   23
575000   30
576000   18
577000   18
578000   25
579000   29
580000   19
581000   26
582000   23
583000   16
584000   22
585000   18
586000   30
587000   20
588000   26
589000   23
590000   27
591000   17
592000   17
593000   19
594000   13
595000   16
596000   16
597000   22
598000   19
599000   23
600000   31
601000   27
602000   19
603000   27
604000   19
605000   26
606000   25
607000   20
608000   20
609000   16
610000   20
611000   27
612000   36
613000   24
614000   26
615000   20
616000   22
617000   19
618000   27
619000   12
620000   15
621000   16
622000   20
623000   17
624000   25
625000   20
626000   25
627000   23
628000   20
629000   19
630000   30
631000   14
632000   19
633000   22
634000   24
635000   28
636000   23
637000   27
638000   28
639000   20
640000   14
641000   13
642000   29
643000   29
644000   16
645000   23
646000   34
647000   25
648000   12
649000   22
650000   27
651000   18
652000   18
653000   19
654000   25
655000   30
656000   28
657000   20
658000   22
659000   24
660000   18
661000   29
662000   19
663000   16
664000   26
665000   23
666000   25
667000   23
668000   29
669000   38
670000   25
671000   18
672000   18
673000   17
674000   27
675000   22
676000   22
677000   19
678000   17
679000   17
680000   19
681000   12
682000   23
683000   19
684000   27
685000   22
686000   17
687000   18
688000   22
689000   25
690000   14
691000   11
692000   16
693000   19
694000   24
695000   25
696000   28
697000   25
698000   19
699000   28
700000   23
701000   20
702000   24
703000   33
704000   18
705000   16
706000   29
707000   22
708000   26
709000   20
710000   26
711000   16
712000   15
713000   16
714000   23
715000   24
716000   30
717000   18
718000   18
719000   18
720000   22
721000   24
722000   22
723000   29
724000   23
725000   20
726000   25
727000   22
728000   16
729000   22
730000   13
731000   17
732000   7
733000   24
734000   26
735000   25
736000   26
737000   24
738000   20
739000   14
740000   22
741000   23
742000   18
743000   28
744000   27
745000   23
746000   35
747000   19
748000   20
749000   24
750000   18
751000   19
752000   15
753000   28
754000   18
755000   25
756000   23
757000   27
758000   16
759000   17
760000   18
761000   25
762000   26
763000   26
764000   20
765000   19
766000   17
767000   16
768000   22
769000   25
770000   13
771000   25
772000   15
773000   26
774000   22
775000   22
776000   26
777000   17
778000   19
779000   16
780000   29
781000   26
782000   26
783000   17
784000   19
785000   28
786000   26
787000   24
788000   27
789000   19
790000   22
791000   14
792000   17
793000   22
794000   26
795000   18
796000   20
797000   22
798000   24
799000   26
800000   17
801000   24
802000   24
803000   22
804000   12
805000   20
806000   23
807000   27
808000   33
809000   19
810000   26
811000   20
812000   37
813000   23
814000   29
815000   22
816000   22
817000   18
818000   23
819000   19
820000   27
821000   15
822000   18
823000   30
824000   25
825000   26
826000   17
827000   14
828000   17
829000   16
830000   18
831000   20
832000   28
833000   22
834000   19
835000   14
836000   26
837000   23
838000   29
839000   24
840000   15
841000   13
842000   26
843000   18
844000   24
845000   26
846000   22
847000   33
848000   28
849000   22
850000   17
851000   23
852000   22
853000   23
854000   26
855000   23
856000   18
857000   28
858000   18
859000   24
860000   20
861000   19
862000   25
863000   16
864000   26
865000   17
866000   23
867000   31
868000   27
869000   24
870000   18
871000   17
872000   18
873000   25
874000   20
875000   23
876000   34
877000   16
878000   17
879000   27
880000   27
881000   29
882000   22
883000   18
884000   19
885000   22
886000   24
887000   31
888000   18
889000   25
890000   27
891000   17
892000   22
893000   19
894000   23
895000   20
896000   22
897000   22
898000   19
899000   27
900000   25
901000   25
902000   25
903000   17
904000   17
905000   18
906000   22
907000   27
908000   17
909000   19
910000   24
911000   20
912000   18
913000   25
914000   24
915000   23
916000   22
917000   24
918000   19
919000   22
920000   15
