0 2.90011
1000 2.95211
2000 3.01475
3000 3.08553
4000 3.16872
5000 3.26
6000 3.36225
7000 3.47399
8000 3.59223
9000 3.72132
10000 3.85511
11000 3.99913
12000 4.14913
13000 4.30379
14000 4.46526
15000 4.62857
16000 4.79787
17000 4.96998
18000 5.14083
19000 5.31561
20000 5.49044
21000 5.67016
22000 5.85178
23000 6.03107
24000 6.21393
25000 3.48158
26000 3.56208
27000 3.65081
28000 3.74272
29000 3.8422
30000 3.9454
31000 4.0555
32000 4.17301
33000 4.29127
34000 4.41581
35000 4.54364
36000 4.6775
37000 4.81476
38000 4.95179
39000 5.09407
40000 5.23748
41000 5.38473
42000 5.53532
43000 5.68303
44000 5.83489
45000 5.98628
46000 6.14173
47000 6.29813
48000 6.45284
49000 6.61246
50000 3.30814
51000 3.36365
52000 3.42644
53000 3.49413
54000 3.57093
55000 3.65429
56000 3.74696
57000 3.84339
58000 3.94457
59000 4.05438
60000 4.16843
61000 4.28788
62000 4.41233
63000 4.53949
64000 4.67199
65000 4.80608
66000 4.94578
67000 5.08658
68000 5.22657
69000 5.3739
70000 5.51905
71000 5.66958
72000 5.82084
73000 5.97156
74000 6.12696
75000 3.43282
76000 3.50148
77000 3.57682
78000 3.65614
79000 3.74435
80000 3.83619
81000 3.93382
82000 4.03431
83000 4.13877
84000 4.24945
85000 4.3632
86000 4.48014
87000 4.60133
88000 4.72437
89000 4.85313
90000 4.98098
91000 5.11384
92000 5.25049
93000 5.38498
94000 5.52279
95000 5.66239
96000 5.80481
97000 5.9484
98000 6.09029
99000 6.23241
100000 3.29643
101000 3.35047
102000 3.40926
103000 3.47139
104000 3.5411
105000 3.61305
106000 3.69221
107000 3.77615
108000 3.8624
109000 3.95645
110000 4.0538
111000 4.15708
112000 4.26384
113000 4.37062
114000 4.48472
115000 4.59987
116000 4.72034
117000 4.84331
118000 4.96722
119000 5.09472
120000 5.22225
121000 5.35371
122000 5.4876
123000 5.6193
124000 5.75387
125000 3.24716
126000 3.30033
127000 3.36091
128000 3.42467
129000 3.49608
130000 3.57242
131000 3.65524
132000 3.74448
133000 3.83701
134000 3.93691
135000 4.03903
136000 4.14759
137000 4.26015
138000 4.37495
139000 4.49499
140000 4.61483
141000 4.73868
142000 4.86758
143000 4.99477
144000 5.12462
145000 5.25524
146000 5.39009
147000 5.52579
148000 5.65975
149000 5.79693
150000 3.20207
151000 3.25478
152000 3.3122
153000 3.37356
154000 3.44137
155000 3.51152
156000 3.58851
157000 3.66944
158000 3.75336
159000 3.84414
160000 3.93695
161000 4.03393
162000 4.13499
163000 4.23809
164000 4.34565
165000 4.45269
166000 4.56548
167000 4.68055
168000 4.79436
169000 4.91289
170000 5.03021
171000 5.15281
172000 5.2746
173000 5.39462
174000 5.51879
175000 3.10073
176000 3.14121
177000 3.18662
178000 3.23652
179000 3.29376
180000 3.35618
181000 3.42387
182000 3.49759
183000 3.57511
184000 3.6579
185000 3.74409
186000 3.83649
187000 3.93105
188000 4.02733
189000 4.12885
190000 4.23201
191000 4.33959
192000 4.45011
193000 4.56041
194000 4.67559
195000 4.79241
196000 4.91299
197000 5.034
198000 5.15504
199000 5.27992
200000 3.03372
201000 3.07864
202000 3.12981
203000 3.18519
204000 3.24647
205000 3.31216
206000 3.38343
207000 3.45976
208000 3.53806
209000 3.62094
210000 3.70635
211000 3.79663
212000 3.89011
213000 3.98487
214000 4.08556
215000 4.18506
216000 4.28949
217000 4.39688
218000 4.50487
219000 4.61658
220000 4.72704
221000 4.84196
222000 4.95677
223000 5.07011
224000 5.18793
225000 2.97772
226000 3.01534
227000 3.05784
228000 3.10506
229000 3.15897
230000 3.21661
231000 3.28112
232000 3.35007
233000 3.42217
234000 3.49965
235000 3.57998
236000 3.6647
237000 3.7522
238000 3.84274
239000 3.93813
240000 4.03433
241000 4.13617
242000 4.23935
243000 4.34383
244000 4.45309
245000 4.56132
246000 4.67119
247000 4.78433
248000 4.89872
249000 5.01594
250000 2.92365
251000 2.96194
252000 3.0049
253000 3.05231
254000 3.1056
255000 3.16205
256000 3.22515
257000 3.29214
258000 3.36261
259000 3.43837
260000 3.51609
261000 3.59859
262000 3.68528
263000 3.77367
264000 3.86583
265000 3.96039
266000 4.05745
267000 4.15829
268000 4.25858
269000 4.363
270000 4.46743
271000 4.57587
272000 4.68354
273000 4.79252
274000 4.9053
275000 2.84091
276000 2.87651
277000 2.9178
278000 2.96249
279000 3.01448
280000 3.0701
281000 3.13207
282000 3.19855
283000 3.26815
284000 3.34367
285000 3.42116
286000 3.5046
287000 3.59089
288000 3.67907
289000 3.77108
290000 3.86523
291000 3.96371
292000 4.06465
293000 4.16557
294000 4.27007
295000 4.37492
296000 4.48128
297000 4.59063
298000 4.6993
299000 4.81137
300000 2.80148
301000 2.83659
302000 2.87635
303000 2.91997
304000 2.96994
305000 3.02325
306000 3.08276
307000 3.14626
308000 3.21259
309000 3.28501
310000 3.35962
311000 3.43938
312000 3.52227
313000 3.6068
314000 3.69568
315000 3.78709
316000 3.8824
317000 3.98006
318000 4.07832
319000 4.18125
320000 4.2847
321000 4.39182
322000 4.50219
323000 4.61261
324000 4.72471
325000 2.71102
326000 2.74763
327000 2.78993
328000 2.83701
329000 2.89017
330000 2.94825
331000 3.01198
332000 3.08043
333000 3.15199
334000 3.22922
335000 3.30817
336000 3.39264
337000 3.48003
338000 3.57027
339000 3.66397
340000 3.76012
341000 3.85867
342000 3.9609
343000 4.06338
344000 4.16956
345000 4.27589
346000 4.38572
347000 4.49716
348000 4.60782
349000 4.72053
350000 2.67446
351000 2.70954
352000 2.74876
353000 2.79167
354000 2.84153
355000 2.89505
356000 2.95492
357000 3.0185
358000 3.08558
359000 3.15794
360000 3.23238
361000 3.31285
362000 3.39643
363000 3.48161
364000 3.57235
365000 3.66432
366000 3.75977
367000 3.85894
368000 3.95783
369000 4.06268
370000 4.16695
371000 4.27548
372000 4.38607
373000 4.49378
374000 4.60667
375000 2.61554
376000 2.65009
377000 2.69086
378000 2.73544
379000 2.78623
380000 2.84087
381000 2.90134
382000 2.96673
383000 3.03592
384000 3.11005
385000 3.1876
386000 3.2707
387000 3.35682
388000 3.44582
389000 3.53874
390000 3.63334
391000 3.73194
392000 3.8325
393000 3.93372
394000 4.0394
395000 4.14618
396000 4.25593
397000 4.36613
398000 4.47669
399000 4.58949
400000 2.56796
401000 2.6035
402000 2.64418
403000 2.68875
404000 2.73899
405000 2.79266
406000 2.8528
407000 2.91766
408000 2.98589
409000 3.05867
410000 3.13523
411000 3.21718
412000 3.30214
413000 3.38954
414000 3.48193
415000 3.5756
416000 3.67371
417000 3.77452
418000 3.87456
419000 3.98003
420000 4.08486
421000 4.19345
422000 4.30516
423000 4.41472
424000 4.52807
425000 2.52736
426000 2.56183
427000 2.60098
428000 2.64408
429000 2.69411
430000 2.74783
431000 2.80783
432000 2.8727
433000 2.94141
434000 3.01564
435000 3.09261
436000 3.17436
437000 3.25984
438000 3.34841
439000 3.44152
440000 3.53368
441000 3.63209
442000 3.73172
443000 3.83287
444000 3.93936
445000 4.0456
446000 4.15555
447000 4.26591
448000 4.37739
449000 4.4926
450000 2.44096
451000 2.47475
452000 2.51356
453000 2.55693
454000 2.60652
455000 2.66041
456000 2.72139
457000 2.78682
458000 2.85711
459000 2.93193
460000 3.01077
461000 3.09534
462000 3.18339
463000 3.274
464000 3.36851
465000 3.4662
466000 3.56782
467000 3.67223
468000 3.77789
469000 3.88638
470000 3.99706
471000 4.11062
472000 4.22575
473000 4.3405
474000 4.45916
475000 2.44679
476000 2.4839
477000 2.5264
478000 2.57234
479000 2.62521
480000 2.68168
481000 2.74549
482000 2.81376
483000 2.88451
484000 2.96181
485000 3.04181
486000 3.12672
487000 3.21567
488000 3.30685
489000 3.40215
490000 3.49986
491000 3.60198
492000 3.70698
493000 3.81242
494000 3.92137
495000 4.02955
496000 4.14353
497000 4.25928
498000 4.37515
499000 4.49004
500000 2.40661
501000 2.44115
502000 2.48104
503000 2.52548
504000 2.57639
505000 2.63102
506000 2.69189
507000 2.75798
508000 2.82838
509000 2.90474
510000 2.98373
511000 3.06713
512000 3.15539
513000 3.24593
514000 3.33978
515000 3.43696
516000 3.53934
517000 3.64117
518000 3.74659
519000 3.85569
520000 3.96509
521000 4.07834
522000 4.1934
523000 4.30566
524000 4.42371
525000 2.37056
526000 2.4071
527000 2.44892
528000 2.49461
529000 2.54665
530000 2.60239
531000 2.6643
532000 2.73123
533000 2.80135
534000 2.87696
535000 2.9558
536000 3.03973
537000 3.1276
538000 3.21698
539000 3.31174
540000 3.4088
541000 3.50968
542000 3.6134
543000 3.71859
544000 3.82722
545000 3.93699
546000 4.05053
547000 4.16522
548000 4.28047
549000 4.39676
550000 2.3282
551000 2.36332
552000 2.4031
553000 2.44755
554000 2.4977
555000 2.55238
556000 2.61245
557000 2.67825
558000 2.747
559000 2.82176
560000 2.89986
561000 2.98304
562000 3.0696
563000 3.1573
564000 3.25046
565000 3.34528
566000 3.44473
567000 3.5474
568000 3.65095
569000 3.75844
570000 3.86419
571000 3.9763
572000 4.09002
573000 4.20353
574000 4.3192
575000 2.31632
576000 2.35347
577000 2.39578
578000 2.44236
579000 2.49508
580000 2.55322
581000 2.61708
582000 2.68626
583000 2.75805
584000 2.83626
585000 2.91711
586000 3.00317
587000 3.09344
588000 3.18596
589000 3.28294
590000 3.3814
591000 3.48543
592000 3.59178
593000 3.69808
594000 3.80782
595000 3.91913
596000 4.03447
597000 4.15122
598000 4.26797
599000 4.38769
600000 2.29183
601000 2.32911
602000 2.37124
603000 2.41797
604000 2.47133
605000 2.52852
606000 2.59145
607000 2.65923
608000 2.73115
609000 2.80869
610000 2.88913
611000 2.97484
612000 3.06395
613000 3.15623
614000 3.2523
615000 3.34914
616000 3.45198
617000 3.55721
618000 3.66074
619000 3.76969
620000 3.88021
621000 3.99288
622000 4.10826
623000 4.22382
624000 4.34235
625000 2.26025
626000 2.29548
627000 2.3362
628000 2.38114
629000 2.43265
630000 2.48803
631000 2.55091
632000 2.61814
633000 2.68914
634000 2.76672
635000 2.84756
636000 2.93328
637000 3.02284
638000 3.11508
639000 3.21133
640000 3.30934
641000 3.41165
642000 3.51684
643000 3.62238
644000 3.73275
645000 3.84265
646000 3.95728
647000 4.07339
648000 4.18834
649000 4.30778
650000 2.21366
651000 2.24971
652000 2.29109
653000 2.33705
654000 2.38874
655000 2.44451
656000 2.50718
657000 2.57461
658000 2.64619
659000 2.72353
660000 2.80442
661000 2.88907
662000 2.97834
663000 3.07019
664000 3.166
665000 3.26339
666000 3.3661
667000 3.46868
668000 3.57397
669000 3.6834
670000 3.79371
671000 3.90789
672000 4.02354
673000 4.1392
674000 4.25686
675000 2.22526
676000 2.26235
677000 2.3043
678000 2.35098
679000 2.40392
680000 2.46057
681000 2.5239
682000 2.59185
683000 2.66316
684000 2.73948
685000 2.81909
686000 2.90426
687000 2.99187
688000 3.08346
689000 3.17928
690000 3.2776
691000 3.38038
692000 3.48596
693000 3.59227
694000 3.70257
695000 3.81362
696000 3.92852
697000 4.04474
698000 4.1609
699000 4.27947
700000 2.17172
701000 2.20658
702000 2.24602
703000 2.29092
704000 2.34287
705000 2.39852
706000 2.46055
707000 2.5285
708000 2.60015
709000 2.67724
710000 2.75789
711000 2.84402
712000 2.93425
713000 3.02748
714000 3.12546
715000 3.22585
716000 3.33017
717000 3.43758
718000 3.54578
719000 3.659
720000 3.77216
721000 3.88938
722000 4.00969
723000 4.13013
724000 4.2525
725000 2.15634
726000 2.19387
727000 2.2376
728000 2.28589
729000 2.34026
730000 2.39959
731000 2.46528
732000 2.53625
733000 2.61144
734000 2.6925
735000 2.77672
736000 2.86548
737000 2.95916
738000 3.05463
739000 3.15417
740000 3.25583
741000 3.36307
742000 3.47384
743000 3.58454
744000 3.70134
745000 3.81684
746000 3.9369
747000 4.0584
748000 4.18073
749000 4.30638
750000 2.11607
751000 2.15177
752000 2.19332
753000 2.23902
754000 2.2917
755000 2.349
756000 2.41321
757000 2.48291
758000 2.55627
759000 2.63646
760000 2.71996
761000 2.80856
762000 2.90142
763000 2.99633
764000 3.09677
765000 3.19972
766000 3.30598
767000 3.41702
768000 3.52715
769000 3.64224
770000 3.75893
771000 3.87948
772000 4.00249
773000 4.12471
774000 4.2508
775000 2.11935
776000 2.15668
777000 2.20016
778000 2.24736
779000 2.30155
780000 2.36008
781000 2.4252
782000 2.49605
783000 2.57082
784000 2.65199
785000 2.73588
786000 2.82555
787000 2.91848
788000 3.01535
789000 3.11637
790000 3.22008
791000 3.32766
792000 3.43892
793000 3.55188
794000 3.66771
795000 3.7846
796000 3.90536
797000 4.02695
798000 4.14962
799000 4.27426
800000 2.11502
801000 2.15349
802000 2.19784
803000 2.24719
804000 2.30313
805000 2.36394
806000 2.43076
807000 2.50396
808000 2.58063
809000 2.66329
810000 2.74922
811000 2.84102
812000 2.93706
813000 3.03546
814000 3.13856
815000 3.24417
816000 3.35424
817000 3.46775
818000 3.58218
819000 3.6996
820000 3.81868
821000 3.93984
822000 4.06383
823000 4.18775
824000 4.31466
825000 2.10022
826000 2.13796
827000 2.18082
828000 2.22845
829000 2.28277
830000 2.34184
831000 2.40716
832000 2.47807
833000 2.553
834000 2.63358
835000 2.71803
836000 2.80745
837000 2.90132
838000 2.99743
839000 3.09903
840000 3.20176
841000 3.30973
842000 3.42152
843000 3.53413
844000 3.65178
845000 3.76962
846000 3.89036
847000 4.01329
848000 4.1375
849000 4.26564
850000 2.0973
851000 2.13666
852000 2.18152
853000 2.23122
854000 2.28797
855000 2.34942
856000 2.41752
857000 2.49022
858000 2.5679
859000 2.65141
860000 2.73822
861000 2.83019
862000 2.92627
863000 3.02511
864000 3.1275
865000 3.23224
866000 3.34244
867000 3.4545
868000 3.56868
869000 3.68706
870000 3.80628
871000 3.93006
872000 4.05479
873000 4.1786
874000 4.30679
875000 2.09444
876000 2.13391
877000 2.1796
878000 2.22956
879000 2.28601
880000 2.34704
881000 2.41492
882000 2.48846
883000 2.56591
884000 2.64861
885000 2.73483
886000 2.82724
887000 2.92337
888000 3.02177
889000 3.12572
890000 3.23169
891000 3.34174
892000 3.45259
893000 3.56537
894000 3.6844
895000 3.80387
896000 3.92716
897000 4.05255
898000 4.17781
899000 4.30509
900000 2.06528
901000 2.10399
902000 2.14848
903000 2.1973
904000 2.25339
905000 2.31426
906000 2.38137
907000 2.45388
908000 2.53078
909000 2.6135
910000 2.70004
911000 2.79164
912000 2.88772
913000 2.98646
914000 3.09057
915000 3.19377
916000 3.30472
917000 3.41715
918000 3.53223
919000 3.65079
920000 3.77097
