-700 -700 -700 -700 -700 -359.472 -271.218 -191.554 -101.245 0 
-572.867 -572.867 -567.738 -547.853 -495.543 -359.472 -271.218 -191.554 -101.245 0 
-457.568 -457.568 -458.374 -440.714 -398.647 -331.244 -269.141 -201.397 -112.174 0 
-364.188 -364.188 -375.861 -367.977 -337.881 -291.24 -237.042 -172.163 -91.683 0 
-310.631 -310.631 -322.674 -322.962 -301.946 -264.17 -214.35 -152.183 -78.4724 0 
-317.651 -317.651 -304.337 -303.293 -285.455 -251.609 -204.24 -143.861 -73.1126 0 
-327.339 -327.339 -305.063 -298.874 -280.428 -247.428 -200.997 -141.544 -72.1441 0 
-317.301 -317.301 -300.298 -294.536 -277.342 -244.747 -199.272 -140.761 -72.7734 0 
-298.96 -298.96 -292.701 -291.726 -277.804 -245.453 -200.2 -141.463 -73.1036 0 
-292.397 -292.397 -287.996 -288.461 -277.925 -247.103 -201.337 -141.938 -72.5003 0 
-296.836 -296.836 -285.418 -286.277 -276.412 -247.415 -201.995 -142.781 -72.9642 0 
-283.261 -283.261 -283.307 -284.743 -273.038 -244.802 -201.107 -143.028 -73.2595 0 
-291.944 -291.944 -283.109 -282.575 -269.864 -242.147 -199.217 -141.912 -72.7356 0 
-300.794 -300.794 -284.455 -284.132 -270.489 -241.713 -197.796 -140.274 -71.5978 0 
-294.851 -294.851 -278.134 -283.461 -271.762 -242.687 -197.648 -139.099 -70.849 0 
-288.668 -288.668 -275.701 -282.52 -272.913 -243.007 -196.634 -137.425 -69.9698 0 
-281.582 -281.582 -273.27 -280.266 -271.619 -241.969 -195.12 -136.853 -69.9849 0 
-299.455 -299.455 -282.243 -282.626 -272.264 -243.446 -196.574 -138.41 -70.7226 0 
-292.428 -292.428 -276.298 -281.616 -271.716 -243.546 -197.142 -138.273 -70.4893 0 
-283.639 -283.639 -273.54 -279.895 -269.76 -241.786 -196.882 -138.392 -70.7765 0 
-277.907 -277.907 -271.075 -278.581 -268.001 -240.01 -196.423 -139.088 -71.1973 0 
-277.422 -277.422 -268.188 -276.375 -266.158 -238.757 -195.49 -137.655 -70.217 0 
-269.747 -269.747 -261.231 -271.669 -264.804 -238.455 -194.955 -136.89 -69.4227 0 
-280.558 -280.558 -268.184 -278.071 -270.641 -241.458 -195.148 -136.954 -69.4617 0 
-273.184 -273.184 -263.076 -276.156 -270.919 -243.106 -197.23 -139.157 -71.0313 0 
-257.754 -257.754 -250.038 -268.251 -265.637 -240.28 -197.758 -141.178 -72.5476 0 
-274.694 -274.694 -251.288 -267.203 -264.442 -239.429 -198.175 -142.782 -73.5274 0 
-273.336 -273.336 -257.983 -270.472 -267.015 -241.847 -199.609 -143.902 -73.9325 0 
-291.502 -291.502 -263.824 -272.687 -270.418 -245.375 -200.916 -143.251 -73.146 0 
-273.58 -273.58 -259.807 -271.063 -272.438 -249.32 -203.116 -143.014 -72.6295 0 
-284.473 -284.473 -260.667 -271.632 -272.161 -249.555 -203.938 -143.23 -72.862 0 
-272.948 -272.948 -256.209 -270.481 -270.913 -248.259 -204.171 -143.698 -73.3756 0 
-286.901 -286.901 -259.565 -268.43 -268.901 -246.537 -203.252 -143.973 -73.9619 0 
-260.441 -260.441 -254.595 -266.785 -270.116 -248.165 -203.442 -143.847 -73.5966 0 
-268.525 -268.525 -260.741 -268.8 -270.818 -248.964 -203.692 -142.659 -72.0342 0 
-264.152 -264.152 -259.71 -270.886 -272.246 -248.195 -202.496 -140.996 -71.0062 0 
-266.291 -266.291 -259.654 -269.554 -271.062 -245.743 -199.782 -139.167 -69.9453 0 
-294.566 -294.566 -267.973 -271.287 -268.867 -243.053 -197.75 -137.253 -68.4889 0 
-260.91 -260.91 -258.018 -270.983 -270.694 -244.723 -197.755 -136.037 -67.7596 0 
-282.737 -282.737 -261.932 -273.046 -271.913 -244.708 -196.76 -135.336 -67.6011 0 
-267.906 -267.906 -257.713 -270.005 -269.298 -242.848 -196.362 -136.062 -67.8611 0 
-268.018 -268.018 -264.305 -275.575 -271.511 -242.141 -196.118 -137.135 -68.7916 0 
-282.332 -282.332 -267.448 -276.012 -274.029 -244.237 -197.135 -136.948 -68.767 0 
-297.801 -297.801 -270.212 -278.23 -277.983 -248.399 -200.246 -138.577 -69.6539 0 
-310.808 -310.808 -277.528 -281.104 -278.275 -250.328 -202.558 -140.136 -70.3751 0 
-312.318 -312.318 -277.194 -277.499 -273.606 -249.153 -203.5 -140.948 -70.4583 0 
-286.263 -286.263 -276.633 -279.151 -273.762 -248.607 -203.15 -141.101 -70.4208 0 
-308.393 -308.393 -285.893 -286.406 -277.273 -248.586 -202.973 -141.983 -71.2917 0 
-293.016 -293.016 -283.607 -288.704 -280.754 -251.889 -205.597 -142.822 -71.4601 0 
-306.86 -306.86 -290.984 -293.857 -284.571 -255.332 -208.438 -144.037 -72.0495 0 
-298.971 -298.971 -288.604 -294.156 -286.907 -257.338 -209.62 -144.682 -72.5221 0 
-301.929 -301.929 -284.744 -290.84 -286.419 -255.988 -207.153 -142.557 -71.7019 0 
-315.707 -315.707 -291.996 -293.473 -285.995 -253.528 -203.937 -140.1 -70.4681 0 
-338.268 -338.268 -304.391 -297.981 -286.394 -252.417 -202.127 -139.33 -69.8848 0 
-327.759 -327.759 -307.661 -302.424 -289.269 -254.947 -204.481 -140.753 -70.07 0 
-328.409 -328.409 -313.91 -310.867 -295.401 -260.307 -209.392 -143.547 -71.1495 0 
-336.178 -336.178 -319.631 -314.923 -298.398 -262.873 -210.207 -144.085 -71.7427 0 
-351.028 -351.028 -326.519 -315.717 -298.805 -264.142 -211.152 -144.599 -71.8745 0 
-338.172 -338.172 -325.043 -316.635 -299.972 -264.586 -211.297 -143.967 -71.3912 0 
-345.894 -345.894 -329.214 -321.654 -302.025 -263.311 -209.523 -142.26 -70.4838 0 
-364.379 -364.379 -340.65 -324.822 -304.801 -266.274 -210.729 -142.116 -70.0979 0 
-374.786 -374.786 -347.877 -328.174 -307.444 -268.728 -211.775 -143.087 -70.9621 0 
-345.698 -345.698 -329.256 -320.669 -304.957 -269.35 -212.794 -144.284 -71.8889 0 
-373.169 -373.169 -336.749 -326.143 -307.363 -270.349 -214.541 -145.98 -73.1027 0 
-345.66 -345.66 -326.414 -321.312 -306.014 -269.351 -214.682 -146.145 -73.1539 0 
-370.412 -370.412 -330.192 -319.887 -304.774 -266.515 -212.266 -145.027 -72.6051 0 
-320.652 -320.652 -318.517 -319.325 -305.958 -267.766 -213.075 -145.632 -72.741 0 
-354.313 -354.313 -325.295 -319.859 -305.176 -267.375 -213.467 -146.457 -73.0229 0 
-334.077 -334.077 -317.034 -314.626 -302.161 -265.875 -212.96 -146.843 -73.3214 0 
-360.845 -360.845 -323.117 -314.862 -302.308 -266.707 -213.532 -146.884 -73.3231 0 
-331.655 -331.655 -322.026 -317.102 -303.193 -265.704 -211.694 -145.309 -72.4766 0 
-329.826 -329.826 -317.517 -311.526 -298.901 -263.274 -209.875 -144.553 -72.377 0 
-340.053 -340.053 -321.828 -314.6 -299.943 -263.74 -209.751 -144.471 -72.1641 0 
-323.531 -323.531 -313.658 -314.787 -300.035 -263.282 -209.835 -144.95 -72.3805 0 
-326.687 -326.687 -309.011 -309.9 -297.225 -261.395 -209.3 -144.666 -72.4323 0 
-338.786 -338.786 -309.803 -307.578 -295.796 -261.608 -210.6 -145.35 -72.5753 0 
-350.194 -350.194 -314.899 -307.348 -294.799 -262.222 -211.553 -146 -72.6012 0 
-339.161 -339.161 -309.139 -301.862 -291.631 -261.59 -211.573 -146.084 -72.743 0 
-315.67 -315.67 -304.062 -300.76 -290.99 -261.574 -211.856 -146.364 -73.3891 0 
-314.887 -314.887 -302.668 -303.191 -291.701 -262.075 -212.829 -146.957 -73.6753 0 
-293.525 -293.525 -297.053 -304.493 -293.027 -261.841 -212.507 -147.193 -73.7475 0 
-304.413 -304.413 -296.054 -302.282 -291.181 -259.134 -209.291 -145.092 -72.7229 0 
-298.795 -298.795 -294.863 -298.617 -288.28 -257.305 -206.018 -141.593 -70.3773 0 
-302.814 -302.814 -293.043 -294.878 -285.634 -255.634 -204.75 -139.822 -68.9268 0 
-295.539 -295.539 -287.015 -293.058 -284.812 -255.041 -206.601 -141.197 -69.2869 0 
-312.222 -312.222 -293.216 -294.475 -284.279 -254.471 -207.44 -142.514 -70.2177 0 
-296.173 -296.173 -295.653 -298.997 -286.875 -255.201 -207.241 -143.789 -71.8374 0 
-299.759 -299.759 -299.499 -303.095 -289.138 -255.924 -206.675 -144.743 -73.2086 0 
-315.854 -315.854 -297.193 -299.217 -287.745 -256.071 -206.911 -144.966 -72.8764 0 
-289.528 -289.528 -286.111 -292.264 -284.272 -254.425 -206.685 -145.431 -73.0857 0 
-290.203 -290.203 -286.621 -292.215 -285.445 -255.881 -208.169 -146.329 -73.3776 0 
-287.845 -287.845 -288.677 -294.971 -287.257 -257.407 -209.008 -146.205 -73.3231 0 
-310.66 -310.66 -298.136 -298.47 -287.413 -257.294 -208.318 -145.676 -73.4093 0 
-333.816 -333.816 -309.669 -302.202 -285.622 -253.613 -204.797 -142.98 -71.879 0 
-339.168 -339.168 -321.343 -311.195 -288.826 -253.036 -203.558 -141.866 -71.3361 0 
-348.977 -348.977 -343.29 -330.981 -302.197 -260.075 -207.981 -145.563 -73.6221 0 
-387.557 -387.557 -385.314 -368.167 -331.878 -279.78 -221.492 -155.577 -79.7251 0 
-468.249 -468.249 -461.031 -437.791 -389.999 -314.854 -245.972 -175.338 -93.2876 0 
-576.85 -576.85 -568.963 -546.612 -492.653 -357.206 -276.439 -204.491 -115.414 0 
-700 -700 -700 -700 -700 -357.206 -276.439 -204.491 -115.414 0 
