0 13.968
1000 72.3566
2000 67.8826
3000 81.3452
4000 66.7662
5000 57.6973
6000 57.8999
7000 60.9453
8000 55.0134
9000 56.1806
10000 57.6487
11000 57.6724
12000 58.8515
13000 55.9896
14000 56.9418
15000 58.7316
16000 58.0813
17000 57.3385
18000 57.7831
19000 56.4906
20000 56.1713
21000 55.6487
22000 58.9809
23000 57.2614
24000 56.9059
25000 57.803
26000 54.8503
27000 55.9633
28000 57.0726
29000 56.1277
30000 57.4044
31000 55.494
32000 56.0106
33000 56.837
34000 53.9963
35000 56.7321
36000 57.194
37000 55.9989
38000 55.8516
39000 55.0255
40000 55.4581
41000 55.8713
42000 54.6138
43000 56.9159
44000 55.6004
45000 54.5936
46000 55.6975
47000 53.3606
48000 55.7553
49000 55.9414
50000 54.3277
51000 55.1433
52000 53.8145
53000 54.0175
54000 55.647
55000 53.84
56000 55.0132
57000 53.8196
58000 53.0459
59000 55.6133
60000 53.2525
61000 53.5973
62000 54.0687
63000 52.3004
64000 54.6643
65000 52.6427
66000 52.7489
67000 54.8842
68000 52.2912
69000 53.3452
70000 53.6646
71000 51.6969
72000 54.2753
73000 52.568
74000 52.6686
75000 54.7002
76000 51.5192
77000 53.304
78000 53.3238
79000 52.0533
80000 54.0627
81000 52.347
82000 52.6528
83000 53.8835
84000 50.9255
85000 53.9041
86000 52.5697
87000 51.3719
88000 53.7098
89000 51.4431
90000 52.4277
91000 53.1832
92000 51.2148
93000 53.5297
94000 52.0709
95000 51.4584
96000 53.5704
97000 50.8918
98000 52.3453
99000 52.0513
100000 50.6061
101000 53.5112
102000 51.3591
103000 51.1838
104000 53.1028
105000 50.1365
106000 53.1283
107000 51.7048
108000 49.9985
109000 53.7313
110000 50.4621
111000 51.0349
112000 52.7979
113000 49.4249
114000 53.0931
115000 51.7599
116000 50.0332
117000 53.5667
118000 49.0457
119000 51.7701
120000 52.6629
121000 48.4025
122000 53.2563
123000 50.83
124000 49.5059
125000 53.6142
126000 48.7432
127000 51.7574
128000 52.4549
129000 48.1461
130000 54.1694
131000 49.9843
132000 49.9869
133000 53.603
134000 47.7264
135000 52.9165
136000 52.4608
137000 47.6738
138000 54.1936
139000 49.1957
140000 50.8417
141000 54.8432
142000 47.2549
143000 53.532
144000 52.3128
145000 48.3805
146000 55.5487
147000 49.724
148000 50.6854
149000 55.4655
150000 47.7774
151000 54.6739
152000 52.8511
153000 48.5154
154000 57.3588
155000 49.5226
156000 52.2387
157000 57.2925
158000 47.5377
159000 56.6313
160000 54.2147
161000 49.0883
162000 60.5165
163000 50.3037
164000 53.8741
165000 60.0748
166000 48.5075
167000 60.471
168000 56.4489
169000 50.3416
170000 64.3114
171000 52.304
172000 57.0281
173000 64.2635
174000 50.2704
175000 64.3147
176000 60.9495
177000 53.3589
178000 70.5598
179000 56.1389
180000 61.2594
181000 71.8895
182000 54.6444
183000 72.4281
184000 68.9717
185000 58.673
186000 81.1525
187000 65.2271
188000 69.2899
189000 85.5875
190000 63.5901
191000 84.2797
192000 84.8506
193000 69.6641
194000 98.9548
195000 81.8569
196000 84.1387
197000 108.46
198000 82.9786
199000 105.03
200000 114.002
201000 92.4395
202000 127.971
203000 116.524
204000 110.666
205000 147.801
206000 123.091
207000 138.662
208000 162.892
209000 136.464
210000 172.108
211000 176.362
212000 159.088
213000 203.263
214000 190.147
215000 189.046
216000 228.061
217000 207.696
218000 223.17
219000 248.163
220000 226.955
221000 254.65
222000 263.882
223000 249.413
224000 282.013
225000 281.134
226000 275.686
227000 307.583
228000 300.222
229000 306.991
230000 332.971
231000 324.847
232000 343.728
233000 362.995
234000 357.376
235000 386.118
236000 397.162
237000 398.077
238000 429.669
239000 432.536
240000 442.399
241000 470.209
242000 465.896
243000 483.816
244000 501.348
245000 495.345
246000 515.05
247000 519.733
248000 515.967
249000 528.277
250000 523.037
251000 524.603
252000 527.668
253000 516.3
254000 522.648
255000 519.285
256000 512.076
257000 520.239
258000 511.105
259000 512.394
260000 518.73
261000 510.21
262000 517.441
263000 518.751
264000 512.65
265000 520.337
266000 516.766
267000 512.2
268000 516.475
269000 509.849
270000 505.716
271000 505.434
272000 496.636
273000 494.965
274000 490.599
275000 482.905
276000 484.382
277000 479.354
278000 475.797
279000 480.178
280000 474.977
281000 477.439
282000 481.522
283000 475.772
284000 481.892
285000 482.942
286000 477.501
287000 483.547
288000 479.912
289000 475.919
290000 479.437
291000 471.941
292000 471.543
293000 470.489
294000 463.233
295000 466.741
296000 462.997
297000 459.604
298000 464.928
299000 459.574
300000 462.662
301000 466.136
302000 461.927
303000 471.885
304000 473.32
305000 475.172
306000 489.699
307000 494.651
308000 518.06
309000 539.822
310000 563.193
311000 607.817
312000 644.399
313000 710.698
314000 774.695
315000 872.311
316000 1000.71
317000 1166.86
318000 1389.89
319000 1656.78
320000 1993.79
321000 2379.41
