0 30947
1000 30374
2000 30109
3000 30170
4000 29597
5000 28668
6000 28509
7000 28583
8000 28643
9000 28453
10000 28411
11000 28482
12000 28567
13000 28579
14000 28567
15000 28564
16000 28598
17000 28648
18000 28686
19000 28706
20000 28773
21000 28806
22000 28875
23000 28958
24000 29027
25000 29106
26000 29150
27000 29202
28000 29276
29000 29338
30000 29402
31000 29457
32000 29501
33000 29573
34000 29637
35000 29715
36000 29760
37000 29830
38000 29895
39000 29957
40000 30007
41000 30085
42000 30160
43000 30240
44000 30303
45000 30359
46000 30426
47000 30497
48000 30561
49000 30634
50000 30695
51000 30767
52000 30840
53000 30919
54000 30979
55000 31053
56000 31134
57000 31186
58000 31255
59000 31352
60000 31428
61000 31481
62000 31557
63000 31650
64000 31714
65000 31815
66000 31885
67000 31958
68000 32025
69000 32089
70000 32176
71000 32244
72000 32317
73000 32381
74000 32465
75000 32549
76000 32625
77000 32692
78000 32777
79000 32872
80000 32944
81000 33012
82000 33097
83000 33180
84000 33256
85000 33341
86000 33421
87000 33490
88000 33571
89000 33649
90000 33731
91000 33834
92000 33913
93000 33994
94000 34056
95000 34158
96000 34226
97000 34284
98000 34390
99000 34462
100000 34538
101000 34606
102000 34696
103000 34792
104000 34868
105000 34946
106000 35028
107000 35103
108000 35190
109000 35256
110000 35333
111000 35430
112000 35520
113000 35584
114000 35675
115000 35756
116000 35830
117000 35920
118000 35990
119000 36077
120000 36162
121000 36235
122000 36334
123000 36411
124000 36509
125000 36591
126000 36696
127000 36759
128000 36836
129000 36925
130000 36997
131000 37091
132000 37162
133000 37245
134000 37319
135000 37416
136000 37508
137000 37599
138000 37685
139000 37783
140000 37853
141000 37945
142000 38051
143000 38151
144000 38220
145000 38281
146000 38374
147000 38472
148000 38561
149000 38670
150000 38752
151000 38848
152000 38940
153000 39042
154000 39132
155000 39245
156000 39327
157000 39405
158000 39514
159000 39597
160000 39681
161000 39772
162000 39874
163000 39961
164000 40051
165000 40166
166000 40272
167000 40388
168000 40500
169000 40599
170000 40705
171000 40866
172000 40978
173000 41091
174000 41223
175000 41353
176000 41459
177000 41621
178000 41726
179000 41863
180000 42018
181000 42160
182000 42304
183000 42427
184000 42573
185000 42740
186000 42872
187000 43028
188000 43192
189000 43339
190000 43531
191000 43725
192000 43902
193000 44103
194000 44280
195000 44437
196000 44664
197000 44852
198000 45049
199000 45239
200000 45339
201000 45542
202000 45743
203000 45865
204000 46104
205000 46232
206000 46444
207000 46697
208000 46804
209000 47056
210000 47295
211000 47410
212000 47682
213000 47831
214000 47922
215000 48176
216000 48257
217000 48463
218000 48751
219000 48797
220000 49103
221000 49413
222000 49603
223000 49906
224000 50225
225000 50511
226000 50900
227000 51211
228000 51599
229000 52047
230000 52464
231000 52979
232000 53567
233000 54022
234000 54622
235000 55173
236000 55787
237000 56452
238000 57148
239000 57808
240000 58544
241000 59218
242000 59891
243000 60643
244000 61284
245000 61962
246000 62659
247000 63228
248000 63867
249000 64497
250000 65211
251000 65955
252000 66672
253000 67493
254000 68256
255000 69030
256000 69877
257000 70722
258000 71609
259000 72516
260000 73438
261000 74383
262000 75327
263000 76313
264000 77385
265000 78460
266000 79593
267000 80746
268000 81938
269000 83075
270000 84260
271000 85461
272000 86676
273000 87895
274000 89127
275000 90336
276000 91583
277000 92831
278000 94058
279000 95337
280000 96634
281000 97902
282000 99269
283000 100628
284000 102048
285000 103450
286000 104906
287000 106422
288000 107935
289000 109462
290000 110981
291000 112604
292000 114141
293000 115841
294000 117444
295000 119026
296000 120653
297000 122362
298000 124075
299000 125816
300000 127553
301000 129357
302000 131117
303000 133017
304000 134902
305000 136837
306000 138877
307000 140919
308000 143051
309000 145276
310000 147754
311000 150070
312000 152548
313000 155109
314000 157557
315000 160426
316000 162355
317000 165053
318000 166460
319000 169715
320000 172700
321000 176564
