0 24965
1000 25069
2000 25204
3000 25394
4000 25541
5000 25624
6000 25700
7000 25775
8000 25804
9000 25820
10000 25823
11000 25808
12000 25799
13000 25757
14000 25707
15000 25640
16000 25610
17000 25538
18000 25469
19000 25386
20000 25334
21000 25246
22000 25205
23000 25158
24000 25096
25000 25046
26000 24999
27000 24970
28000 24941
29000 24919
30000 24905
31000 24877
32000 24853
33000 24833
34000 24812
35000 24824
36000 24814
37000 24830
38000 24823
39000 24812
40000 24808
41000 24810
42000 24790
43000 24787
44000 24805
45000 24807
46000 24812
47000 24825
48000 24830
49000 24849
50000 24848
51000 24863
52000 24891
53000 24924
54000 24931
55000 24962
56000 24984
57000 25014
58000 25020
59000 25071
60000 25083
61000 25095
62000 25123
63000 25175
64000 25212
65000 25282
66000 25327
67000 25341
68000 25376
69000 25415
70000 25442
71000 25477
72000 25509
73000 25542
74000 25597
75000 25654
76000 25697
77000 25739
78000 25782
79000 25838
80000 25862
81000 25911
82000 25950
83000 25995
84000 26040
85000 26101
86000 26146
87000 26179
88000 26235
89000 26281
90000 26332
91000 26389
92000 26436
93000 26482
94000 26509
95000 26583
96000 26615
97000 26663
98000 26727
99000 26784
100000 26814
101000 26846
102000 26897
103000 26974
104000 27009
105000 27051
106000 27109
107000 27166
108000 27210
109000 27247
110000 27296
111000 27367
112000 27441
113000 27472
114000 27551
115000 27605
116000 27663
117000 27736
118000 27781
119000 27842
120000 27892
121000 27926
122000 28001
123000 28049
124000 28128
125000 28211
126000 28294
127000 28343
128000 28404
129000 28471
130000 28519
131000 28584
132000 28626
133000 28691
134000 28757
135000 28816
136000 28900
137000 28974
138000 29042
139000 29111
140000 29156
141000 29239
142000 29330
143000 29410
144000 29453
145000 29509
146000 29577
147000 29660
148000 29724
149000 29809
150000 29866
151000 29938
152000 30031
153000 30107
154000 30183
155000 30283
156000 30347
157000 30427
158000 30510
159000 30570
160000 30662
161000 30741
162000 30832
163000 30921
164000 30994
165000 31091
166000 31180
167000 31278
168000 31404
169000 31479
170000 31594
171000 31736
172000 31831
173000 31953
174000 32060
175000 32185
176000 32327
177000 32473
178000 32599
179000 32759
180000 32903
181000 33068
182000 33215
183000 33342
184000 33499
185000 33653
186000 33796
187000 33976
188000 34147
189000 34361
190000 34560
191000 34769
192000 35008
193000 35219
194000 35457
195000 35696
196000 35946
197000 36223
198000 36464
199000 36685
200000 36935
201000 37226
202000 37509
203000 37810
204000 38138
205000 38490
206000 38794
207000 39122
208000 39487
209000 39826
210000 40190
211000 40596
212000 40989
213000 41355
214000 41725
215000 42149
216000 42537
217000 42915
218000 43356
219000 43768
220000 44200
221000 44634
222000 45139
223000 45539
224000 45978
225000 46419
226000 46874
227000 47320
228000 47793
229000 48251
230000 48749
231000 49247
232000 49794
233000 50254
234000 50796
235000 51299
236000 51865
237000 52454
238000 53081
239000 53712
240000 54389
241000 55065
242000 55716
243000 56441
244000 57170
245000 57865
246000 58628
247000 59391
248000 60079
249000 60866
250000 61657
251000 62417
252000 63266
253000 64097
254000 64860
255000 65677
256000 66501
257000 67384
258000 68264
259000 69133
260000 70076
261000 70988
262000 71861
263000 72823
264000 73831
265000 74810
266000 75883
267000 76914
268000 77986
269000 79042
270000 80109
271000 81201
272000 82341
273000 83475
274000 84614
275000 85725
276000 86874
277000 88058
278000 89205
279000 90391
280000 91602
281000 92769
282000 94072
283000 95367
284000 96696
285000 98041
286000 99383
287000 100810
288000 102242
289000 103677
290000 105117
291000 106619
292000 108030
293000 109623
294000 111114
295000 112557
296000 114087
297000 115694
298000 117311
299000 118948
300000 120550
301000 122303
302000 124001
303000 125784
304000 127621
305000 129454
306000 131451
307000 133454
308000 135536
309000 137829
310000 140351
311000 142935
312000 145601
313000 148534
314000 151655
315000 155000
316000 158457
317000 162128
318000 166120
319000 170476
320000 175296
321000 180686
