0 3.74697
1000 6.24271
2000 11.5587
3000 17.4306
4000 21.8029
5000 26.8987
6000 33.0105
7000 38.2734
8000 41.7023
9000 43.701
10000 44.3407
11000 50.5372
12000 49.9678
13000 49.1544
14000 48.4549
15000 47.0073
16000 47.307
17000 44.792
18000 41.9415
19000 39.5419
20000 38.2141
21000 43.1645
22000 42.79
23000 41.0857
24000 40.5452
25000 38.7439
26000 37.7262
27000 36.5287
28000 35.4755
29000 34.2301
30000 33.1734
31000 38.0042
32000 37.254
33000 36.6899
34000 34.0774
35000 33.3904
36000 33.3121
37000 33.6841
38000 33.1127
39000 32.1697
40000 32.0992
41000 36.5516
42000 34.4225
43000 33.583
44000 32.4476
45000 31.5372
46000 30.3977
47000 30.3907
48000 30.0358
49000 29.6072
50000 28.2241
51000 32.2317
52000 32.2117
53000 31.898
54000 30.9108
55000 30.3519
56000 29.1576
57000 29.1921
58000 28.231
59000 28.4562
60000 27.212
61000 31.236
62000 30.7278
63000 30.2736
64000 29.8641
65000 29.1599
66000 28.3414
67000 27.7104
68000 26.958
69000 27.7395
70000 26.5572
71000 30.6569
72000 29.3873
73000 28.9905
74000 28.3921
75000 27.9178
76000 27.3344
77000 27.3701
78000 27.0071
79000 26.7822
80000 25.9312
81000 29.6798
82000 29.6615
83000 28.9753
84000 28.3824
85000 28.1796
86000 27.5687
87000 26.9069
88000 26.8465
89000 25.2789
90000 25.8773
91000 29.5005
92000 29.2987
93000 28.8932
94000 27.8795
95000 28.7224
96000 28.1786
97000 27.9187
98000 27.0333
99000 27.2937
100000 26.7605
101000 30.0204
102000 28.9628
103000 29.3649
104000 27.8763
105000 27.4442
106000 27.7789
107000 27.6326
108000 26.8601
109000 26.1916
110000 25.5284
111000 28.4689
112000 28.362
113000 27.2475
114000 27.0423
115000 26.2394
116000 26.5779
117000 26.3591
118000 26.4438
119000 25.6517
120000 25.963
121000 29.5694
122000 28.8767
123000 28.0336
124000 28.1051
125000 27.6812
126000 27.56
127000 26.798
128000 26.8985
129000 27.1238
130000 27.0796
131000 29.6423
132000 29.654
133000 28.9859
134000 28.7802
135000 28.4224
136000 27.7237
137000 27.1609
138000 27.0326
139000 25.3862
140000 25.2422
141000 29.0369
142000 29.5248
143000 29.6879
144000 28.9881
145000 28.9655
146000 27.7816
147000 28.3949
148000 26.8615
149000 26.0845
150000 25.2696
151000 28.9347
152000 29.1969
153000 28.8376
154000 28.1111
155000 27.7894
156000 28.0101
157000 27.6402
158000 27.0291
159000 25.8173
160000 26.268
161000 29.355
162000 30.3003
163000 29.7929
164000 29.8182
165000 28.452
166000 27.4068
167000 27.1757
168000 26.57
169000 26.8362
170000 26.2189
171000 30.007
172000 29.9417
173000 28.9429
174000 28.2024
175000 27.1947
176000 26.895
177000 26.461
178000 26.0322
179000 26.5649
180000 26.1414
181000 29.9929
182000 29.7957
183000 30.2207
184000 29.466
185000 29.0927
186000 27.6577
187000 27.0925
188000 26.5064
189000 27.3595
190000 26.7611
191000 29.4216
192000 29.18
193000 29.7158
194000 29.1593
195000 29.088
196000 28.3502
197000 28.5819
198000 27.8723
199000 27.4969
200000 26.6851
201000 30.3501
202000 29.5357
203000 28.6856
204000 29.1286
205000 30.0033
206000 29.029
207000 27.5209
208000 27.4361
209000 25.8497
210000 25.9171
211000 29.3186
212000 29.7792
213000 29.8754
214000 28.6505
215000 27.3702
216000 26.0268
217000 24.9284
218000 25.1099
219000 25.1051
220000 25.4896
221000 27.8709
222000 27.6343
223000 27.678
224000 26.1777
225000 25.3681
226000 25.8755
227000 24.7822
228000 24.4982
229000 24.2951
230000 24.5783
231000 27.3992
232000 26.7932
233000 26.3579
234000 25.9134
235000 25.1348
236000 24.0129
237000 23.5835
238000 22.6877
239000 22.8665
240000 22.1877
241000 24.493
242000 24.4905
243000 24.9273
244000 23.812
245000 23.1348
246000 22.5442
247000 22.7945
248000 22.3433
249000 22.1338
250000 21.2941
251000 23.9685
252000 23.6731
253000 22.6731
254000 22.5295
255000 21.584
256000 20.6112
257000 20.8476
258000 20.7959
259000 20.0383
260000 19.8917
261000 22.1667
262000 21.2891
263000 21.3235
264000 21.3574
265000 21.0006
266000 20.9005
267000 20.5908
268000 19.4902
269000 19.5239
270000 19.1902
271000 20.7751
272000 20.0496
273000 20.0246
274000 19.4179
275000 19.0375
276000 18.0707
277000 18.4333
278000 18.5279
279000 18.8807
280000 18.4108
281000 20.3656
282000 19.0969
283000 18.993
284000 18.7778
285000 18.2563
286000 17.9204
287000 17.5072
288000 16.6824
289000 17.0622
290000 16.83
291000 18.5798
292000 18.2694
293000 17.5185
294000 17.4918
295000 16.9468
296000 16.9297
297000 16.9769
298000 16.8883
299000 16.1952
300000 15.5474
301000 17.3152
302000 16.8476
303000 16.5123
304000 16.2941
305000 15.7058
306000 15.9162
307000 15.3111
308000 14.8348
309000 14.834
310000 14.5208
311000 16.6106
312000 15.9329
313000 16.2539
314000 16.0963
315000 16.0587
316000 16.8498
317000 16.5539
318000 18.3408
319000 20.2591
320000 23.1458
321000 28.7097
