-700 -700 -700 -700 -700 -700 -700 -700 -700 -700 -700 -700 -700 -700 -700 -700 -700 -700 -700 -700 -700 -700 -700 -700 -700 -584.265 -544.518 -511.085 -481.259 -453.511 -427.327 -401.818 -376.597 -352.072 -328.102 -304.477 -280.986 -257.527 -234.105 -210.427 -186.868 -163.607 -140.956 -119.059 -97.8602 -77.2814 -57.2567 -37.7311 -18.6589 0 
-699.105 -699.105 -699.075 -698.985 -698.778 -698.427 -698.051 -697.736 -697.452 -697.138 -696.817 -697.025 -696.813 -696.143 -695.572 -694.911 -693.807 -692.157 -689.931 -687.093 -683.449 -678.559 -671.471 -659.878 -637.426 -584.265 -544.518 -511.085 -481.259 -453.511 -427.327 -401.818 -376.597 -352.072 -328.102 -304.477 -280.986 -257.527 -234.105 -210.427 -186.868 -163.607 -140.956 -119.059 -97.8602 -77.2814 -57.2567 -37.7311 -18.6589 0 
-698.257 -698.257 -698.246 -698.138 -697.771 -696.955 -696.097 -695.483 -694.971 -694.321 -693.661 -694.644 -694.11 -692.671 -691.574 -690.322 -688.245 -685.005 -680.612 -675.162 -668.357 -659.6 -647.871 -631.355 -607.135 -572.616 -539.331 -508.444 -479.801 -452.637 -426.928 -401.631 -376.325 -351.82 -327.96 -304.441 -281.011 -257.607 -234.267 -210.498 -186.825 -163.443 -140.732 -118.863 -97.7143 -77.1786 -57.1873 -37.6884 -18.6386 0 
-697.432 -697.432 -697.545 -697.631 -697.365 -695.692 -694.023 -693.211 -692.705 -692.137 -691.901 -693.913 -692.821 -690.952 -689.321 -686.968 -683.834 -679.076 -672.625 -664.908 -655.606 -644.1 -629.699 -611.42 -588.272 -560.429 -531.557 -503.157 -475.785 -449.272 -423.663 -398.462 -373.473 -349.081 -325.177 -301.601 -278.195 -254.886 -231.693 -208.374 -185.23 -162.385 -140.085 -118.446 -97.4293 -76.9816 -57.0547 -37.6066 -18.5997 0 
-696.442 -696.442 -696.821 -697.507 -697.848 -694.562 -691.296 -690.729 -690.567 -690.339 -690.444 -692.029 -690.578 -688.927 -687.304 -684.26 -680.238 -674.21 -666.14 -656.688 -645.58 -632.111 -616.149 -597.254 -575.168 -550.31 -524.132 -497.67 -471.463 -445.665 -420.251 -395.172 -370.444 -346.155 -322.265 -298.688 -275.336 -252.161 -229.145 -206.252 -183.58 -161.221 -139.3 -117.903 -97.0466 -76.7124 -56.8716 -37.4928 -18.5453 0 
-694.89 -694.89 -695.528 -696.794 -697.698 -692.611 -687.565 -687.909 -688.519 -688.69 -689.236 -689.665 -687.832 -686.496 -685.3 -682.252 -677.803 -670.709 -661.361 -650.627 -638.262 -623.316 -606.324 -587.172 -565.812 -542.534 -518.002 -492.904 -467.661 -442.504 -417.32 -392.333 -367.743 -343.56 -319.739 -296.221 -272.947 -249.899 -227.079 -204.494 -182.181 -160.159 -138.505 -117.311 -96.6097 -76.3963 -56.6528 -37.3555 -18.4794 0 
-692.387 -692.387 -693.131 -694.707 -696.134 -691.637 -686.871 -686.728 -686.886 -686.68 -687.113 -686.735 -685.706 -685.65 -684.902 -681.669 -677.051 -669.003 -658.392 -646.371 -632.866 -617.06 -599.479 -580.177 -559.305 -536.967 -513.394 -489.178 -464.577 -439.795 -414.774 -389.873 -365.398 -341.329 -317.607 -294.176 -270.976 -248.03 -225.374 -203.039 -181.046 -159.263 -137.76 -116.715 -96.1496 -76.0545 -56.4124 -37.203 -18.4057 0 
-688.777 -688.777 -689.316 -690.503 -691.691 -690.363 -689.08 -687.768 -686.274 -685.208 -684.966 -683.872 -682.993 -683.601 -683.576 -680.642 -675.769 -667.653 -656.824 -643.873 -629.259 -612.981 -595.054 -575.625 -555.163 -533.36 -510.193 -486.398 -461.959 -437.148 -412.312 -387.685 -363.403 -339.476 -315.878 -292.567 -269.393 -246.487 -223.939 -201.812 -180.104 -158.495 -137.064 -116.123 -95.6811 -75.7013 -56.1613 -37.0427 -18.328 0 
-684.365 -684.365 -684.414 -685.514 -686.598 -688.069 -688.831 -687.233 -685.717 -683.826 -682.142 -681.342 -680.94 -681.01 -681.146 -679.406 -674.361 -666.383 -655.965 -642.845 -627.489 -610.48 -592.147 -572.777 -552.625 -530.809 -507.662 -484.072 -459.674 -434.993 -410.367 -385.939 -361.81 -338.012 -314.551 -291.383 -268.156 -245.199 -222.673 -200.583 -178.906 -157.452 -136.263 -115.512 -95.2104 -75.3474 -55.9088 -36.8809 -18.2493 0 
-679.873 -679.873 -678.49 -680.694 -682.137 -685.355 -687.298 -686.039 -686.239 -685.229 -683.413 -682.809 -682.108 -681.005 -679.978 -678.199 -673.016 -664.925 -654.086 -641.108 -626.336 -609.198 -590.381 -570.793 -550.396 -528.513 -505.692 -482.412 -458.161 -433.623 -409.043 -384.677 -360.632 -336.93 -313.513 -290.331 -267.051 -244.068 -221.558 -199.494 -177.832 -156.502 -135.515 -114.928 -94.7578 -75.0056 -55.6639 -36.7233 -18.1724 0 
-677.769 -677.769 -675.458 -680.695 -683.529 -686.537 -689.96 -688.913 -689.121 -687.995 -685.286 -684.434 -684.053 -682.82 -680.038 -676.434 -671.039 -663.51 -652.654 -640.181 -626.546 -609.626 -590.108 -570.114 -549.378 -527.44 -504.741 -481.464 -457.453 -433.052 -408.32 -383.873 -359.86 -336.275 -312.765 -289.275 -265.959 -243.042 -220.583 -198.563 -176.952 -155.719 -134.863 -114.4 -94.3413 -74.6873 -55.4342 -36.5746 -18.0997 0 
-683.976 -683.976 -684.308 -688.961 -689.461 -690.702 -693.649 -693.531 -693.712 -692.542 -688.315 -686.432 -685.43 -683.467 -679.769 -675.468 -670.081 -662.338 -651.552 -639.94 -627.227 -610.538 -590.578 -570.5 -549.761 -527.923 -505.227 -481.831 -457.765 -433.123 -408.062 -383.419 -359.405 -335.957 -312.346 -288.509 -265.07 -242.169 -219.754 -197.784 -176.229 -155.073 -134.309 -113.94 -93.9711 -74.4005 -55.2251 -36.4385 -18.0329 0 
-689.691 -689.691 -691.843 -695.83 -695.259 -696.088 -696.647 -695.62 -696.113 -696.039 -691.057 -688.034 -685.847 -683.078 -678.968 -674.641 -669.679 -661.608 -651.022 -639.788 -626.826 -610.395 -590.609 -570.496 -550.09 -529.17 -506.84 -483.308 -458.778 -433.385 -407.977 -383.119 -358.831 -335 -311.234 -287.537 -264.243 -241.424 -219.066 -197.145 -175.643 -154.546 -133.849 -113.55 -93.6513 -74.1493 -55.04 -36.317 -17.973 0 
-692.182 -692.182 -693.241 -694.772 -694.125 -694.728 -695.166 -695.148 -695.727 -696.08 -692.13 -689.348 -687.029 -684.327 -679.449 -673.895 -668.212 -659.937 -650.103 -639.398 -626.012 -609.766 -590.946 -571.32 -550.995 -530.409 -508.276 -484.873 -460.055 -434.048 -408.181 -383.044 -358.541 -334.363 -310.417 -286.791 -263.583 -240.829 -218.522 -196.646 -175.184 -154.129 -133.477 -113.229 -93.3822 -73.9343 -54.8796 -36.2109 -17.9204 0 
-693.094 -693.094 -693.518 -692.979 -691.573 -691.814 -693.666 -695.07 -694.918 -694.968 -692.225 -689.441 -685.902 -682.715 -678.103 -672.305 -666.188 -658.7 -649.847 -640.236 -627.554 -611.387 -592.965 -573.497 -552.462 -531.297 -508.801 -485.419 -460.502 -434.536 -408.444 -383.136 -358.562 -334.147 -309.978 -286.295 -263.108 -240.395 -218.13 -196.286 -174.851 -153.817 -133.189 -112.971 -93.1609 -73.754 -54.7431 -36.1197 -17.875 0 
-693.385 -693.385 -694.507 -692.405 -689.209 -688.519 -691.227 -693.037 -692.964 -692.395 -690.258 -688.051 -683.403 -679.72 -676.168 -671.174 -665.263 -658.805 -650.449 -640.889 -628.027 -612.569 -595.499 -576.075 -553.547 -531.543 -508.512 -484.52 -459.491 -434.108 -408.463 -383.165 -358.522 -333.965 -309.689 -285.972 -262.798 -240.121 -217.897 -196.074 -174.647 -153.607 -132.978 -112.771 -92.9821 -73.6047 -54.6282 -36.0422 -17.8361 0 
-691.968 -691.968 -694.406 -693.817 -691.078 -689.207 -690.713 -692.263 -692.838 -692.241 -689.436 -686.786 -682.668 -679.074 -676.024 -671.552 -665.616 -658.67 -650 -640.398 -627.677 -612.811 -596.397 -576.675 -553.349 -530.814 -507.505 -483.281 -458.359 -433.163 -408.119 -383.106 -358.421 -333.79 -309.491 -285.777 -262.626 -240.001 -217.844 -196.018 -174.587 -153.494 -132.832 -112.616 -92.8373 -73.4804 -54.5312 -35.9761 -17.8029 0 
-685.818 -685.818 -686.567 -691.354 -694.127 -693.908 -692.701 -692.388 -692.25 -691.678 -689.367 -686.829 -684.203 -681.072 -677.907 -673.124 -666.548 -658.845 -649.557 -639.632 -627.832 -613.29 -596.189 -575.916 -552.917 -529.995 -506.124 -481.711 -457.017 -432.083 -407.405 -382.811 -358.123 -333.546 -309.358 -285.687 -262.565 -240.016 -217.984 -196.118 -174.682 -153.46 -132.727 -112.491 -92.7149 -73.374 -54.4476 -35.9192 -17.7742 0 
-688.337 -688.337 -687.772 -692.124 -694.989 -695.271 -692.869 -692.377 -691.592 -690.233 -689.214 -687.655 -686.653 -683.671 -679.733 -674.491 -666.675 -658.45 -649.186 -639.322 -627.985 -613.345 -596.048 -576.113 -553.811 -530.393 -505.678 -480.745 -456.02 -431.469 -406.973 -382.515 -357.757 -333.342 -309.374 -285.717 -262.563 -240.041 -218.083 -196.188 -174.739 -153.41 -132.615 -112.369 -92.6022 -73.2784 -54.3735 -35.8688 -17.7489 0 
-693.533 -693.533 -689.58 -693.133 -696.292 -696.299 -692.736 -693.043 -692.328 -689.707 -689.397 -688.557 -688.365 -685.927 -682.037 -676.409 -667.133 -658.34 -649.266 -639.586 -628.161 -613.107 -595.695 -576.109 -553.75 -529.808 -505.17 -480.256 -455.606 -431.331 -406.832 -382.203 -357.508 -333.378 -309.72 -285.912 -262.552 -239.827 -217.668 -195.776 -174.323 -153.138 -132.44 -112.233 -92.4909 -73.1889 -54.3057 -35.8234 -17.7262 0 
-703.449 -703.449 -695.395 -695.109 -696.089 -695.541 -693.124 -693.785 -692.914 -690.687 -689.502 -688.055 -688.286 -687.987 -684.233 -677.288 -667.999 -659.443 -650.079 -639.397 -626.914 -611.902 -594.714 -575.086 -552.332 -528.111 -503.965 -479.604 -455.271 -430.855 -406.299 -381.731 -357.312 -333.532 -310.219 -286.183 -262.545 -239.643 -217.333 -195.443 -173.97 -152.891 -132.262 -112.097 -92.3832 -73.1047 -54.2433 -35.7821 -17.7056 0 
-703.578 -703.578 -698.176 -697.219 -696.535 -695.475 -693.722 -693.628 -692.247 -691.331 -690.699 -689.134 -688.884 -688.961 -684.29 -677.011 -668.729 -661.019 -651.623 -639.935 -626.16 -610.175 -592.659 -573.412 -551.407 -527.694 -503.735 -479.677 -455.696 -430.967 -406.117 -381.474 -357.136 -333.338 -309.932 -285.923 -262.359 -239.476 -217.16 -195.249 -173.754 -152.701 -132.107 -111.972 -92.2836 -73.0274 -54.1863 -35.7446 -17.6871 0 
-697.983 -697.983 -696.3 -697.078 -696.953 -696.237 -695.345 -694.612 -692.879 -692.9 -692.897 -691.066 -690.508 -688.867 -683.32 -676.615 -668.55 -660.85 -651.654 -640.013 -626.175 -609.531 -591.713 -573.121 -552.167 -528.951 -504.65 -480.366 -456.486 -431.572 -406.454 -381.644 -357.166 -333.159 -309.407 -285.528 -262.131 -239.354 -217.142 -195.19 -173.627 -152.56 -131.978 -111.863 -92.195 -72.9581 -54.1354 -35.7111 -17.6706 0 
-693.174 -693.174 -691.746 -692.01 -693.756 -695.062 -695.51 -694.065 -692.543 -693.086 -692.833 -692.016 -691.77 -687.177 -681.655 -676.2 -669.136 -661.194 -651.959 -640.267 -626.185 -609.562 -591.957 -573.909 -553.412 -530.399 -505.865 -481.083 -456.886 -432.122 -407.024 -382.109 -357.472 -333.24 -309.077 -285.222 -261.923 -239.253 -217.159 -195.17 -173.531 -152.441 -131.868 -111.768 -92.1178 -72.8975 -54.0908 -35.6818 -17.6561 0 
-691.279 -691.279 -691.122 -691.699 -691.746 -694.046 -695.659 -693.519 -692.077 -692.604 -691.808 -692.318 -693.098 -686.499 -680.614 -675.869 -669.222 -660.261 -650.706 -639.572 -625.42 -609.219 -592.097 -573.757 -552.816 -530.017 -506.124 -481.589 -457.213 -432.49 -407.219 -382.213 -357.737 -333.377 -308.953 -285.035 -261.724 -238.991 -216.787 -194.866 -173.345 -152.314 -131.768 -111.687 -92.0521 -72.8461 -54.0528 -35.6568 -17.6438 0 
-689.606 -689.606 -690.446 -691.453 -689.465 -691.369 -692.917 -691.962 -692.192 -692.894 -691.871 -692.024 -691.942 -686.158 -681.688 -676.958 -669.498 -659.991 -650.205 -639.088 -624.908 -609.164 -592.261 -573.625 -552.694 -530.41 -506.979 -482.435 -457.474 -432.523 -407.267 -382.187 -357.748 -333.235 -308.815 -284.915 -261.586 -238.806 -216.522 -194.647 -173.199 -152.21 -131.687 -111.621 -91.9989 -72.8042 -54.0217 -35.6363 -17.6336 0 
-686.664 -686.664 -686.833 -687.807 -689.332 -689.693 -690.374 -691.784 -692.883 -691.828 -689.994 -689.83 -688.383 -685.862 -683.638 -678.082 -669.91 -660.517 -650.732 -639.299 -625.375 -610.177 -592.813 -573.917 -553.006 -530.904 -507.566 -482.953 -457.379 -432.019 -406.824 -381.785 -357.391 -333.089 -308.866 -284.898 -261.54 -238.735 -216.429 -194.558 -173.123 -152.146 -131.632 -111.574 -91.9591 -72.7721 -53.9975 -35.6202 -17.6255 0 
-683.462 -683.462 -682.457 -683.792 -688.706 -687.643 -688.71 -692.637 -694.049 -691.361 -688.192 -687.526 -685.884 -684.75 -683.413 -678.46 -670.38 -661.235 -651.677 -640.319 -626.794 -611.984 -594.02 -575.035 -554.291 -531.753 -508.196 -483.348 -457.433 -431.689 -406.275 -381.243 -356.771 -332.69 -308.871 -284.947 -261.581 -238.775 -216.482 -194.587 -173.119 -152.124 -131.603 -111.545 -91.9323 -72.7494 -53.9799 -35.6083 -17.6195 0 
-681.765 -681.765 -680.526 -683.839 -688.214 -685.559 -686.744 -691.029 -692.315 -691.15 -688.249 -687.396 -685.536 -682.891 -680.499 -676.701 -670.251 -661.818 -651.922 -640.355 -627.271 -613.026 -595.864 -577.254 -556.267 -532.802 -508.77 -483.802 -457.774 -431.73 -406.041 -380.927 -356.324 -332.153 -308.399 -284.803 -261.698 -238.912 -216.682 -194.729 -173.174 -152.135 -131.596 -111.531 -91.9167 -72.7351 -53.9683 -35.6001 -17.6154 0 
-684.469 -684.469 -684.295 -686.614 -688.602 -686.714 -686.475 -689.619 -692.215 -693.04 -690.377 -688.026 -683.988 -681.662 -680.251 -676.991 -670.959 -662.774 -652.812 -641.271 -628.607 -614.594 -597.407 -577.919 -556.505 -533.12 -508.661 -483.512 -457.474 -431.461 -405.929 -380.9 -356.195 -331.885 -308.069 -284.744 -261.853 -239.058 -216.859 -194.864 -173.231 -152.152 -131.598 -111.526 -91.9096 -72.7275 -53.9616 -35.5953 -17.6129 0 
-687.532 -687.532 -688.151 -689.927 -692.298 -692.946 -691.236 -691.258 -693.176 -692.86 -689.941 -687.262 -683.205 -682.103 -680.577 -676.973 -670.836 -662.844 -653.005 -642.138 -629.331 -615.175 -598.009 -577.923 -556.694 -533.54 -508.586 -483.21 -457.175 -431.356 -406.153 -381.248 -356.395 -331.85 -307.865 -284.434 -261.479 -238.791 -216.61 -194.721 -173.195 -152.153 -131.603 -111.528 -91.9089 -72.7253 -53.9591 -35.5932 -17.6118 0 
-689.653 -689.653 -690.362 -692.038 -694.294 -694.966 -692.328 -690.366 -690.337 -690.277 -689.161 -687.958 -685.589 -683.26 -679.748 -676.486 -671.122 -663.419 -653.382 -642.759 -629.65 -615.251 -597.742 -577.362 -556.208 -533.113 -508.343 -482.939 -456.947 -431.422 -406.597 -381.681 -356.717 -331.947 -307.802 -284.256 -261.222 -238.621 -216.475 -194.699 -173.208 -152.17 -131.616 -111.536 -91.9134 -72.7273 -53.9598 -35.5932 -17.6117 0 
-690.693 -690.693 -691.002 -691.324 -691.922 -694.291 -694.381 -692.288 -689.582 -689.489 -688.684 -687.288 -685.531 -682.852 -678.871 -675.478 -670.898 -663.368 -652.871 -641.77 -629.126 -615.081 -597.116 -576.279 -554.689 -531.975 -508.099 -482.822 -456.831 -431.446 -406.724 -381.711 -356.908 -332.086 -307.841 -284.23 -261.164 -238.6 -216.537 -194.867 -173.3 -152.211 -131.638 -111.55 -91.9218 -72.7327 -53.963 -35.5951 -17.6124 0 
-691.249 -691.249 -691.472 -691.897 -692.715 -694.888 -695.282 -694.714 -692.217 -690.065 -687.917 -686.217 -683.548 -681.369 -678.777 -674.777 -670.325 -663.617 -652.97 -641.295 -628.323 -613.36 -595.426 -575.208 -553.625 -531.098 -507.521 -482.845 -456.881 -431.492 -406.757 -381.644 -356.865 -332.149 -307.943 -284.323 -261.238 -238.67 -216.63 -194.988 -173.369 -152.243 -131.658 -111.565 -91.9328 -72.7406 -53.9683 -35.5983 -17.614 0 
-691.454 -691.454 -691.57 -691.863 -692.876 -694.148 -694.24 -694.989 -694.34 -690.871 -687.748 -686.055 -683.142 -680.493 -678.412 -674.309 -669.544 -664.38 -653.819 -641.345 -627.48 -611.536 -593.802 -574.517 -553.472 -531.215 -507.395 -483.109 -456.952 -431.45 -406.697 -381.593 -356.763 -332.27 -308.154 -284.55 -261.429 -238.786 -216.609 -194.836 -173.306 -152.243 -131.672 -111.579 -91.9454 -72.7502 -53.9751 -35.6026 -17.616 0 
-691.468 -691.468 -691.378 -691.402 -693.151 -695.053 -696.538 -696.64 -695.303 -691.224 -686.837 -684.256 -683.029 -680.254 -677.919 -672.964 -667.323 -663.408 -653.462 -640.378 -626.182 -610.785 -593.541 -574.991 -553.966 -531.06 -506.657 -482.228 -456.446 -431.387 -406.956 -381.863 -356.951 -332.658 -308.556 -284.96 -261.779 -239.041 -216.736 -194.822 -173.308 -152.259 -131.692 -111.598 -91.9602 -72.7615 -53.9831 -35.6076 -17.6185 0 
-691.598 -691.598 -691.596 -692.204 -694.979 -696.656 -697.773 -696.262 -694.294 -691.837 -687.836 -685.054 -684.105 -681.149 -679.034 -673.909 -666.527 -660.132 -650.835 -639.079 -625.639 -611.102 -594.113 -575.264 -553.479 -529.682 -505.079 -480.496 -455.498 -430.904 -406.606 -381.644 -357.005 -333.005 -309.069 -285.621 -262.321 -239.473 -217.055 -194.964 -173.376 -152.301 -131.722 -111.621 -91.9779 -72.7745 -53.9921 -35.6133 -17.6211 0 
-691.715 -691.715 -691.588 -691.668 -692.86 -694.292 -695.062 -694.244 -693.087 -691.577 -688.104 -686.745 -686.547 -683.081 -679.062 -673.493 -666.324 -658.631 -650.095 -639.351 -625.671 -610.702 -593.837 -574.32 -552.324 -528.463 -503.999 -479.504 -455.021 -430.714 -406.428 -381.431 -356.845 -332.958 -309.549 -286.528 -263.024 -239.987 -217.451 -195.161 -173.466 -152.355 -131.759 -111.648 -91.9976 -72.7885 -54.0016 -35.6191 -17.6239 0 
-692.007 -692.007 -691.351 -690.23 -689.649 -691.55 -692.089 -692.697 -692.812 -691.447 -689.141 -687.698 -687.131 -683.855 -679.343 -674.257 -668.206 -659.66 -650.246 -639.827 -626.464 -610.842 -593.676 -574.088 -552.467 -528.64 -503.963 -479.405 -455.083 -430.857 -406.52 -381.342 -356.73 -332.911 -309.844 -286.982 -263.301 -240.002 -217.356 -195.148 -173.508 -152.4 -131.797 -111.676 -92.0177 -72.8023 -54.0108 -35.6247 -17.6266 0 
-693.267 -693.267 -692.165 -690.763 -690.305 -691.158 -689.343 -690.572 -692.012 -692.71 -691.982 -688.805 -686.48 -683.729 -680.773 -676.454 -669.809 -660.519 -650.275 -639.864 -627.463 -612.047 -594.72 -574.671 -552.559 -528.692 -504.288 -479.727 -455.129 -430.833 -406.586 -381.314 -356.579 -332.615 -309.307 -286.282 -262.856 -239.731 -217.173 -195.116 -173.551 -152.451 -131.837 -111.704 -92.0365 -72.8147 -54.0187 -35.6294 -17.6287 0 
-696.165 -696.165 -694 -692.26 -692.476 -692.614 -687.944 -687.781 -688.351 -690.63 -691.353 -687.922 -685.587 -684.011 -681.03 -676.755 -669.07 -659.775 -650.294 -640.748 -629.32 -614.044 -596.088 -575.458 -552.985 -529.097 -504.872 -480.273 -455.342 -430.649 -405.979 -380.98 -356.416 -332.375 -308.787 -285.521 -262.33 -239.46 -217.061 -195.152 -173.661 -152.526 -131.881 -111.73 -92.0517 -72.8238 -54.0241 -35.6324 -17.6301 0 
-700.81 -700.81 -697.337 -695.233 -694.868 -695.537 -690.822 -688.241 -686.413 -687.352 -688.944 -686.837 -684.467 -683.338 -680.283 -676.575 -668.753 -659.602 -650.738 -641.749 -630.455 -615.76 -597.666 -577.113 -554.342 -530.021 -505.613 -480.996 -455.962 -431.065 -405.949 -381.011 -356.489 -332.403 -308.629 -285.199 -262.078 -239.328 -217.044 -195.275 -173.846 -152.621 -131.917 -111.745 -92.0589 -72.8274 -54.0259 -35.6332 -17.6304 0 
-704.791 -704.791 -702.196 -701.494 -698.673 -696.695 -692.874 -690.408 -687.806 -687.522 -688.546 -687.572 -684.786 -682.906 -680.414 -676.959 -669.541 -660.637 -651.347 -642.245 -631.482 -617.623 -599.192 -578.489 -555.59 -530.957 -506.478 -481.983 -456.755 -431.63 -406.383 -381.424 -356.886 -332.798 -308.814 -285.233 -262.092 -239.338 -217.04 -195.257 -173.823 -152.606 -131.908 -111.738 -92.0537 -72.8235 -54.023 -35.6314 -17.6295 0 
-710.613 -710.613 -706.851 -705.066 -700.574 -698.494 -695.918 -694.104 -691.119 -690.002 -688.687 -688.336 -686.498 -683.959 -681.517 -678.23 -671.448 -662.015 -651.796 -642.06 -630.853 -617.419 -600.199 -579.656 -556.629 -532.111 -507.897 -483.61 -457.938 -432.459 -407.212 -382.214 -357.546 -333.372 -309.19 -285.489 -262.357 -239.501 -217.057 -195.121 -173.622 -152.494 -131.856 -111.71 -92.0365 -72.8123 -54.0158 -35.6269 -17.6274 0 
-721.638 -721.638 -709.691 -703.96 -699.499 -700.691 -701.482 -700.33 -696.591 -694.493 -689.851 -687.753 -687.024 -684.137 -680.918 -678.369 -672.643 -662.666 -651.852 -641.463 -629.96 -616.896 -600.466 -580.395 -557.533 -533.323 -509.062 -484.801 -459.111 -433.56 -408.265 -383.198 -358.16 -333.587 -309.39 -285.81 -262.795 -239.806 -217.149 -195.059 -173.494 -152.403 -131.798 -111.673 -92.0119 -72.7958 -54.005 -35.6204 -17.6243 0 
-718.536 -718.536 -709.244 -703.619 -700.239 -702.421 -706.106 -705.408 -701.133 -697.75 -691.931 -688.787 -688.294 -685.217 -679.785 -676.249 -671.885 -663.234 -653.146 -641.898 -629.828 -616.658 -600.665 -581.694 -558.895 -534.804 -509.921 -485.061 -459.505 -434.119 -408.713 -383.676 -358.593 -333.853 -309.641 -286.044 -262.988 -239.954 -217.203 -195.032 -173.424 -152.336 -131.745 -111.634 -91.984 -72.7764 -53.9919 -35.6124 -17.6205 0 
-704.322 -704.322 -704.365 -701.25 -698.861 -701.426 -705 -703.862 -701.192 -699.566 -695.245 -690.987 -687.433 -684.263 -679.019 -674.553 -670.206 -663.085 -654.548 -642.981 -630.482 -616.616 -600.9 -582.479 -560.417 -536.783 -511.209 -485.617 -459.702 -434.216 -409.103 -384.435 -359.293 -334.323 -309.979 -286.356 -263.245 -240.128 -217.251 -195.003 -173.369 -152.279 -131.696 -111.596 -91.9556 -72.7559 -53.9779 -35.6037 -17.6164 0 
-701.146 -701.146 -701.102 -698.88 -697.622 -701.027 -703.787 -702.216 -700.733 -700.299 -697.534 -693.403 -688.012 -685.09 -679.923 -675.183 -671.182 -664.004 -655.071 -643.241 -630.937 -616.708 -600.816 -582.127 -560.952 -537.653 -511.785 -485.732 -459.754 -434.377 -409.689 -385.438 -360.183 -334.902 -310.301 -286.553 -263.211 -239.956 -217.128 -194.923 -173.303 -152.223 -131.65 -111.559 -91.928 -72.7358 -53.964 -35.595 -17.6123 0 
-700.609 -700.609 -699.693 -697.982 -699.443 -702.414 -703.406 -701.101 -700.66 -700.369 -698.502 -695.219 -689.721 -686.018 -680.711 -675.635 -671.745 -664.339 -654.393 -642.669 -630.61 -616.165 -599.621 -580.24 -559.37 -536.802 -512.017 -486.155 -460.07 -434.632 -409.96 -385.538 -360.332 -335.157 -310.362 -286.369 -262.874 -239.671 -216.965 -194.821 -173.23 -152.167 -131.607 -111.526 -91.9025 -72.717 -53.9509 -35.5868 -17.6082 0 
-701.438 -701.438 -699.734 -696.613 -698.704 -699.781 -699.604 -698.189 -699.399 -699.572 -698.526 -696.352 -691.769 -687.398 -682.678 -676.991 -671.822 -663.694 -653.187 -642.062 -630.32 -616.033 -599.111 -578.974 -557.865 -535.778 -511.899 -486.464 -460.309 -434.787 -409.914 -385.057 -360.002 -334.928 -310.139 -286.067 -262.569 -239.463 -216.83 -194.728 -173.162 -152.116 -131.568 -111.496 -91.8802 -72.7008 -53.9396 -35.5796 -17.6048 0 
-704.815 -704.815 -704.565 -701.439 -699.356 -697.744 -699.279 -698.441 -697.756 -698.375 -697.359 -695.806 -692.547 -688.753 -684.473 -678.541 -672.928 -664.519 -653.921 -642.309 -629.648 -614.951 -597.697 -578.051 -556.902 -534.272 -510.462 -485.791 -459.991 -434.458 -409.414 -384.523 -359.659 -334.529 -309.816 -285.834 -262.471 -239.395 -216.752 -194.659 -173.108 -152.074 -131.536 -111.472 -91.8623 -72.6876 -53.9304 -35.5739 -17.602 0 
-707.771 -707.771 -708.37 -705.818 -701.208 -698.178 -699.833 -699.204 -698.133 -699.2 -696.401 -694.774 -693.36 -689.444 -685.173 -680.793 -674.889 -665.737 -655.258 -642.87 -629.147 -613.91 -596.849 -577.811 -556.421 -533.672 -509.687 -485.287 -459.851 -434.43 -409.27 -384.171 -359.004 -333.953 -309.456 -285.648 -262.467 -239.4 -216.708 -194.608 -173.068 -152.045 -131.514 -111.456 -91.8499 -72.6785 -53.9241 -35.5698 -17.6001 0 
-708.495 -708.495 -708.217 -705.969 -700.979 -696.531 -697.243 -698.212 -698.701 -698.822 -696.433 -695.667 -694.93 -690.37 -685.46 -681.925 -676.169 -667.159 -656.76 -643.829 -629.883 -614.383 -597.332 -577.78 -556.268 -533.981 -510.026 -485.755 -460.383 -434.785 -409.321 -383.821 -358.484 -333.541 -309.115 -285.291 -262.044 -239.103 -216.579 -194.556 -173.042 -152.029 -131.504 -111.448 -91.8438 -72.6739 -53.9208 -35.5677 -17.5991 0 
-709.628 -709.628 -709.325 -707.943 -702.852 -697.452 -695.702 -696.138 -697.401 -697.551 -696.965 -696.176 -694.272 -689.438 -684.072 -680.378 -675.842 -667.751 -657.504 -644.959 -631.337 -615.612 -598.378 -578.291 -556.685 -534.502 -510.627 -486.033 -460.541 -434.762 -409.131 -383.437 -358.221 -333.34 -308.883 -285.03 -261.743 -238.919 -216.534 -194.554 -173.047 -152.034 -131.506 -111.449 -91.8444 -72.6741 -53.9207 -35.5676 -17.599 0 
-711.205 -711.205 -711.284 -710.066 -704.702 -700.096 -698.143 -696.876 -697.055 -696.577 -696.226 -694.161 -691.411 -688.162 -683.668 -678.707 -674.96 -667.72 -657.516 -645.2 -631.546 -615.816 -598.278 -578.396 -557.465 -535.583 -511.785 -486.507 -460.476 -434.324 -408.583 -383.049 -358.072 -333.242 -308.74 -284.875 -261.621 -238.907 -216.669 -194.637 -173.091 -152.058 -131.521 -111.459 -91.8512 -72.6787 -53.9237 -35.5694 -17.5999 0 
-712.657 -712.657 -712.519 -709.659 -704.306 -701.226 -701.257 -699.254 -699.18 -697.498 -696.34 -695.014 -691.901 -688.475 -684.115 -677.734 -674.195 -667.86 -658.229 -646.447 -632.314 -615.87 -597.682 -578.314 -557.853 -535.594 -511.338 -485.682 -459.587 -433.68 -408.074 -382.644 -357.664 -332.914 -308.559 -284.781 -261.597 -239.021 -216.935 -194.791 -173.155 -152.095 -131.545 -111.476 -91.8633 -72.6872 -53.9294 -35.573 -17.6015 0 
-713.821 -713.821 -714.819 -713.176 -708.708 -704.954 -705.011 -702.642 -701.682 -697.616 -694.136 -694.102 -691.566 -688.701 -685.45 -679.785 -675.635 -668.94 -659.976 -648.855 -634.362 -617.445 -598.645 -579.319 -558.334 -535.092 -510.507 -484.831 -458.942 -433.409 -407.969 -382.604 -357.615 -332.824 -308.508 -284.764 -261.595 -238.973 -216.807 -194.752 -173.179 -152.126 -131.573 -111.498 -91.8796 -72.6988 -53.9374 -35.5778 -17.6039 0 
-712.478 -712.478 -713.923 -713.718 -711.152 -708.233 -706.518 -703.224 -701.22 -697.485 -694.073 -692.096 -688.573 -686.831 -684.886 -681.864 -678.507 -670.946 -660.943 -649.168 -634.651 -618.495 -600.106 -580.768 -558.824 -535.116 -510.783 -484.818 -458.674 -433.033 -407.719 -382.74 -357.985 -333.005 -308.592 -284.841 -261.683 -239.019 -216.729 -194.748 -173.213 -152.166 -131.608 -111.525 -91.8992 -72.7127 -53.9468 -35.5837 -17.6066 0 
-711.082 -711.082 -712.859 -714.315 -711.383 -707.984 -703.785 -700.409 -699.143 -697.333 -694.863 -691.94 -688.769 -686.045 -683.306 -681.682 -678.607 -671.681 -661.375 -649.127 -635.058 -619.294 -601.253 -582 -559.471 -535.374 -511.109 -484.95 -458.694 -432.97 -407.646 -382.905 -358.332 -333.203 -308.721 -284.997 -261.914 -239.297 -216.88 -194.854 -173.293 -152.225 -131.65 -111.555 -91.9208 -72.7279 -53.9571 -35.59 -17.6097 0 
-716.036 -716.036 -710.777 -714.289 -711.538 -708.617 -703.098 -697.762 -696.035 -693.8 -691.022 -690.291 -689.637 -685.73 -681.615 -679.962 -677.093 -671.84 -662.516 -650.405 -636.598 -620.263 -601.702 -581.929 -559.329 -535.118 -510.723 -484.881 -458.983 -433.279 -407.738 -382.889 -358.256 -333.204 -308.803 -285.18 -262.256 -239.762 -217.226 -195.055 -173.413 -152.299 -131.697 -111.586 -91.9423 -72.7428 -53.9671 -35.5963 -17.6127 0 
-707.336 -707.336 -707.168 -712.06 -709.953 -707.084 -701.972 -696.062 -694.299 -692.617 -690.644 -690.465 -690.01 -686.147 -682.302 -679.951 -676.961 -672.241 -663.636 -652.1 -638.526 -621.735 -602.602 -582.133 -559.336 -535.172 -510.596 -485.065 -459.576 -433.672 -407.736 -382.481 -357.682 -332.99 -308.812 -285.274 -262.348 -239.898 -217.554 -195.288 -173.539 -152.368 -131.738 -111.613 -91.9606 -72.7558 -53.9761 -35.602 -17.6154 0 
-707.143 -707.143 -707.343 -709.604 -706.531 -702.622 -698.714 -694.771 -692.534 -691.103 -690.091 -689.677 -688.06 -685.576 -683.96 -682.903 -680.142 -674.528 -665.225 -653.779 -640.385 -624.032 -604.572 -583.397 -560.268 -535.943 -510.884 -485.3 -460.005 -433.778 -407.677 -382.277 -357.461 -333.001 -308.881 -285.412 -262.486 -240.068 -217.934 -195.518 -173.626 -152.405 -131.76 -111.629 -91.9731 -72.7656 -53.9834 -35.6067 -17.6178 0 
-706.639 -706.639 -706.753 -706.777 -704.301 -701.316 -699.429 -697.57 -693.654 -690.832 -689.871 -688.734 -685.969 -684.515 -683.957 -683.828 -681.665 -675.85 -666.029 -654.287 -641.101 -625.634 -605.97 -584.559 -561.362 -536.851 -511.478 -485.472 -459.884 -433.745 -407.733 -382.299 -357.534 -333.163 -308.996 -285.547 -262.516 -239.801 -217.542 -195.301 -173.546 -152.378 -131.754 -111.631 -91.9792 -72.7722 -53.9891 -35.6107 -17.6198 0 
-705.955 -705.955 -706.218 -705.852 -703.363 -700.974 -701.04 -700.152 -695.917 -693.172 -692.391 -689.698 -686.683 -686.34 -685.184 -683.208 -681.446 -675.865 -665.775 -654.37 -641.16 -625.71 -606.255 -585.086 -561.558 -536.84 -511.519 -485.599 -460.032 -434.159 -408.062 -382.35 -357.306 -332.817 -308.739 -285.276 -262.178 -239.383 -217.037 -194.995 -173.403 -152.316 -131.731 -111.626 -91.9813 -72.7768 -53.9937 -35.6142 -17.6216 0 
-704.877 -704.877 -706.029 -706.463 -703.228 -701.034 -701.328 -699.411 -695.929 -694.234 -693.684 -690.833 -689.375 -689.195 -686.136 -681.693 -679.772 -674.985 -665.647 -654.77 -641.623 -625.94 -606.216 -584.597 -561.205 -536.642 -511.058 -485.313 -460.042 -434.537 -408.487 -382.514 -357.184 -332.563 -308.534 -285.031 -261.879 -239.093 -216.734 -194.786 -173.287 -152.262 -131.711 -111.623 -91.9848 -72.782 -53.9984 -35.6175 -17.6233 0 
-701.763 -701.763 -703.275 -704.558 -702.539 -701.022 -698.776 -695.659 -693.779 -693.814 -695.328 -693.964 -692.139 -690.681 -687.233 -682.679 -679.593 -674.949 -666.35 -653.992 -639.945 -623.852 -604.688 -583.942 -561.609 -537.313 -511.169 -485.019 -459.589 -434.251 -408.406 -382.525 -357.101 -332.455 -308.503 -285.071 -261.82 -238.985 -216.605 -194.684 -173.229 -152.242 -131.711 -111.631 -91.9945 -72.7901 -54.0042 -35.6213 -17.6251 0 
-695.776 -695.776 -695.457 -695.962 -696.532 -696.205 -694.749 -693.71 -694.269 -695.311 -697.339 -697.252 -694.622 -691.497 -688.263 -684.855 -680.312 -674.644 -666.269 -652.75 -637.848 -621.392 -602.574 -582.536 -561.072 -537.345 -511.272 -484.858 -459.281 -433.987 -408.216 -382.45 -357.001 -332.389 -308.615 -285.375 -261.987 -239.033 -216.601 -194.672 -173.235 -152.27 -131.745 -111.658 -92.013 -72.8019 -54.0113 -35.6252 -17.6268 0 
-690.493 -690.493 -688.866 -689.384 -693.414 -695.442 -695.05 -694.404 -696.15 -697.002 -696.69 -695.743 -694.025 -691.183 -687.699 -683.996 -679.082 -672.938 -664.697 -651.344 -635.731 -618.874 -600.549 -580.555 -559.127 -535.817 -510.245 -484.292 -458.888 -433.478 -407.684 -381.942 -356.654 -332.187 -308.519 -285.429 -262.128 -239.171 -216.679 -194.723 -173.299 -152.365 -131.823 -111.706 -92.0388 -72.8152 -54.0179 -35.6283 -17.6281 0 
-689.052 -689.052 -688.566 -689.577 -694.988 -699.588 -698.687 -696.361 -696.769 -696.421 -695.032 -693.055 -692.854 -690.52 -685.916 -681.059 -676.137 -670.309 -662.526 -650.086 -635.003 -618.641 -600.851 -579.868 -557.547 -534.359 -509.227 -483.369 -457.78 -432.373 -406.741 -381.213 -356.212 -331.907 -308.332 -285.369 -262.349 -239.436 -216.807 -194.797 -173.404 -152.555 -131.954 -111.765 -92.0631 -72.8245 -54.0212 -35.6293 -17.6283 0 
-688.327 -688.327 -688.044 -688.796 -694.682 -700.034 -697.914 -695.248 -695.356 -695.653 -696.203 -693.444 -691.9 -689.166 -684.102 -679.077 -674.431 -668.966 -661.204 -649.707 -635.112 -618.732 -600.505 -579.107 -556.299 -532.681 -507.843 -482.334 -456.932 -431.758 -406.14 -380.695 -355.845 -331.623 -308.005 -285.037 -262.421 -239.669 -216.893 -194.812 -173.472 -152.723 -132.066 -111.798 -92.0663 -72.8212 -54.0174 -35.6265 -17.6269 0 
-688.012 -688.012 -688.661 -690.226 -693.024 -695.314 -694.503 -694.385 -693.983 -694.391 -696.253 -693.928 -690.242 -686.877 -682.798 -678.543 -674.49 -668.757 -659.375 -647.713 -633.271 -617.385 -599.608 -578.742 -555.858 -531.779 -507.036 -481.698 -456.381 -431.219 -405.601 -380.305 -355.617 -331.458 -307.714 -284.503 -261.736 -239.079 -216.585 -194.642 -173.277 -152.437 -131.866 -111.709 -92.0255 -72.7994 -54.0049 -35.6196 -17.6238 0 
-686.719 -686.719 -686.85 -687.217 -687.95 -690.336 -691.447 -692.61 -692.289 -693.092 -693.663 -691.586 -688.508 -685.399 -682.489 -678.62 -674.588 -668.876 -658.832 -646.548 -631.926 -616.346 -598.676 -578.015 -555.293 -531.562 -507.177 -481.63 -455.901 -430.525 -405.129 -380.089 -355.59 -331.505 -307.581 -284.171 -261.229 -238.605 -216.304 -194.45 -173.085 -152.187 -131.687 -111.608 -91.9702 -72.7684 -53.9875 -35.6102 -17.6197 0 
-685.224 -685.224 -684.626 -683.586 -685.018 -690.09 -694.469 -694.705 -692.123 -691.954 -691.016 -689.763 -688.007 -684.603 -681.481 -676.882 -672.691 -667.928 -658.585 -646.339 -631.695 -615.783 -597.434 -576.831 -554.18 -530.706 -506.739 -481.264 -455.519 -430.187 -405.06 -380.096 -355.624 -331.533 -307.53 -284.036 -261.026 -238.409 -216.155 -194.324 -172.955 -152.044 -131.57 -111.528 -91.9205 -72.7385 -53.9702 -35.6008 -17.6156 0 
-684.623 -684.623 -683.462 -681.927 -685.165 -691.397 -697.036 -697.114 -694.736 -693.561 -689.791 -688.628 -687.404 -684.024 -681.009 -676.565 -671.878 -666.78 -657.853 -645.964 -631.541 -615.238 -596.84 -576.749 -554.054 -530.215 -506.237 -480.919 -455.46 -430.407 -405.573 -380.355 -355.629 -331.407 -307.51 -284.079 -261.064 -238.458 -216.163 -194.291 -172.894 -151.969 -131.501 -111.477 -91.8856 -72.7169 -53.9576 -35.5942 -17.6128 0 
-685.757 -685.757 -685.746 -685.809 -688.081 -691.121 -693.597 -694.092 -696.087 -696.242 -690.908 -689.275 -686.785 -682.648 -679.722 -675.563 -669.955 -664.936 -657.497 -645.812 -630.821 -613.91 -595.904 -576.422 -554.026 -529.646 -505.278 -480.432 -455.544 -430.877 -406.374 -380.84 -355.841 -331.524 -307.72 -284.371 -261.328 -238.749 -216.32 -194.339 -172.888 -151.942 -131.471 -111.452 -91.8689 -72.7072 -53.9528 -35.5922 -17.6122 0 
-686.902 -686.902 -687.946 -689.485 -690.372 -690.957 -691.513 -691.705 -693.942 -694.856 -692.058 -690.488 -686.643 -681.916 -678.892 -674.978 -669.8 -664.228 -656.164 -644.658 -630.258 -613.416 -595.309 -575.468 -552.974 -528.746 -504.5 -479.778 -455.146 -430.779 -406.388 -381.077 -356.14 -331.858 -308.117 -284.836 -261.707 -239.059 -216.492 -194.404 -172.909 -151.946 -131.47 -111.452 -91.8712 -72.7115 -53.9577 -35.5964 -17.6145 0 
-686.474 -686.474 -689.01 -692.236 -691.997 -690.716 -689.779 -689.249 -690.748 -691.938 -691.254 -689.986 -686.846 -683.091 -679.299 -674.138 -670.471 -665.015 -655.584 -643.704 -629.873 -612.947 -594.09 -573.759 -551.549 -528.244 -504.67 -479.726 -455.073 -430.845 -406.211 -381.352 -356.545 -332.283 -308.343 -284.955 -261.845 -238.976 -216.427 -194.403 -172.928 -151.969 -131.493 -111.475 -91.8929 -72.7308 -53.9736 -35.6076 -17.6203 0 
-682.352 -682.352 -686.819 -691.27 -690.547 -689.707 -689.488 -690.657 -691.576 -690.589 -689.241 -687.94 -684.974 -682.183 -680.382 -676.816 -673.041 -665.872 -655.379 -642.484 -628.021 -611.109 -592.347 -572.234 -550.79 -528.19 -504.95 -479.904 -455.242 -431.101 -406.362 -381.812 -357.003 -332.654 -308.467 -284.971 -262.01 -238.968 -216.394 -194.409 -172.961 -152.014 -131.541 -111.521 -91.9352 -72.7667 -54.0017 -35.6268 -17.63 0 
-678.445 -678.445 -683.836 -688.626 -689.13 -689.528 -689.707 -691.552 -692.076 -689.573 -687.004 -685.709 -682.763 -680.571 -680.813 -679.719 -675.181 -666.019 -654.412 -641.249 -626.506 -610.225 -592.119 -572.34 -551.213 -528.307 -504.502 -479.724 -455.159 -430.89 -406.258 -381.822 -357.007 -332.501 -308.328 -284.744 -261.677 -238.778 -216.351 -194.437 -173.022 -152.089 -131.619 -111.595 -92.0003 -72.8209 -54.0433 -35.6549 -17.6441 0 
-694.012 -694.012 -694.097 -692.488 -693.256 -693.777 -693.093 -693.359 -692.433 -690.463 -687.861 -685.692 -682.576 -681.353 -681.153 -678.95 -673.041 -664.998 -653.863 -640.944 -626.43 -610.872 -593.085 -573.211 -551.913 -529.018 -504.855 -480.124 -455.413 -430.95 -406.367 -381.824 -357.007 -332.448 -308.302 -284.66 -261.494 -238.713 -216.38 -194.519 -173.131 -152.206 -131.733 -111.699 -92.0908 -72.895 -54.0996 -35.6926 -17.6629 0 
-708.384 -708.384 -705.072 -699.032 -696.813 -696.886 -696.109 -695.04 -692.26 -690.869 -688.755 -685.402 -682.39 -682.108 -680.801 -676.74 -670.085 -663.066 -652.775 -640.487 -626.893 -611.782 -594.475 -574.972 -553.768 -531.109 -506.546 -481.404 -456.207 -431.398 -406.698 -382.065 -357.233 -332.691 -308.477 -284.768 -261.559 -238.811 -216.519 -194.684 -173.305 -152.377 -131.891 -111.839 -92.2096 -72.991 -54.1718 -35.7407 -17.6869 0 
-707.849 -707.849 -705.591 -701.774 -698.204 -698.294 -697.56 -694.869 -692.291 -690.935 -688.055 -684.705 -682.325 -681.862 -680.141 -675.567 -669.153 -661.957 -651.668 -639.762 -626.877 -611.676 -594.405 -575.649 -555.064 -532.714 -508.268 -483.162 -457.34 -431.898 -406.933 -382.254 -357.596 -333.204 -308.853 -285.045 -261.803 -239.061 -216.781 -194.947 -173.557 -152.609 -132.098 -112.018 -92.3589 -73.1102 -54.2608 -35.7997 -17.7161 0 
-706.598 -706.598 -706.454 -706.308 -703.712 -701.848 -699.19 -693.843 -692.4 -692.183 -688.991 -685.773 -682.764 -681.856 -680.42 -676.76 -670.991 -663.231 -652.108 -639.459 -625.764 -610.569 -593.532 -575.252 -554.985 -532.26 -508.175 -483.887 -458.254 -432.562 -407.34 -382.434 -357.959 -333.71 -309.281 -285.427 -262.186 -239.456 -217.176 -195.321 -173.897 -152.909 -132.358 -112.238 -92.5399 -73.2535 -54.3672 -35.8699 -17.7509 0 
-705.559 -705.559 -706.103 -707.003 -705.663 -703.017 -700.246 -695.606 -693.902 -692.409 -689.173 -687.44 -685.1 -682.824 -681.343 -678.745 -673.136 -665.037 -653.664 -640.436 -625.688 -609.836 -592.631 -574.475 -554.623 -531.672 -507.572 -483.263 -458.061 -432.826 -407.664 -382.677 -358.233 -333.948 -309.624 -285.868 -262.695 -240.01 -217.726 -195.82 -174.331 -153.279 -132.671 -112.499 -92.7526 -73.4207 -54.4909 -35.9514 -17.7912 0 
-703.702 -703.702 -704.307 -705.331 -705.43 -703.147 -701.416 -698.791 -696.783 -694.341 -690.432 -687.197 -685.054 -682.171 -681.126 -679.214 -674.181 -666.136 -654.729 -641.441 -626.486 -609.987 -592.349 -573.188 -552.975 -531 -507.57 -483.252 -458.249 -433.261 -407.982 -382.912 -358.321 -334.016 -309.961 -286.398 -263.352 -240.772 -218.48 -196.459 -174.858 -153.715 -133.032 -112.797 -92.9951 -73.6111 -54.6315 -36.0439 -17.837 0 
-700.94 -700.94 -701.684 -703.238 -704.313 -702.09 -700.85 -699.183 -696.619 -695.156 -692.115 -687.496 -685.041 -681.924 -680.202 -678.163 -674.305 -666.855 -655.724 -642.786 -627.828 -611.33 -593.226 -572.895 -551.838 -530.296 -507.508 -483.636 -458.982 -434.134 -408.667 -383.459 -358.741 -334.421 -310.505 -287.078 -264.176 -241.716 -219.417 -197.239 -175.46 -154.201 -133.433 -113.129 -93.2649 -73.8232 -54.7884 -36.1473 -17.8881 0 
-697.064 -697.064 -697.673 -700.015 -702.149 -700.707 -698.461 -695.908 -693.224 -694.51 -693.418 -688.465 -685.821 -683.594 -680.664 -677.483 -673.49 -666.322 -655.979 -644.307 -630.015 -613.149 -593.785 -572.746 -551.526 -530.07 -507.49 -483.968 -459.517 -434.586 -409.321 -384.269 -359.531 -335.153 -311.257 -287.895 -265.053 -242.42 -220.111 -197.98 -176.079 -154.708 -133.86 -113.487 -93.5591 -74.056 -54.9613 -36.2614 -17.9445 0 
-692.272 -692.272 -691.811 -696.219 -699.324 -696.785 -692.983 -690.773 -688.44 -690.512 -692.112 -690.015 -687.522 -685.57 -681.238 -676.601 -671.909 -665.248 -655.578 -645.421 -632.277 -614.546 -594.398 -573.331 -552.268 -531.003 -508.231 -484.403 -459.804 -435.104 -410.435 -385.522 -360.683 -336.134 -312.171 -288.847 -266.039 -243.134 -220.69 -198.573 -176.634 -155.208 -134.302 -113.868 -93.8768 -74.3093 -55.15 -36.3863 -18.0064 0 
-688.795 -688.795 -686.873 -692.214 -695.9 -694.738 -691.74 -690.264 -688.413 -689.862 -692.159 -691.71 -689.262 -686.205 -681.11 -676.085 -671.275 -665.004 -655.261 -644.593 -631.617 -614.514 -594.875 -574.298 -553.347 -531.909 -508.854 -484.895 -460.396 -436.224 -412.094 -387.034 -361.943 -337.217 -313.134 -289.624 -266.573 -243.627 -221.11 -198.956 -177.103 -155.703 -134.765 -114.276 -94.2206 -74.5846 -55.3556 -36.5223 -18.0738 0 
-692.448 -692.448 -691.839 -694.532 -695.857 -695.247 -692.333 -691.619 -691.121 -691.721 -693.117 -692.967 -691.425 -687.503 -681.455 -675.78 -671.074 -664.986 -655.517 -644.045 -630.963 -614.955 -595.988 -575.516 -554.248 -532.493 -509.593 -486.021 -461.424 -437.226 -413.006 -387.763 -362.756 -338.253 -314.225 -290.583 -267.282 -244.288 -221.694 -199.489 -177.662 -156.251 -135.272 -114.722 -94.5959 -74.8847 -55.5794 -36.6701 -18.1469 0 
-697.026 -697.026 -697.216 -698.015 -697.224 -695.997 -693.155 -693.08 -693.861 -692.973 -692.543 -692.175 -691.907 -688.306 -681.95 -676.019 -672.054 -666.305 -656.904 -644.731 -631.677 -616.537 -598.222 -577.635 -555.689 -533.262 -510.396 -487.088 -462.451 -438.131 -413.75 -388.518 -363.695 -339.463 -315.538 -291.842 -268.304 -245.166 -222.477 -200.209 -178.343 -156.886 -135.843 -115.218 -95.009 -75.2126 -55.8224 -36.8299 -18.2259 0 
-701.325 -701.325 -701.733 -701.904 -698.489 -695.796 -694.446 -694.909 -696.352 -695.526 -694.308 -693.277 -693.294 -690.674 -685.404 -679.824 -674.641 -666.911 -657.113 -645.839 -633.682 -619.257 -601.237 -580.473 -558.139 -535.072 -511.776 -488.006 -463.457 -439.175 -414.687 -389.48 -364.722 -340.575 -316.754 -293.155 -269.488 -246.209 -223.431 -201.093 -179.159 -157.624 -136.493 -115.772 -95.4642 -75.5698 -56.0848 -37.0015 -18.3102 0 
-705.021 -705.021 -705.538 -704.125 -700.341 -697.25 -697.106 -697.876 -697.734 -696.316 -694.213 -693.167 -693.023 -691.355 -687.834 -683.09 -676.883 -668.331 -658.462 -647.794 -635.65 -621.281 -603.863 -583.505 -561.275 -537.813 -514.003 -489.645 -464.809 -440.103 -415.378 -390.443 -365.825 -341.613 -317.706 -294.066 -270.528 -247.333 -224.541 -202.139 -180.118 -158.479 -137.231 -116.389 -95.9628 -75.9554 -56.3646 -37.1828 -18.3989 0 
-708.324 -708.324 -708.978 -705.107 -702.644 -699.658 -699.52 -700.698 -700.375 -699.083 -696.303 -694.349 -693.122 -690.794 -687.569 -683.986 -678.345 -670.631 -660.924 -650.449 -638.324 -623.8 -606.48 -586.645 -564.842 -541.241 -516.833 -491.935 -466.786 -441.716 -416.751 -391.889 -367.285 -342.997 -319.01 -295.3 -271.834 -248.675 -225.854 -203.375 -181.242 -159.464 -138.066 -117.072 -96.5018 -76.3642 -56.6569 -37.3702 -18.49 0 
-707.94 -707.94 -708.564 -707.219 -705.835 -700.655 -699.612 -700.081 -699.848 -699.17 -697.564 -695.071 -692.68 -689.778 -686.843 -684.084 -679.44 -673.068 -664.103 -653.984 -642.309 -628.306 -611.511 -592.075 -570.166 -546.111 -520.917 -495.272 -469.583 -444.087 -418.85 -393.877 -369.192 -344.811 -320.738 -296.964 -273.482 -250.3 -227.421 -204.839 -182.558 -160.598 -139 -117.813 -97.071 -76.7856 -56.9524 -37.557 -18.5801 0 
-706.523 -706.523 -707.096 -707.422 -704.863 -699.053 -698.675 -699.178 -699.171 -698.763 -697.896 -695.922 -693.505 -690.668 -688.278 -685.761 -681.513 -675.923 -668.312 -659.333 -648.684 -635.735 -619.914 -600.869 -578.423 -553.075 -526.431 -499.603 -473.1 -447.075 -421.522 -396.377 -371.562 -347.052 -322.869 -299.012 -275.476 -252.247 -229.288 -206.576 -184.108 -161.9 -140.032 -118.597 -97.6498 -77.2005 -57.2365 -37.7338 -18.6645 0 
-704.248 -704.248 -704.03 -703.149 -700.105 -696.868 -697.896 -698.749 -698.922 -698.659 -698.016 -696.82 -695.326 -693.199 -691.392 -689.08 -685.115 -680.254 -674.199 -666.864 -657.883 -646.643 -632.333 -613.965 -590.577 -562.377 -533.157 -504.597 -477.076 -450.479 -424.631 -399.352 -374.396 -349.705 -325.382 -301.417 -277.813 -254.547 -231.509 -208.648 -185.955 -163.401 -141.145 -119.387 -98.201 -77.5792 -57.4882 -37.8874 -18.737 0 
-702.304 -702.304 -701.898 -700.888 -698.964 -697.6 -698.353 -698.927 -699.114 -699.013 -698.603 -697.714 -696.899 -695.561 -694.225 -692.438 -689.512 -686.001 -681.732 -676.471 -669.847 -661.229 -649.552 -632.99 -608.619 -573.846 -540.332 -509.592 -481.095 -454.038 -428.025 -402.814 -377.743 -352.73 -328.247 -304.138 -280.464 -257.244 -234.156 -211.136 -188.228 -165.152 -142.282 -120.106 -98.6625 -77.8796 -57.6812 -38.0028 -18.791 0 
-700.968 -700.968 -700.723 -700.214 -699.453 -698.976 -699.2 -699.435 -699.589 -699.784 -700.059 -699.603 -698.712 -697.805 -697.013 -696.016 -694.54 -692.736 -690.52 -687.753 -684.187 -679.358 -672.3 -660.711 -638.296 -585.422 -545.956 -513.264 -484.238 -457.019 -431.067 -406.154 -381.018 -355.592 -330.917 -306.665 -282.943 -259.858 -236.78 -213.647 -190.569 -166.873 -143.234 -120.599 -98.943 -78.051 -57.7876 -38.0652 -18.8199 0 
-700 -700 -700 -700 -700 -700 -700 -700 -700 -700 -700 -700 -700 -700 -700 -700 -700 -700 -700 -700 -700 -700 -700 -700 -700 -585.422 -545.956 -513.264 -484.238 -457.019 -431.067 -406.154 -381.018 -355.592 -330.917 -306.665 -282.943 -259.858 -236.78 -213.647 -190.569 -166.873 -143.234 -120.599 -98.943 -78.051 -57.7876 -38.0652 -18.8199 0 
