-700 -700 -700 -700 -700 -700 -700 -700 -700 -700 -700 -700 -700 -700 -700 -700 -700 -700 -700 -700 -700 -700 -700 -700 -700 -685.637 -675.451 -668.045 -659.488 -648.998 -635.712 -621.13 -605.197 -586.484 -568.892 -552.592 -536.322 -519.741 -504.892 -490.86 -478.869 -464.686 -452.782 -440.294 -427.603 -415.061 -402.984 -392.285 -324.291 0 
-699.313 -699.313 -699.333 -699.355 -699.33 -698.759 -698.485 -698.736 -698.752 -698.437 -698.029 -697.671 -697.278 -696.667 -695.901 -695.186 -694.838 -694.415 -694.182 -694.446 -695.334 -696.372 -696.25 -694.417 -691.372 -685.637 -675.451 -668.045 -659.488 -648.998 -635.712 -621.13 -605.197 -586.484 -568.892 -552.592 -536.322 -519.741 -504.892 -490.86 -478.869 -464.686 -452.782 -440.294 -427.603 -415.061 -402.984 -392.285 -324.291 0 
-698.761 -698.761 -698.771 -698.735 -698.009 -697.422 -697.575 -697.772 -697.463 -696.845 -696.209 -695.493 -694.583 -693.496 -692.014 -690.508 -689.843 -689.05 -688.763 -688.87 -688.781 -689.04 -689.353 -687.474 -685.714 -685.236 -674.459 -667.814 -660.354 -650.14 -636.354 -621.788 -605.918 -585.92 -567.907 -552.055 -535.755 -518.529 -503.497 -489.474 -478.152 -462.918 -451.112 -438.316 -424.764 -410.913 -404.433 -439.591 -474.138 0 
-698.24 -698.24 -698.221 -697.322 -696.85 -696.872 -696.875 -696.714 -696.241 -695.521 -694.552 -693.39 -692.149 -690.981 -689.282 -687.61 -686.567 -685.85 -687.092 -686.702 -683.048 -679.906 -679.118 -678.246 -677.643 -677.483 -669.545 -662.553 -654.934 -644.473 -630.689 -615.869 -599.77 -581.218 -563.593 -547.122 -530.509 -513.713 -498.154 -482.957 -469.275 -453.16 -438.408 -422.103 -404.18 -383.402 -359.481 -335.531 -271.098 0 
-697.824 -697.824 -696.59 -696.273 -696.491 -696.332 -696.082 -695.868 -695.322 -694.31 -693.092 -691.679 -690.086 -689.333 -688.385 -687.026 -685.055 -683.151 -683.946 -683.069 -680.582 -678.455 -677.025 -675.969 -673.922 -672.598 -667.661 -659.547 -651.472 -639.935 -625.842 -610.874 -594.389 -576.569 -559.014 -542.29 -525.317 -508.554 -492.323 -476.255 -460.216 -443.073 -425.432 -405.866 -383.419 -355.157 -317.226 -261.789 -167.031 0 
-695.38 -695.38 -695.422 -695.923 -695.92 -695.694 -695.529 -695.179 -694.385 -693.36 -692.156 -690.617 -688.934 -688.069 -687.647 -686.821 -685.141 -682.773 -680.956 -679.896 -680.471 -679.851 -677.369 -676.299 -674.541 -673.069 -667.607 -657.671 -648.909 -636.736 -622.728 -607.779 -591.095 -573.048 -555.082 -537.597 -520.26 -503.421 -487.004 -470.356 -452.806 -434.044 -414.131 -392.086 -366.483 -334.323 -290.042 -226.233 -132.689 0 
-695.349 -695.349 -696.031 -696.027 -695.968 -695.912 -695.679 -695.13 -694.293 -693.165 -691.939 -690.51 -689.06 -687.472 -687.299 -686.875 -685.302 -683.979 -680.677 -679.217 -680.73 -681.521 -677.641 -674.541 -674.651 -673.322 -666.188 -655.249 -646.089 -634.411 -620.658 -605.282 -588.338 -569.892 -551.286 -533.077 -515.686 -498.983 -482.491 -465.603 -446.983 -426.617 -405.011 -381.695 -354.943 -321.494 -276.112 -212.87 -122.698 0 
-695.909 -695.909 -695.739 -695.738 -695.857 -695.898 -696.067 -695.388 -694.03 -692.699 -691.428 -689.518 -688.045 -686.478 -686.706 -687.139 -685.257 -685.086 -683.214 -680.358 -678.499 -679.21 -677.32 -675.344 -674.684 -672.293 -663.583 -653.138 -644.302 -632.953 -618.668 -602.832 -585.659 -567.159 -548.305 -529.89 -512.425 -495.669 -478.809 -461.659 -442.69 -421.39 -398.735 -374.929 -348.476 -315.235 -271.018 -209.871 -120.368 0 
-695.097 -695.097 -695.186 -695.278 -695.409 -696.044 -696.878 -695.767 -693.77 -692.131 -690.809 -689.197 -687.994 -686.261 -685.965 -686.297 -684.087 -683.568 -683.961 -681.288 -678.702 -679.222 -675.497 -673.39 -670.752 -670.16 -661.367 -653.116 -644.879 -633.215 -617.678 -600.451 -582.88 -564.592 -545.743 -527.265 -509.506 -492.315 -475.162 -457.688 -438.801 -417.37 -394.324 -370.168 -343.548 -310.25 -266.706 -207.656 -119.847 0 
-694.611 -694.611 -694.522 -694.515 -694.814 -695.182 -695.637 -694.637 -692.793 -690.994 -689.234 -687.885 -687.15 -685.128 -684.531 -684.723 -682.733 -678.979 -677.223 -675.23 -676.589 -680.114 -676.238 -672.378 -664.777 -665.52 -657.379 -651.407 -645.211 -634.293 -617.963 -599.209 -580.816 -562.454 -543.681 -524.874 -507.123 -489.923 -472.589 -454.705 -435.721 -414.034 -390.967 -367.138 -340.394 -307.008 -264.112 -206.434 -120.023 0 
-693.681 -693.681 -693.76 -693.898 -693.815 -693.779 -693.696 -692.919 -691.672 -690.234 -688.782 -687.7 -686.259 -683.991 -683.688 -683.35 -682.193 -677.582 -675.073 -675.48 -677.894 -678.616 -673.293 -670.436 -664.635 -665.649 -656.403 -648.979 -642.794 -632.329 -616.756 -598.361 -579.674 -561.26 -542.725 -523.613 -505.593 -488.52 -470.851 -452.215 -433.227 -412.177 -389.451 -365.75 -338.877 -305.667 -262.451 -204.113 -119.377 0 
-693.223 -693.223 -693.2 -692.962 -692.833 -692.593 -692.213 -691.59 -690.669 -689.554 -688.451 -687.577 -686.407 -684.728 -683.536 -681.228 -680.376 -678.514 -677.461 -681.395 -683.315 -680.118 -675.138 -671.527 -665.094 -666.277 -657.552 -649.052 -641.494 -630.143 -614.577 -596.991 -579.278 -560.973 -542.057 -522.922 -504.547 -487.341 -469.473 -450.267 -431.179 -411.019 -388.71 -365.158 -337.911 -304.304 -260.511 -201.059 -116.754 0 
-692.384 -692.384 -692.254 -692.211 -691.969 -691.625 -691.197 -690.691 -690.019 -688.991 -687.525 -685.776 -685.423 -684.79 -682.832 -680.529 -679.038 -678.803 -678.252 -682.415 -684.135 -679.065 -673.76 -668.86 -665.544 -670.008 -660.008 -650.097 -640.779 -627.938 -612.402 -595.512 -578.008 -559.849 -541.438 -522.646 -503.839 -485.902 -467.819 -448.504 -429.28 -409.498 -387.837 -364.25 -336.412 -302.319 -258.495 -199.779 -115.48 0 
-691.809 -691.809 -691.781 -691.551 -691.285 -690.925 -690.533 -690.111 -689.594 -689.032 -688.163 -685.698 -684.898 -684.676 -682.929 -681.9 -679.418 -679.61 -678.412 -680.454 -683.443 -681.01 -676.565 -669.819 -664.858 -667.865 -658.859 -650.214 -640.081 -625.989 -610.908 -595.033 -577.475 -559.285 -541.132 -522.315 -503.739 -485.714 -467.766 -448.21 -428.127 -407.921 -386.637 -362.943 -334.91 -300.132 -256.399 -199.047 -115.562 0 
-691.258 -691.258 -691.137 -691.01 -690.769 -690.441 -690.041 -689.674 -689.329 -688.969 -688.378 -686.033 -684.942 -684.886 -683.863 -683.652 -681.535 -682.994 -680.764 -679.18 -678.865 -676.832 -675.139 -671.772 -664.577 -664.604 -656.525 -649.391 -640.215 -626.074 -610.712 -594.854 -577.042 -558.909 -540.654 -521.41 -502.91 -485.026 -467.48 -447.975 -427.739 -407.23 -385.095 -360.714 -333.01 -298.017 -254.486 -198.091 -115.489 0 
-690.878 -690.878 -690.824 -690.68 -690.436 -690.084 -689.723 -689.345 -688.903 -688.388 -687.666 -686.096 -685.131 -685.024 -684.857 -685.856 -683.91 -684.435 -682.139 -680.747 -682.067 -680.323 -675.546 -672.564 -666.711 -665.452 -655.513 -648.153 -640.298 -627.513 -611.63 -594.69 -576.868 -559.201 -540.876 -521.108 -501.853 -483.254 -465.449 -446.684 -427.477 -407.123 -384.176 -359.635 -332.747 -298.586 -254.769 -197.453 -113.987 0 
-690.625 -690.625 -690.567 -690.417 -690.193 -689.893 -689.498 -689.113 -688.684 -688.05 -687.181 -686.013 -685.058 -684.933 -685.332 -687.97 -686.278 -684.842 -683.747 -682.782 -682.463 -679.848 -676.432 -674.488 -667.628 -664.297 -654.669 -647.74 -640.62 -628.854 -612.591 -594.906 -577.087 -559.329 -540.624 -520.535 -500.967 -481.981 -463.505 -445.32 -427.286 -407.14 -383.834 -359.281 -332.769 -299.876 -256.829 -199.571 -115.773 0 
-690.489 -690.489 -690.398 -690.296 -690.095 -689.796 -689.47 -689.074 -688.58 -687.956 -687.141 -686.222 -685.49 -684.989 -685.114 -687.816 -687.8 -686.077 -685.54 -685.644 -682.368 -676.961 -674.147 -671.749 -664.419 -663.217 -655.352 -647.732 -640.715 -628.942 -612.803 -595.636 -577.692 -559.355 -540.214 -519.827 -500.189 -480.954 -462.069 -443.789 -425.939 -405.963 -383.379 -359.51 -333.559 -301.348 -258.821 -201.536 -117.491 0 
-690.414 -690.414 -690.377 -690.247 -690.094 -689.874 -689.548 -689.199 -688.746 -688.079 -687.264 -686.693 -686.419 -685.228 -684.354 -685.263 -686.612 -686.604 -684.902 -684.052 -683.217 -680.443 -675.307 -670.533 -662.434 -663.121 -657.56 -649.38 -640.641 -628.389 -613.028 -596.372 -577.814 -558.669 -539.629 -519.164 -499.585 -480.554 -461.951 -443.406 -424.707 -404.347 -382.622 -359.493 -333.965 -301.695 -259.042 -201.106 -117.299 0 
-690.414 -690.414 -690.342 -690.311 -690.201 -690.035 -689.838 -689.54 -689.109 -688.416 -687.423 -687.022 -687.75 -687.308 -685.457 -684.484 -684.547 -684.463 -683.112 -681.402 -681.389 -681.013 -675.852 -671.221 -663.627 -662.456 -656.809 -649.619 -639.574 -627.277 -613.523 -596.728 -577.6 -558.585 -540.122 -519.794 -500.195 -481.208 -462.845 -444.525 -425.267 -404.707 -383.325 -359.694 -333.931 -301.275 -258.594 -200.546 -117.488 0 
-690.469 -690.469 -690.454 -690.386 -690.367 -690.316 -690.214 -690.101 -689.854 -689.311 -688.456 -687.789 -688.184 -688.057 -685.673 -682.527 -679.656 -678.227 -678.083 -678.112 -679.095 -679.446 -678.277 -675.913 -667.003 -662.85 -654.908 -648.594 -639.268 -627.034 -613.168 -596.136 -577.462 -559.417 -541.412 -521.319 -501.975 -483.478 -464.714 -445.829 -426.187 -405.398 -383.821 -359.538 -333.248 -300.776 -258.059 -199.443 -116.33 0 
-690.484 -690.484 -690.472 -690.53 -690.555 -690.621 -690.723 -690.832 -690.917 -690.789 -690.407 -689.058 -687.51 -686.081 -684.752 -682.145 -678.93 -677.623 -676.121 -676.175 -678.947 -678.729 -675.983 -673.565 -665.375 -663.015 -654.173 -646.652 -637.537 -626.075 -612.138 -595.293 -577.359 -560.039 -541.927 -522.282 -503.369 -485.396 -466.468 -447.267 -427.22 -405.713 -382.869 -357.981 -331.479 -299.602 -256.981 -198.169 -114.226 0 
-690.554 -690.554 -690.544 -690.561 -690.689 -690.868 -691.166 -691.639 -692.224 -692.329 -692.131 -690.115 -687.019 -684.031 -682.413 -680.786 -679.01 -679.227 -677.575 -677.164 -677.413 -675.856 -673.286 -672.59 -667.384 -664.216 -655.276 -645.795 -635.484 -623.899 -610.257 -593.57 -575.927 -558.791 -540.428 -520.942 -502.334 -485.013 -466.668 -447.626 -427.592 -405.969 -382.288 -357.235 -330.303 -297.478 -254.558 -197.084 -113.515 0 
-690.446 -690.446 -690.493 -690.584 -690.71 -690.975 -691.422 -692.252 -693.396 -693.33 -692.698 -690.436 -686.811 -683.319 -681.043 -680.346 -679.482 -679.553 -676.83 -674.935 -675.521 -675.076 -670.593 -667.482 -663.799 -660.473 -654.332 -645.281 -634.796 -622.413 -608.959 -592.096 -574.148 -556.723 -538.085 -518.838 -500.516 -483.339 -465.352 -446.316 -427.113 -406.482 -382.944 -357.871 -330.689 -297.394 -254.678 -198.282 -115.526 0 
-690.394 -690.394 -690.363 -690.423 -690.57 -690.799 -691.201 -691.88 -692.765 -692.612 -692.023 -690.074 -686.713 -683.458 -681.401 -681.42 -680.189 -678.783 -675.226 -672.339 -673.867 -672.566 -669.714 -666.07 -663.829 -661.241 -655.32 -646.147 -635.664 -622.432 -608.265 -590.949 -573.037 -555.407 -536.211 -516.86 -498.69 -481.643 -463.85 -444.536 -426.173 -406.841 -383.988 -359.477 -332.339 -298.578 -255.212 -198.233 -115.768 0 
-690.15 -690.15 -690.196 -690.222 -690.291 -690.426 -690.614 -690.863 -691.09 -690.943 -691.021 -689.66 -686.379 -683.602 -682.196 -681.235 -679.995 -677.759 -676.033 -673.56 -675.095 -672.57 -672.153 -667.969 -665.225 -662.788 -656.046 -647.55 -637.311 -623.871 -608.707 -590.752 -572.919 -555.217 -535.797 -515.914 -497.525 -480.396 -462.699 -443.587 -425.18 -405.927 -383.932 -360.609 -333.595 -300.174 -256.567 -198.367 -114.84 0 
-689.942 -689.942 -689.9 -689.921 -689.947 -689.971 -689.964 -689.851 -689.468 -688.792 -688.805 -687.965 -685.628 -684.106 -683.79 -681.163 -680.027 -677.844 -677.206 -673.282 -672.044 -670.091 -669.538 -667.039 -665.505 -664.955 -657.279 -649.309 -639.137 -625.802 -609.754 -591.176 -573.241 -555.295 -535.664 -515.238 -496.998 -479.642 -461.683 -442.388 -423.319 -403.687 -382.716 -360.614 -333.471 -299.993 -255.952 -197.548 -114.518 0 
-689.668 -689.668 -689.666 -689.63 -689.602 -689.544 -689.417 -689.138 -688.587 -687.755 -687.399 -687.004 -685.83 -684.563 -684.031 -679.971 -679.063 -678.933 -680.017 -676.023 -670.742 -669.725 -668.452 -664.46 -663.613 -664.476 -656.639 -649.449 -640.263 -627.325 -610.623 -591.918 -574.58 -556.334 -536.334 -515.548 -496.931 -478.757 -460.379 -441.226 -422.102 -402.234 -381.456 -359.296 -332.08 -298.636 -254.251 -195.613 -113.814 0 
-689.385 -689.385 -689.374 -689.365 -689.321 -689.233 -689.064 -688.762 -688.264 -687.581 -687.017 -686.221 -684.358 -682.81 -682.853 -681.061 -681.219 -681.826 -680.983 -676.623 -670.098 -668.301 -667.906 -662.891 -662.615 -664.242 -657.625 -649.714 -640.251 -627.08 -610.958 -593.015 -576.095 -557.273 -537.132 -516.756 -496.904 -477.581 -459.263 -440.875 -422.149 -402.364 -381.805 -358.763 -330.125 -295.673 -251.84 -194.011 -112.785 0 
-689.156 -689.156 -689.138 -689.111 -689.078 -689.016 -688.889 -688.644 -688.211 -687.548 -686.976 -686.159 -683.21 -680.668 -679.934 -679.991 -679.537 -678.557 -676.534 -673.42 -667.966 -667.425 -666.616 -659.065 -659.742 -662.95 -656.851 -647.836 -638.26 -625.271 -610.516 -592.794 -574.863 -556.047 -536.634 -517.175 -496.643 -476.891 -459.031 -441.2 -422.68 -403.107 -382.556 -358.667 -328.702 -293.081 -249.388 -192.973 -112.787 0 
-688.881 -688.881 -688.898 -688.903 -688.895 -688.879 -688.859 -688.781 -688.439 -687.338 -686.187 -685.058 -682.018 -680.338 -679.866 -679.977 -678.638 -676.604 -675.037 -671.99 -665.962 -665.43 -663.191 -657.298 -659.437 -662.324 -656.572 -648.338 -639.153 -625.027 -609.7 -591.9 -573.628 -555.268 -536.301 -517.102 -496.709 -476.892 -458.19 -439.456 -420.88 -402.182 -381.759 -358.193 -329.009 -294.238 -251.463 -195.713 -114.573 0 
-688.634 -688.634 -688.639 -688.657 -688.694 -688.767 -688.915 -689.19 -689.248 -687.45 -685.574 -684.019 -681.862 -681.937 -681.894 -680.879 -679.296 -675.946 -673.591 -672.024 -665.889 -665.814 -662.177 -656.058 -654.867 -656.883 -654.051 -647.447 -638.42 -624.117 -607.635 -590.037 -572.898 -554.939 -535.551 -515.655 -495.748 -476.685 -457.516 -437.756 -418.315 -399.771 -379.448 -356.857 -329.773 -297.185 -255.364 -198.478 -116.138 0 
-688.348 -688.348 -688.374 -688.393 -688.428 -688.536 -688.801 -689.379 -689.789 -687.764 -685.984 -684.64 -682.419 -681.441 -682.014 -681.509 -680.369 -675.892 -672.225 -672.102 -665.726 -665.43 -663.356 -663.199 -662.219 -660.877 -655.9 -647.917 -637.496 -623.141 -605.334 -587.298 -571.023 -553.64 -534.692 -515.178 -495.64 -476.62 -457.369 -437.613 -417.526 -398.1 -378.104 -356.366 -330.121 -298.367 -256.565 -197.652 -114.641 0 
-688.042 -688.042 -688.05 -688.063 -688.089 -688.133 -688.224 -688.36 -688.293 -686.921 -685.4 -683.371 -680.54 -679.248 -680.556 -680.194 -678.732 -674.04 -671.814 -671.321 -668.394 -668.27 -665.454 -664.444 -660.445 -657.823 -652.276 -645.2 -635.01 -620.815 -603.847 -586.409 -570.322 -552.381 -532.882 -513.807 -495.152 -476.417 -457.445 -437.921 -418.052 -398.067 -377.751 -355.854 -329.5 -296.895 -253.687 -194.333 -111.835 0 
-687.722 -687.722 -687.721 -687.703 -687.683 -687.661 -687.603 -687.47 -687.139 -686.406 -685.512 -683.53 -680.585 -680.175 -680.503 -680.2 -678.676 -675.354 -674.049 -672.155 -670.803 -667.626 -664.165 -662.087 -657.902 -658.05 -652.705 -645.796 -635.237 -620.738 -604.345 -586.826 -570.022 -551.444 -531.36 -512.139 -494.078 -475.602 -456.972 -437.241 -417.371 -397.245 -376.696 -354.115 -327.36 -294.318 -250.872 -193.106 -111.206 0 
-687.389 -687.389 -687.377 -687.357 -687.301 -687.205 -687.066 -686.827 -686.444 -685.97 -685.385 -683.361 -680.011 -679.812 -679.53 -680.426 -678.467 -675.725 -675.91 -676.547 -674.378 -670.314 -666.32 -664.993 -661.953 -661.152 -652.55 -643.611 -634.102 -621.288 -605.043 -587.181 -570.179 -551.759 -531.133 -511.13 -492.636 -474.385 -457.05 -437.595 -417.157 -396.356 -375.659 -353.052 -326.36 -293.555 -251.027 -195.201 -112.987 0 
-687.08 -687.08 -687.061 -687.019 -686.955 -686.838 -686.651 -686.367 -685.914 -685.167 -684.046 -682.688 -681.336 -681.469 -681.055 -679.974 -675.575 -674.005 -673.44 -674.141 -673.526 -671.71 -664.933 -660.184 -655.404 -655.436 -651.02 -642.003 -632.09 -620.311 -604.332 -586.952 -570.815 -553.041 -531.868 -510.938 -491.423 -473.173 -456.97 -437.999 -417.015 -395.553 -375.035 -352.967 -326.761 -295.179 -253.942 -198.877 -115.507 0 
-686.787 -686.787 -686.779 -686.739 -686.656 -686.548 -686.382 -686.129 -685.749 -685.093 -684.03 -682.914 -682.437 -682.586 -683.397 -680.654 -674.204 -674.232 -673.644 -672.002 -671.526 -672.366 -664.569 -659.218 -655.277 -655.61 -651.643 -641.678 -631.377 -619.521 -603.382 -586.018 -569.259 -551.774 -531.848 -511.266 -491.591 -473.314 -456.731 -437.961 -417.533 -396.325 -375.367 -352.842 -326.74 -295.628 -254.518 -199.852 -116.699 0 
-686.539 -686.539 -686.518 -686.486 -686.429 -686.333 -686.217 -686.078 -685.924 -685.814 -685.6 -684.281 -683.097 -682.243 -683.203 -681.089 -675.774 -676.549 -676.687 -672.849 -670.882 -671.127 -664.43 -661.126 -658.374 -658.101 -651.233 -640.398 -630.817 -619.691 -604.216 -586.353 -568.039 -550.236 -530.936 -510.759 -491.485 -473.561 -456.989 -438.371 -418.564 -397.831 -375.971 -352.934 -327.115 -295.782 -253.463 -197.774 -115.599 0 
-686.313 -686.313 -686.303 -686.265 -686.224 -686.167 -686.096 -686.049 -686.085 -686.362 -686.702 -685.41 -683.973 -681.753 -680.541 -679.456 -677.855 -678.027 -677.646 -673.851 -671.487 -671.153 -667.186 -662.793 -659 -660.189 -653.051 -641.737 -631.779 -620.207 -604.715 -586.939 -568.447 -550.511 -530.987 -510.69 -491.616 -474.124 -457.316 -438.321 -418.804 -398.168 -376.472 -353.906 -327.901 -295.856 -253.47 -196.875 -114.698 0 
-686.103 -686.103 -686.094 -686.08 -686.041 -686.001 -685.967 -685.943 -685.981 -686.125 -686.316 -685.496 -684.101 -681.445 -680.011 -679.637 -680.279 -681.257 -679.721 -677.32 -673.923 -668.581 -661.69 -659.075 -657.984 -659.316 -653.236 -642.811 -632.272 -620.049 -604.32 -587.008 -569.218 -551.581 -531.898 -511.843 -492.728 -474.653 -457.048 -437.787 -417.92 -396.725 -375.119 -353.078 -327.093 -294.693 -253.552 -197.544 -116.06 0 
-685.921 -685.921 -685.904 -685.891 -685.874 -685.841 -685.808 -685.782 -685.766 -685.822 -685.849 -685.267 -683.782 -681.488 -681.079 -681.495 -682.612 -684.173 -679.918 -675.193 -670.968 -666.945 -662.83 -662.169 -661.164 -659.76 -652.523 -642.487 -632.62 -619.622 -603.922 -588.178 -570.797 -552.337 -532.598 -512.942 -493.195 -474.049 -456.203 -437.382 -417.159 -396.062 -374.351 -352.008 -326.569 -294.921 -254.517 -197.878 -115.339 0 
-685.738 -685.738 -685.739 -685.719 -685.702 -685.686 -685.652 -685.6 -685.48 -685.114 -684.454 -684.032 -683.228 -681.715 -682.155 -683.385 -683.724 -683.519 -679.238 -674.673 -671.713 -667.981 -665.3 -663.294 -661.153 -658.743 -650.565 -640.369 -631.662 -619.952 -605.018 -589.649 -571.82 -552.18 -532.145 -512.217 -492.404 -473.22 -455.409 -437.41 -417.498 -396.467 -374.455 -351.554 -326.248 -294.465 -253.856 -197.869 -114.814 0 
-685.57 -685.57 -685.562 -685.561 -685.547 -685.533 -685.524 -685.503 -685.465 -685.371 -685.114 -684.399 -683.366 -680.723 -678.801 -679.416 -679.961 -679.308 -677.4 -673.978 -670.884 -667.305 -666.063 -663.251 -659.6 -656.473 -648.383 -640.3 -631.418 -619.278 -604.217 -588.495 -571.033 -551.773 -532.134 -512.253 -492.581 -473.662 -455.529 -437.87 -418.647 -397.929 -375.935 -352.096 -325.147 -292.383 -251.534 -196.028 -113.142 0 
-685.419 -685.419 -685.402 -685.393 -685.393 -685.387 -685.395 -685.431 -685.52 -685.771 -685.957 -685.08 -684.072 -681.339 -677.646 -676.497 -677.38 -678.211 -676.208 -672.827 -671.516 -668.478 -666.991 -665.216 -661.697 -657.316 -648.297 -640.064 -630.297 -618.364 -603.489 -587.44 -570.053 -551.026 -531.287 -511.582 -492.428 -473.89 -455.297 -437.184 -418.315 -398.247 -376.596 -352.434 -325.129 -292.18 -250.57 -194.725 -111.883 0 
-685.255 -685.255 -685.254 -685.24 -685.228 -685.228 -685.238 -685.286 -685.389 -685.436 -685.243 -684.991 -684.798 -683.896 -680.608 -678.284 -677.606 -677.515 -674.945 -672.453 -672.996 -670.871 -667.917 -666.008 -661.625 -657.301 -649.735 -641.296 -630.994 -618.649 -603.49 -587.006 -569.46 -550.487 -530.911 -511.652 -492.668 -473.691 -454.484 -435.569 -416.731 -396.913 -375.665 -352.674 -326.863 -294.45 -251.962 -195.734 -112.666 0 
-685.11 -685.11 -685.099 -685.092 -685.07 -685.048 -685.039 -685.08 -685.296 -685.874 -686.193 -685.608 -684.291 -684.483 -682.349 -679.192 -675.858 -675.464 -674.796 -673.338 -673.815 -673.406 -667.767 -665.289 -660.888 -657.952 -651.597 -642.688 -632.778 -620.244 -604.515 -586.963 -569.384 -550.69 -531.377 -511.74 -492.029 -472.59 -453.288 -434.203 -415.337 -395.64 -375.451 -353.655 -328.145 -295.772 -253.371 -197.386 -113.846 0 
-684.984 -684.984 -684.967 -684.946 -684.922 -684.866 -684.777 -684.677 -684.763 -685.83 -686.728 -685.894 -683.967 -682.88 -680.744 -679.522 -677.156 -677.574 -678.202 -675.49 -671.947 -669.603 -663.28 -659.671 -654.761 -652.224 -647.934 -641.641 -632.632 -620.643 -605.716 -587.959 -570.573 -551.463 -531.295 -510.788 -490.796 -471.694 -453.044 -434.58 -416.066 -396.433 -376.349 -354.147 -328.485 -295.76 -253.449 -197.921 -114.843 0 
-684.861 -684.861 -684.858 -684.839 -684.805 -684.734 -684.547 -684.076 -683.382 -683.896 -684.851 -684.504 -682.745 -681.11 -679.498 -679.91 -678.927 -679.184 -679.134 -676.469 -673.171 -668.672 -663.881 -660.82 -655.045 -651.655 -644.869 -638.935 -630.806 -619.615 -605.887 -588.543 -570.612 -551.068 -530.606 -510.035 -490.388 -471.687 -453.71 -435.983 -417.941 -398.282 -377.448 -353.964 -328.393 -295.524 -252.933 -196.323 -113.953 0 
-684.755 -684.755 -684.751 -684.761 -684.757 -684.735 -684.653 -684.405 -683.913 -683.778 -683.906 -683.462 -681.84 -680.78 -679.576 -680.655 -680.266 -677.821 -675.045 -672.46 -668.615 -661.933 -660.57 -661.288 -657.122 -652.187 -643.983 -638.011 -631.028 -619.739 -604.888 -587.434 -569.06 -549.502 -529.428 -509.898 -491.001 -472.727 -454.578 -436.558 -418.956 -399.884 -378.698 -354.246 -328.035 -295.439 -253.374 -196.125 -113.9 0 
-684.653 -684.653 -684.658 -684.682 -684.734 -684.812 -684.941 -685.138 -685.29 -684.327 -683.121 -681.097 -679.805 -679.488 -677.604 -677.66 -677.895 -675.835 -674.466 -673.948 -670.445 -665.59 -662.518 -659.208 -656.774 -652.549 -646.067 -639.274 -632.099 -619.39 -603.349 -586.374 -568.232 -548.747 -528.599 -509.516 -491.125 -473.226 -454.741 -436.421 -419.124 -400.715 -379.451 -355.036 -328.185 -295.191 -252.479 -195.13 -113.87 0 
-684.526 -684.526 -684.548 -684.583 -684.659 -684.815 -685.135 -685.881 -686.808 -685.575 -684.32 -680.999 -679.46 -678.988 -676.89 -675.347 -674.645 -672.294 -671.927 -673.208 -671.907 -671.328 -665.547 -660.239 -656.06 -651.221 -645.786 -638.565 -631.45 -618.74 -602.614 -585.76 -567.788 -548.842 -529.314 -510.111 -491.426 -473.6 -454.945 -436.618 -419.317 -401.054 -379.733 -355.532 -328.228 -294.844 -251.856 -194.689 -113.23 0 
-684.384 -684.384 -684.395 -684.429 -684.485 -684.596 -684.813 -685.193 -685.483 -684.119 -683.526 -681.89 -680.873 -679.389 -677.143 -674.118 -673.733 -672.12 -671.668 -672.034 -668.59 -666.468 -663.691 -662.416 -657.704 -654.268 -647.575 -638.849 -631.334 -618.611 -602.602 -585.557 -567.684 -549.398 -530.369 -510.937 -491.646 -473.793 -455.233 -436.87 -419.207 -400.416 -379.182 -355.595 -328.17 -294.725 -252.348 -194.305 -111.395 0 
-684.23 -684.23 -684.223 -684.223 -684.231 -684.245 -684.269 -684.267 -684.084 -683.245 -682.824 -682.46 -681.86 -679.222 -676.124 -673.744 -674.279 -673.741 -671.839 -670.674 -668.008 -666.739 -667.721 -664.665 -657.072 -651.399 -646.878 -639.282 -631.447 -617.989 -602.086 -585.188 -567.283 -548.895 -529.73 -510.707 -491.435 -473.515 -454.912 -435.937 -417.498 -398.359 -378.113 -355.904 -328.832 -294.363 -252.098 -194.337 -111.587 0 
-684.07 -684.07 -684.055 -684.014 -683.958 -683.879 -683.748 -683.525 -683.123 -682.473 -681.942 -682.29 -682.589 -680.688 -678.193 -676.696 -675.721 -675.524 -673.678 -672.15 -670.423 -672.054 -673.298 -665.278 -657.479 -652.193 -648.929 -640.637 -630.563 -617.003 -601.794 -584.85 -566.559 -547.704 -528.29 -509.895 -491.227 -473.671 -455.177 -435.771 -416.666 -397.209 -377.631 -356.256 -329.639 -294.753 -251.837 -194.348 -111.694 0 
-683.939 -683.939 -683.903 -683.838 -683.732 -683.577 -683.349 -683.002 -682.472 -681.642 -680.851 -681.771 -682.565 -681.022 -678.642 -677.101 -677.031 -676.802 -673.974 -671.968 -669.651 -669.595 -669.907 -667.104 -661.5 -654.998 -649.683 -641.62 -629.485 -615.808 -601.518 -585.253 -566.883 -547.997 -528.681 -510.539 -492.36 -474.915 -456.423 -436.755 -416.932 -397.224 -377.49 -355.632 -329.128 -294.526 -250.848 -193.557 -111.619 0 
-683.862 -683.862 -683.807 -683.718 -683.584 -683.386 -683.11 -682.727 -682.204 -681.522 -680.864 -681.22 -681.278 -680.117 -677.837 -676.253 -677.186 -676.466 -673.89 -671.073 -666.68 -668.661 -671.256 -670.468 -662.528 -653.433 -647.401 -638.649 -627.249 -615.594 -602.042 -585.743 -567.376 -549.24 -530.786 -512.634 -494.294 -476.25 -457.525 -437.719 -417.121 -396.895 -376.91 -354.809 -328.247 -293.887 -250.883 -193.817 -112.258 0 
-683.843 -683.843 -683.787 -683.683 -683.531 -683.319 -683.03 -682.652 -682.171 -681.592 -680.966 -680.435 -679.502 -678.726 -677.697 -676.947 -677.334 -675.026 -673.165 -672.596 -667.136 -670.451 -672.784 -668.536 -660.837 -654.877 -649.047 -637.808 -627.013 -615.502 -601.573 -585.198 -567.352 -550.138 -532.266 -514.123 -496.026 -477.213 -457.511 -437.396 -416.418 -396.31 -376.817 -354.696 -327.454 -292.387 -249.853 -193.434 -112.762 0 
-683.897 -683.897 -683.841 -683.739 -683.583 -683.373 -683.096 -682.742 -682.303 -681.779 -681.173 -680.462 -679.439 -678.544 -678.945 -679.161 -678.059 -674.207 -671.397 -670.897 -666.858 -671.012 -671.854 -667.009 -660.212 -655.437 -648.923 -638.314 -628.978 -616.345 -600.505 -583.444 -565.482 -548.589 -531.498 -514.075 -496.299 -477.21 -457.314 -437.432 -416.839 -397.413 -378.405 -355.72 -327.73 -292.296 -250.28 -194.178 -112.819 0 
-684.034 -684.034 -683.975 -683.878 -683.736 -683.541 -683.291 -682.975 -682.585 -682.113 -681.547 -680.872 -680.034 -679.122 -679.864 -679.351 -677.846 -675.469 -674.183 -674.09 -670.093 -671.45 -671.158 -668.835 -661.717 -654.529 -646.913 -638.402 -630.736 -617.796 -601.198 -583.255 -564.506 -547.003 -529.95 -512.845 -494.586 -475.633 -456.77 -437.822 -418.21 -399.468 -380.578 -357.087 -328.856 -294.006 -252.617 -196.249 -112.781 0 
-684.24 -684.24 -684.189 -684.099 -683.976 -683.81 -683.598 -683.335 -683.009 -682.602 -682.074 -681.382 -681.143 -681.264 -682.227 -679.472 -675.711 -673.771 -673.348 -673.691 -673.164 -674.383 -670.741 -666.052 -659.258 -653.187 -647.485 -639.779 -632.426 -618.938 -602.02 -583.759 -565.103 -546.837 -528.878 -511.631 -493.68 -475.328 -456.75 -438.178 -419.576 -401.236 -382.019 -357.931 -329.948 -295.708 -253.837 -197.18 -113.39 0 
-684.505 -684.505 -684.464 -684.393 -684.291 -684.161 -683.999 -683.803 -683.565 -683.246 -682.662 -681.455 -681.121 -682.29 -684.048 -681.152 -676.185 -675.251 -675.513 -675.447 -676.644 -674.339 -667.721 -662.396 -655.946 -652.463 -648.153 -641.068 -633.504 -619.704 -602.637 -584.47 -566.054 -546.956 -528.514 -510.883 -493.444 -475.658 -457.185 -438.883 -420.611 -401.938 -382.642 -358.756 -331.293 -296.95 -253.628 -196.162 -113.006 0 
-684.822 -684.822 -684.788 -684.737 -684.665 -684.573 -684.466 -684.35 -684.239 -684.187 -684.038 -682.659 -680.993 -680.082 -679.772 -680.156 -677.982 -676.468 -677.676 -679.439 -680.153 -675.318 -669.796 -666.281 -661.188 -658.378 -648.887 -641.316 -634.118 -620.301 -603.554 -585.459 -566.598 -547.102 -528.836 -510.665 -493.061 -475.45 -457.818 -440.262 -422.063 -402.721 -382.877 -358.692 -331.257 -296.823 -253.373 -195.758 -113.146 0 
-685.172 -685.172 -685.149 -685.116 -685.076 -685.024 -684.967 -684.91 -684.867 -684.827 -684.529 -682.438 -680.288 -678.671 -677.563 -679.447 -678.934 -675.585 -674.34 -674.614 -675.118 -672.894 -669.969 -667.65 -662.515 -659.206 -650.467 -642.303 -633.907 -620.177 -603.803 -585.935 -567.19 -547.759 -528.738 -509.556 -491.582 -474.364 -457.464 -440.533 -422.941 -403.655 -383.045 -358.361 -330.735 -296.269 -252.611 -193.91 -111.331 0 
-685.537 -685.537 -685.529 -685.518 -685.507 -685.495 -685.48 -685.468 -685.49 -685.657 -685.544 -683.265 -681.775 -679.798 -678.321 -680.063 -681.089 -678.716 -677.132 -677.571 -677.529 -675.49 -669.884 -667.582 -661.877 -655.6 -650.213 -642.305 -633.829 -620.642 -603.714 -585.417 -567.096 -548.454 -529.318 -509.753 -491.223 -474.167 -457.521 -440.488 -422.579 -403.234 -382.527 -358.295 -330.18 -295.343 -251.848 -192.8 -110.224 0 
-685.901 -685.901 -685.905 -685.923 -685.946 -685.974 -685.996 -685.99 -685.926 -685.777 -685.287 -683.95 -683.828 -682.489 -680.522 -680.84 -681.433 -680.048 -678.2 -678.428 -676.752 -676.956 -673.591 -669.755 -660.809 -653.851 -648.973 -640.933 -633.117 -620.521 -603.838 -585.473 -566.867 -548.583 -529.883 -510.596 -491.684 -474.087 -457.136 -439.675 -421.577 -402.653 -382.419 -359.184 -330.722 -295.77 -252.827 -194.353 -111.301 0 
-686.245 -686.245 -686.264 -686.309 -686.377 -686.461 -686.54 -686.57 -686.452 -685.99 -685.241 -685.152 -685.405 -684.574 -682.626 -682.267 -681.165 -678.47 -677.309 -680.673 -678.105 -675.67 -671.477 -668.806 -659.55 -654.915 -648.648 -639.625 -632.071 -619.949 -603.881 -585.808 -567.401 -549.342 -530.638 -510.944 -492.071 -473.828 -455.99 -438.17 -420.432 -402.311 -382.565 -359.776 -331.463 -296.886 -253.326 -194.741 -112.181 0 
-686.542 -686.542 -686.58 -686.657 -686.777 -686.937 -687.125 -687.299 -687.361 -687.115 -686.709 -686.674 -685.774 -684.364 -683.239 -683.329 -681.967 -680.389 -678.057 -678.974 -674.179 -671.117 -668.076 -666.862 -659.969 -655.58 -649.913 -641.11 -632.622 -620.474 -604.893 -586.703 -568.38 -550.202 -531.183 -511.093 -492.566 -474.203 -455.903 -438.286 -421.079 -402.948 -383.132 -360.769 -333.144 -298.653 -254.317 -196.14 -113.989 0 
-686.771 -686.771 -686.825 -686.934 -687.105 -687.352 -687.688 -688.125 -688.594 -688.503 -688.173 -687.808 -686.556 -685.019 -683.369 -682.385 -681.141 -681.248 -680.848 -681.055 -676.347 -673.042 -668.568 -663.372 -658.203 -654.58 -651.166 -642.11 -632.125 -619.752 -603.783 -585.755 -568.179 -549.907 -530.681 -510.85 -492.275 -474.434 -456.75 -439.042 -421.152 -402.251 -382.409 -360.437 -333.669 -299.641 -255.409 -197.656 -115.082 0 
-686.913 -686.913 -686.974 -687.103 -687.309 -687.617 -688.083 -688.854 -689.838 -689.624 -688.906 -688.591 -687.578 -686.833 -684.466 -680.623 -678.585 -679.243 -680.256 -679.442 -675.76 -674.006 -668.956 -663.153 -659.421 -653.231 -646.177 -637.52 -629.572 -618.544 -602.686 -585.672 -568.312 -549.181 -529.337 -510.106 -491.711 -474.871 -457.377 -439.018 -420.476 -401.413 -381.69 -359.879 -333.531 -299.714 -255.178 -197.089 -114.308 0 
-686.952 -686.952 -687.015 -687.143 -687.346 -687.641 -688.072 -688.723 -689.489 -689.186 -688.44 -688.297 -687.55 -686.103 -682.25 -678.873 -679.158 -679.755 -679.159 -678.4 -674.843 -671.317 -666.583 -664.303 -661.451 -655.424 -646.129 -636.824 -629.483 -618.209 -602.098 -585.122 -567.757 -548.537 -528.647 -510.209 -492.043 -475.477 -457.746 -439.151 -420.037 -400.676 -380.77 -358.603 -332.346 -298.79 -254.047 -195.752 -113.309 0 
-686.889 -686.889 -686.947 -687.057 -687.224 -687.454 -687.751 -688.09 -688.319 -687.832 -686.734 -686.188 -686.233 -684.62 -680.168 -677.403 -679.166 -680.17 -679.516 -679.418 -674.147 -670.438 -666.621 -665.307 -658.81 -653.846 -647.654 -640.394 -632.688 -619.713 -603.281 -585.892 -568.419 -549.325 -529.199 -510.498 -492.844 -476.033 -457.532 -438.489 -418.902 -399.146 -378.992 -356.455 -329.992 -295.712 -251.516 -194.619 -112.891 0 
-686.74 -686.74 -686.784 -686.868 -686.989 -687.147 -687.338 -687.523 -687.593 -687.34 -686.699 -685.986 -685.352 -683.176 -680.045 -677.827 -677.256 -676.417 -675.451 -676.587 -671.835 -671.475 -668.961 -666.674 -660.286 -655.408 -648.298 -642.818 -634.868 -621.036 -603.805 -586.442 -569.551 -550.663 -530.503 -511.115 -492.918 -475.37 -456.798 -437.881 -418.265 -398.737 -378.647 -355.654 -329.189 -294.934 -251.036 -194.205 -112.874 0 
-686.527 -686.527 -686.554 -686.604 -686.676 -686.774 -686.901 -687.05 -687.198 -687.291 -687.18 -686.383 -684.43 -681.809 -680.94 -680.745 -679.562 -676.65 -674.126 -675.967 -672.911 -669.016 -664.734 -662.992 -658.987 -654.863 -648.562 -643.554 -634.099 -620.61 -603.935 -586.824 -570.051 -552.003 -532.317 -512.396 -493.328 -475.722 -457.686 -439.061 -419.639 -400.432 -379.954 -356.004 -328.432 -294.693 -252.035 -194.844 -113.345 0 
-686.274 -686.274 -686.283 -686.295 -686.314 -686.351 -686.419 -686.553 -686.845 -687.448 -688.215 -687.494 -684.822 -681.887 -680.911 -680.679 -680.396 -677.307 -674.224 -673.743 -671.55 -666.994 -663.983 -661.373 -655.954 -653.703 -648.46 -642.223 -632.665 -619.545 -604.335 -587.979 -570.119 -552.046 -532.762 -513.026 -493.985 -476.84 -458.769 -439.938 -421.261 -402.474 -381.303 -356.787 -328.78 -295.65 -253.581 -195.773 -114.453 0 
-686.01 -686.01 -685.997 -685.97 -685.932 -685.887 -685.847 -685.866 -686.127 -687.186 -688.652 -687.778 -685.287 -683.056 -681.836 -681.22 -681.671 -677.793 -673.193 -669.901 -668.425 -666.905 -665.26 -662.597 -656.279 -655.051 -649.355 -640.853 -631.192 -618.718 -604.33 -588.619 -570.253 -551.57 -532.56 -513.793 -495.432 -478.367 -459.563 -440.273 -422.154 -403.557 -382.157 -357.909 -329.831 -296.371 -253.83 -195.625 -113.744 0 
-685.764 -685.764 -685.73 -685.666 -685.568 -685.425 -685.215 -684.918 -684.695 -685.719 -687.363 -686.489 -684.301 -683.167 -682.92 -682.146 -681.61 -677.837 -675.093 -671.668 -669.157 -668.205 -666.702 -662.818 -655.767 -655.377 -651.386 -641.428 -630.665 -618.937 -605.055 -589.495 -571.448 -552.808 -533.349 -514.509 -496.228 -478.94 -459.875 -440.233 -422.369 -403.725 -382.388 -358.619 -330.939 -297.506 -254.554 -196.57 -113.543 0 
-685.566 -685.566 -685.516 -685.423 -685.28 -685.061 -684.712 -684.101 -683.374 -684.146 -685.59 -684.828 -683.053 -683.086 -684.683 -684.13 -681 -677.246 -676.266 -673.049 -671.607 -670.492 -669.129 -665.319 -657.548 -656.222 -652.76 -642.543 -632.478 -619.747 -605.038 -590.031 -572.924 -554.76 -534.639 -514.804 -496.266 -478.957 -460.59 -441.368 -423.69 -404.699 -383.351 -359.751 -332.472 -298.839 -255.368 -197.533 -114.648 0 
-685.436 -685.436 -685.378 -685.272 -685.111 -684.877 -684.552 -684.123 -683.658 -683.843 -684.193 -683.422 -682.261 -682.963 -684.687 -683.688 -679.556 -676.932 -675.963 -671.563 -672.265 -673.367 -672.504 -669.577 -662.181 -658.116 -653.074 -644.981 -635.98 -620.924 -604.775 -589.195 -572.782 -554.971 -534.938 -514.728 -495.921 -478.553 -460.899 -442.067 -424.013 -404.729 -383.208 -360.011 -333.675 -299.94 -255.794 -198.34 -116.25 0 
-685.389 -685.389 -685.328 -685.221 -685.06 -684.839 -684.561 -684.242 -683.939 -683.78 -683.527 -682.721 -681.792 -682.423 -683.683 -683.105 -678.89 -677.091 -675.909 -671.814 -671.264 -670.846 -668.26 -668.069 -665.423 -662.505 -656.217 -646.884 -636.31 -621.542 -605.878 -589.362 -572.454 -553.931 -534.093 -513.98 -495.041 -478.103 -461.189 -442.536 -423.623 -403.827 -382.555 -359.677 -333.715 -300.433 -256.482 -198.272 -115.226 0 
-685.429 -685.429 -685.37 -685.265 -685.111 -684.909 -684.664 -684.387 -684.103 -683.835 -683.534 -683.237 -683.313 -683.715 -684.17 -684.614 -681.983 -680.847 -679.317 -676.479 -672.702 -671.23 -667.697 -667.487 -664.278 -660.811 -655.09 -645.892 -636.115 -623.188 -608.186 -590.864 -572.956 -553.691 -533.87 -513.648 -494.231 -477.163 -460.372 -441.921 -422.67 -402.6 -382.544 -359.499 -332.641 -299.514 -256.908 -198.872 -115.078 0 
-685.555 -685.555 -685.5 -685.399 -685.253 -685.066 -684.841 -684.579 -684.286 -683.952 -683.569 -683.298 -683.735 -683.686 -683.444 -684.064 -682.954 -682.431 -679.628 -674.564 -669.13 -670.168 -668.7 -666.585 -663.89 -662.442 -655.221 -644.283 -635.798 -624.057 -608.837 -590.587 -572.054 -553.02 -533.842 -513.943 -495.007 -477.412 -459.484 -440.263 -420.769 -401.148 -381.966 -358.984 -331.951 -298.762 -256.606 -199.367 -115.409 0 
-685.765 -685.765 -685.712 -685.616 -685.478 -685.304 -685.093 -684.844 -684.548 -684.158 -683.523 -682.635 -682.555 -682.925 -683.059 -683.484 -682.876 -681.775 -679.364 -674.498 -670.732 -674.426 -672.235 -666.886 -664.537 -663.317 -656.499 -645.402 -635.716 -623.908 -608.77 -590.307 -571.205 -552.081 -533.165 -513.29 -494.655 -476.754 -458.486 -439.518 -420.585 -401.319 -381.047 -357.652 -331.095 -298.657 -256.083 -198.646 -114.723 0 
-686.054 -686.054 -686.002 -685.909 -685.78 -685.616 -685.42 -685.195 -684.945 -684.668 -684.34 -683.932 -683.598 -684.215 -683.951 -682.976 -682.668 -682.385 -681.657 -678.654 -676.56 -679.609 -673.884 -667.478 -664.706 -662.467 -656.155 -646.477 -636.859 -625.246 -609.426 -590.544 -571.062 -551.604 -531.94 -512.063 -493.526 -475.892 -457.815 -439.534 -421.14 -402.085 -381.378 -357.533 -330.414 -298.754 -256.647 -199.103 -115.222 0 
-686.417 -686.417 -686.366 -686.277 -686.153 -685.996 -685.81 -685.604 -685.401 -685.262 -685.37 -685.578 -684.3 -683.487 -682.428 -680.491 -679.006 -678.948 -679.622 -677.714 -674.63 -677.257 -674.341 -669.35 -663.62 -661.983 -657.413 -649.189 -639.145 -626.534 -609.894 -590.837 -571.591 -551.904 -531.123 -511.02 -492.293 -474.891 -457.306 -439.697 -421.659 -402.989 -382.003 -358.22 -330.287 -297.986 -256.235 -199.781 -117.022 0 
-686.851 -686.851 -686.801 -686.714 -686.594 -686.44 -686.254 -686.041 -685.814 -685.611 -685.537 -685.577 -683.936 -681.387 -679.041 -678.321 -677.694 -678.765 -679.294 -677.249 -676.25 -680.026 -677.718 -673.306 -667.162 -663.681 -658.333 -649.605 -639.563 -626.455 -609.874 -591.014 -571.748 -551.646 -530.991 -511.01 -491.958 -474.381 -457.157 -439.863 -421.887 -402.973 -381.988 -358.53 -330.474 -297.508 -255.239 -199.489 -117.43 0 
-687.354 -687.354 -687.305 -687.221 -687.102 -686.948 -686.757 -686.522 -686.229 -685.847 -685.421 -685.53 -684.656 -681.988 -678.937 -677.347 -676.007 -676.641 -676.487 -673.158 -672.806 -676.086 -674.756 -668.818 -664.83 -663.567 -658.768 -647.783 -638.157 -625.111 -608.034 -589.41 -570.65 -551.066 -531.293 -511.787 -492.269 -474.091 -457.037 -439.545 -421.601 -402.337 -381.381 -357.994 -330.547 -297.111 -253.296 -196.452 -113.944 0 
-687.925 -687.925 -687.877 -687.795 -687.679 -687.528 -687.338 -687.099 -686.777 -686.269 -685.741 -686.379 -686.465 -683.829 -680.236 -678.047 -677.563 -677.358 -677.227 -674.302 -674.432 -674.279 -673.926 -666.94 -663.723 -665.311 -660.567 -646.394 -635.286 -622.243 -604.988 -587.198 -569.222 -550.397 -531.318 -512.228 -493.03 -475.119 -458.383 -440.355 -421.5 -401.808 -380.697 -357.097 -330.246 -296.795 -253.142 -196.418 -113.071 0 
-688.563 -688.563 -688.517 -688.437 -688.324 -688.18 -688.004 -687.798 -687.561 -687.304 -687.12 -687.605 -687.826 -685.964 -683.107 -681.491 -681.781 -680.916 -682.398 -679.97 -677.99 -674.339 -673.545 -669.094 -664.219 -664.013 -659.183 -646.281 -633.981 -620.841 -604.487 -586.827 -568.429 -550.084 -531.423 -512.575 -494.291 -476.985 -459.964 -441.728 -422.425 -402.343 -380.388 -356.032 -329.499 -296.719 -253.733 -196.407 -113.064 0 
-689.267 -689.267 -689.223 -689.143 -689.033 -688.894 -688.732 -688.559 -688.396 -688.291 -688.349 -688.734 -689.213 -688.632 -686.828 -684.539 -684.366 -683.681 -685.699 -682.725 -679.578 -674.263 -669.485 -667.994 -664.955 -663.362 -658.449 -648.295 -635.482 -620.985 -604.252 -586.49 -568.466 -550.575 -531.614 -512.821 -495.102 -478.279 -461.391 -443.69 -424.103 -402.609 -379.781 -355.887 -329.537 -297.296 -255.016 -196.521 -113.561 0 
-690.038 -690.038 -689.993 -689.913 -689.801 -689.661 -689.5 -689.334 -689.188 -689.118 -689.23 -689.73 -690.55 -690.197 -687.997 -685.235 -684.901 -685.101 -687.009 -684.209 -682.186 -677.721 -670.874 -668.785 -664.995 -660.357 -657.02 -649.491 -636.82 -620.457 -602.865 -585.588 -568.077 -550.563 -531.705 -513.424 -496.255 -479.907 -463.315 -445.346 -425.413 -403.864 -380.7 -356.807 -330.391 -297.766 -254.7 -195.19 -112.73 0 
-690.876 -690.876 -690.829 -690.745 -690.628 -690.478 -690.302 -690.11 -689.918 -689.76 -689.691 -689.804 -690.067 -689.341 -687.173 -685.535 -685.309 -686.679 -688.287 -685.836 -684.749 -678.54 -668.844 -667.783 -667 -662.456 -658.673 -650.144 -637.545 -620.785 -602.878 -585.72 -568.462 -550.925 -532.301 -514.708 -497.717 -480.973 -464.403 -446.446 -426.382 -405.236 -381.885 -357.809 -331.468 -298.606 -255.756 -196.487 -113.624 0 
-691.783 -691.783 -691.733 -691.645 -691.519 -691.355 -691.152 -690.912 -690.636 -690.325 -689.969 -689.515 -688.831 -687.775 -686.798 -686.371 -685.184 -685.446 -687.822 -685.611 -683.717 -678.202 -669.87 -670.478 -671.679 -665.91 -658.278 -649.493 -638.225 -621.965 -604.033 -586.761 -569.809 -551.922 -533.265 -515.901 -498.727 -481.686 -465.217 -447.242 -427.216 -406.453 -383.76 -359.933 -333.514 -300.437 -258.142 -199.918 -116.043 0 
-692.761 -692.761 -692.71 -692.619 -692.485 -692.306 -692.076 -691.786 -691.425 -690.972 -690.386 -689.583 -688.447 -687.25 -686.728 -686.648 -686.95 -687.12 -689.361 -686.476 -681.728 -678.73 -674.747 -674.342 -673.328 -666.337 -656.285 -647.801 -638.105 -624.011 -607.414 -590.204 -572.185 -553.312 -534.549 -517.128 -500.18 -483.438 -467.01 -449.139 -429.807 -409.336 -387.199 -363.535 -336.795 -303.544 -260.684 -202.526 -117.892 0 
-693.813 -693.813 -693.763 -693.672 -693.536 -693.35 -693.102 -692.779 -692.358 -691.808 -691.089 -690.159 -689.033 -687.962 -687.347 -687.582 -688.668 -688.179 -689.091 -686.138 -681.136 -678.832 -676.616 -676.078 -672.673 -666.428 -656.247 -648.103 -639.633 -626.888 -610.684 -593.076 -574.657 -555.984 -537.625 -519.997 -502.971 -486.462 -469.922 -451.952 -433.386 -413.88 -392.488 -369.259 -342.478 -309.583 -267.153 -209.126 -122.1 0 
-694.939 -694.939 -694.893 -694.807 -694.678 -694.497 -694.252 -693.923 -693.482 -692.886 -692.084 -691.026 -689.745 -688.688 -687.578 -687.719 -688.603 -688.33 -689.251 -686.924 -683.413 -682.135 -679.65 -679.111 -675.91 -671.264 -662.16 -652.213 -642.509 -629.68 -613.646 -595.871 -577.525 -559.347 -541.372 -523.466 -506.555 -490.534 -474.043 -456.506 -438.721 -420.388 -400.5 -378.423 -352.86 -321.882 -281.362 -223.511 -131.928 0 
-696.134 -696.134 -696.094 -696.021 -695.91 -695.752 -695.534 -695.235 -694.824 -694.248 -693.428 -692.221 -690.705 -690.018 -689.344 -690.33 -691.387 -691.698 -691.565 -688.526 -687.362 -688.75 -686.58 -683.388 -677.805 -671.743 -663.851 -654.262 -644.405 -631.39 -615.848 -598.763 -580.861 -562.907 -545.075 -527.069 -510.292 -494.543 -478.425 -461.964 -445.194 -427.99 -409.971 -390.061 -367.854 -341.461 -306.384 -254.503 -161.723 0 
-697.386 -697.386 -697.358 -697.304 -697.222 -697.104 -696.94 -696.712 -696.391 -695.933 -695.26 -694.227 -692.917 -692.513 -692.195 -693.398 -694.123 -694.509 -694.004 -692.031 -692.489 -694.121 -693.38 -690.004 -684.524 -677.052 -667.109 -657.349 -647.047 -633.792 -618.916 -602.768 -585.632 -567.331 -549.663 -531.842 -515.093 -499.094 -483.033 -468.107 -452.454 -436.028 -420.344 -403.615 -386.436 -368.006 -344.615 -318.53 -253.407 0 
-698.682 -698.682 -698.667 -698.638 -698.594 -698.532 -698.443 -698.32 -698.145 -697.896 -697.539 -697.042 -696.451 -696.302 -696.319 -697.099 -697.15 -697.201 -696.966 -696.488 -697.363 -698.172 -697.933 -696.694 -693.53 -684.722 -671.274 -660.535 -650.64 -638.451 -624.509 -608.321 -591.216 -572.248 -554.426 -536.618 -519.782 -503.291 -487.082 -473.845 -459.168 -443.034 -429.53 -416.073 -404.165 -393.886 -386.705 -417.737 -453.572 0 
-700 -700 -700 -700 -700 -700 -700 -700 -700 -700 -700 -700 -700 -700 -700 -700 -700 -700 -700 -700 -700 -700 -700 -700 -700 -684.722 -671.274 -660.535 -650.64 -638.451 -624.509 -608.321 -591.216 -572.248 -554.426 -536.618 -519.782 -503.291 -487.082 -473.845 -459.168 -443.034 -429.53 -416.073 -404.165 -393.886 -386.705 -417.737 -453.572 0 
