0 9.58301
1000 9.56796
2000 9.53068
3000 9.59307
4000 9.65799
5000 9.61956
6000 9.66463
7000 9.73525
8000 9.68945
9000 9.64156
10000 9.67403
11000 9.72228
12000 9.64516
13000 9.58173
14000 9.62849
15000 9.59554
16000 9.54352
17000 9.55091
18000 9.55191
19000 9.48167
20000 9.43145
21000 9.48018
22000 9.45735
23000 9.35969
24000 9.35803
25000 9.37186
26000 9.34603
27000 9.28597
28000 9.26878
29000 9.2732
30000 9.21218
31000 9.19825
32000 9.21434
33000 9.16945
34000 9.1168
35000 9.10557
36000 9.13471
37000 9.09001
38000 9.02359
39000 9.03622
40000 9.0344
41000 9.00202
42000 8.97259
43000 8.96055
44000 8.94159
45000 8.89369
46000 8.91223
47000 8.9167
48000 8.85407
49000 8.82886
50000 8.8421
51000 8.85223
52000 8.80422
53000 8.77607
54000 8.79457
55000 8.76264
56000 8.7442
57000 8.75648
58000 8.73084
59000 8.6945
60000 8.68626
61000 8.72565
62000 8.70456
63000 8.65609
64000 8.68158
65000 8.68671
66000 8.67841
67000 8.67255
68000 8.68159
69000 8.68014
70000 8.65298
71000 8.69046
72000 8.70431
73000 8.65825
74000 8.65563
75000 8.68872
76000 8.70773
77000 8.67078
78000 8.66109
79000 8.69305
80000 8.66552
81000 8.65743
82000 8.68946
83000 8.66897
84000 8.62776
85000 8.6292
86000 8.67718
87000 8.64935
88000 8.59519
89000 8.62387
90000 8.63495
91000 8.62058
92000 8.61553
93000 8.62125
94000 8.61027
95000 8.58529
96000 8.61131
97000 8.62776
98000 8.58777
99000 8.57499
100000 8.59562
101000 8.62471
102000 8.59529
103000 8.57155
104000 8.60619
105000 8.59816
106000 8.5934
107000 8.61054
108000 8.60779
109000 8.58311
110000 8.57392
111000 8.61887
112000 8.61388
113000 8.55946
114000 8.57012
115000 8.58823
116000 8.58337
117000 8.5599
118000 8.55661
119000 8.55973
120000 8.52744
121000 8.54632
122000 8.56134
123000 8.51999
124000 8.4984
125000 8.51218
126000 8.5345
127000 8.50698
128000 8.46958
129000 8.48319
130000 8.47369
131000 8.471
132000 8.46265
133000 8.44193
134000 8.4292
135000 8.41373
136000 8.43652
137000 8.43204
138000 8.38867
139000 8.38656
140000 8.39853
141000 8.40332
142000 8.38578
143000 8.36881
144000 8.3749
145000 8.35626
146000 8.36511
147000 8.37686
148000 8.35175
149000 8.3371
150000 8.3462
151000 8.3747
152000 8.36113
153000 8.33277
154000 8.3452
155000 8.34982
156000 8.35328
157000 8.3436
158000 8.33563
159000 8.33738
160000 8.32252
161000 8.34079
162000 8.35779
163000 8.3248
164000 8.31553
165000 8.33764
166000 8.36938
167000 8.34441
168000 8.31754
169000 8.34611
170000 8.33874
171000 8.33702
172000 8.3472
173000 8.3369
174000 8.32119
175000 8.31266
176000 8.34352
177000 8.33784
178000 8.30129
179000 8.30896
180000 8.31921
181000 8.31681
182000 8.3162
183000 8.30446
184000 8.30242
185000 8.29269
186000 8.31639
187000 8.32226
188000 8.29252
189000 8.29279
190000 8.30056
191000 8.32043
192000 8.31171
193000 8.2886
194000 8.29998
195000 8.29909
196000 8.30764
197000 8.31541
198000 8.29965
199000 8.29052
200000 8.29164
201000 8.32438
202000 8.31656
203000 8.28093
204000 8.29058
205000 8.29986
206000 8.30373
207000 8.29931
208000 8.28979
209000 8.28947
210000 8.27955
211000 8.30578
212000 8.31144
213000 8.27769
214000 8.27701
215000 8.28874
216000 8.312
217000 8.29988
218000 8.27338
219000 8.28519
220000 8.28405
221000 8.29338
222000 8.29395
223000 8.27722
224000 8.27167
225000 8.26877
226000 8.29225
227000 8.29166
228000 8.26038
229000 8.25873
230000 8.26963
231000 8.28434
232000 8.26848
233000 8.25447
234000 8.26787
235000 8.25541
236000 8.26816
237000 8.28081
238000 8.25868
239000 8.24748
240000 8.25636
241000 8.28727
242000 8.2754
243000 8.24471
244000 8.2633
245000 8.26821
246000 8.27326
247000 8.27215
248000 8.26374
249000 8.25979
250000 8.25031
251000 8.27844
252000 8.28119
253000 8.24917
254000 8.25299
255000 8.26448
256000 8.27962
257000 8.27118
258000 8.2556
259000 8.2627
260000 8.25475
261000 8.27017
262000 8.27888
263000 8.2552
264000 8.24572
265000 8.25077
266000 8.28109
267000 8.27236
268000 8.24034
269000 8.25584
270000 8.2632
271000 8.26151
272000 8.26508
273000 8.26043
274000 8.25324
275000 8.24503
276000 8.28389
277000 8.29106
278000 8.24619
279000 8.24869
280000 8.27073
281000 8.27984
282000 8.26276
283000 8.25008
284000 8.26277
285000 8.24977
286000 8.26945
287000 8.2809
288000 8.24819
289000 8.24253
290000 8.25517
291000 8.27172
292000 8.25672
293000 8.23958
294000 8.25174
295000 8.24653
296000 8.25955
297000 8.26456
298000 8.24491
299000 8.23956
300000 8.24222
301000 8.26707
302000 8.2647
303000 8.23662
304000 8.24251
305000 8.24974
306000 8.2627
307000 8.25834
308000 8.23826
309000 8.23919
310000 8.23719
311000 8.25604
312000 8.25668
313000 8.22939
314000 8.22972
315000 8.23854
316000 8.25779
317000 8.25038
318000 8.23012
319000 8.23951
320000 8.23592
321000 8.25085
322000 8.25457
323000 8.23364
324000 8.23087
325000 8.23519
326000 8.26226
327000 8.25661
328000 8.22567
329000 8.23394
330000 8.24036
331000 8.24847
332000 8.24598
333000 8.23114
334000 8.2287
335000 8.2217
336000 8.24623
337000 8.24362
338000 8.21309
339000 8.21912
340000 8.22851
341000 8.2464
342000 8.23615
343000 8.21983
344000 8.23068
345000 8.22714
346000 8.23942
347000 8.24936
348000 8.22766
349000 8.22155
350000 8.22432
351000 8.2516
352000 8.24663
353000 8.2127
354000 8.22204
355000 8.23148
356000 8.24244
357000 8.23779
358000 8.22344
359000 8.22601
360000 8.22164
361000 8.24906
362000 8.25325
363000 8.21855
364000 8.21962
365000 8.23351
366000 8.25677
367000 8.24186
368000 8.21937
369000 8.23358
370000 8.23098
371000 8.24241
372000 8.24769
373000 8.23036
374000 8.22173
375000 8.21965
376000 8.24895
377000 8.24949
378000 8.21068
379000 8.21414
380000 8.225
381000 8.23528
382000 8.22904
383000 8.21243
384000 8.21407
385000 8.20621
386000 8.22786
387000 8.23628
388000 8.2058
389000 8.20316
390000 8.21409
391000 8.23948
392000 8.23106
393000 8.20353
394000 8.21491
395000 8.21967
396000 8.22375
397000 8.22332
398000 8.21336
399000 8.2092
400000 8.1978
401000 8.22938
402000 8.23095
403000 8.19411
404000 8.19904
405000 8.21356
406000 8.23093
407000 8.21725
408000 8.20039
409000 8.21163
410000 8.20278
411000 8.21311
412000 8.22151
413000 8.20151
414000 8.19331
415000 8.19608
416000 8.2229
417000 8.21909
418000 8.18761
419000 8.19603
420000 8.20476
421000 8.21936
422000 8.20983
423000 8.19105
424000 8.20193
425000 8.19593
426000 8.20626
427000 8.21508
428000 8.19514
429000 8.1845
430000 8.18806
431000 8.2173
432000 8.21252
433000 8.17881
434000 8.18708
435000 8.19878
436000 8.20639
437000 8.20321
438000 8.19249
439000 8.19312
440000 8.18415
441000 8.21361
442000 8.22134
443000 8.1836
444000 8.18043
445000 8.19713
446000 8.21638
447000 8.19507
448000 8.17838
449000 8.19567
450000 8.18954
451000 8.20061
452000 8.20979
453000 8.18856
454000 8.17902
455000 8.18565
456000 8.22481
457000 8.21416
458000 8.17348
459000 8.19284
460000 8.20493
461000 8.20493
462000 8.20189
463000 8.19538
464000 8.19162
465000 8.17777
466000 8.20602
467000 8.21284
468000 8.17404
469000 8.17169
470000 8.19154
471000 8.21494
472000 8.19091
473000 8.17266
474000 8.19429
475000 8.18571
476000 8.19047
477000 8.20099
478000 8.18361
479000 8.16966
480000 8.17151
481000 8.20521
482000 8.20257
483000 8.16401
484000 8.1721
485000 8.18772
486000 8.19854
487000 8.18072
488000 8.16583
489000 8.17749
490000 8.16532
491000 8.17939
492000 8.19052
493000 8.1635
494000 8.15259
495000 8.16467
496000 8.19325
497000 8.18252
498000 8.153
499000 8.16991
500000 8.1744
501000 8.17672
502000 8.17868
503000 8.17167
504000 8.16667
505000 8.15557
506000 8.1846
507000 8.18518
508000 8.14842
509000 8.14783
510000 8.16415
511000 8.17538
512000 8.15999
513000 8.14693
514000 8.15561
515000 8.14249
516000 8.15972
517000 8.1767
518000 8.14739
519000 8.13327
520000 8.14747
521000 8.1794
522000 8.16087
523000 8.13254
524000 8.15179
525000 8.15708
526000 8.16105
527000 8.16354
528000 8.15049
529000 8.14526
530000 8.14141
531000 8.17436
532000 8.17463
533000 8.13414
534000 8.14016
535000 8.15645
536000 8.1643
537000 8.14988
538000 8.13908
539000 8.14737
540000 8.13606
541000 8.14813
542000 8.15308
543000 8.13334
544000 8.12588
545000 8.12792
546000 8.15525
547000 8.14773
548000 8.11511
549000 8.12449
550000 8.13213
551000 8.14375
552000 8.13864
553000 8.12665
554000 8.1299
555000 8.12251
556000 8.14149
557000 8.14864
558000 8.12187
559000 8.11319
560000 8.12265
561000 8.14801
562000 8.13229
563000 8.10558
564000 8.12135
565000 8.11917
566000 8.12597
567000 8.12952
568000 8.11433
569000 8.10838
570000 8.1048
571000 8.13451
572000 8.13304
573000 8.09761
574000 8.10549
575000 8.12011
576000 8.13191
577000 8.12008
578000 8.10689
579000 8.11481
580000 8.1095
581000 8.12494
582000 8.13231
583000 8.10608
584000 8.09814
585000 8.10635
586000 8.12743
587000 8.12037
588000 8.09061
589000 8.10059
590000 8.10654
591000 8.12049
592000 8.12094
593000 8.102
594000 8.10082
595000 8.10182
596000 8.12454
597000 8.12361
598000 8.09697
599000 8.10027
600000 8.10758
601000 8.12429
602000 8.11121
603000 8.09184
604000 8.10245
605000 8.09671
606000 8.11536
607000 8.12619
608000 8.09641
609000 8.08735
610000 8.10115
611000 8.12665
612000 8.11129
613000 8.08514
614000 8.10299
615000 8.10116
616000 8.10752
617000 8.1032
618000 8.09259
619000 8.09095
620000 8.083
621000 8.1114
622000 8.11582
623000 8.08055
624000 8.08096
625000 8.09875
626000 8.11777
627000 8.10324
628000 8.08438
629000 8.10024
630000 8.095
631000 8.10547
632000 8.11233
633000 8.08945
634000 8.08049
635000 8.08683
636000 8.10871
637000 8.10072
638000 8.07627
639000 8.08057
640000 8.08579
641000 8.09449
642000 8.09578
643000 8.07844
644000 8.07795
645000 8.07937
646000 8.10204
647000 8.10445
648000 8.07454
649000 8.07609
650000 8.08454
651000 8.10314
652000 8.09657
653000 8.07273
654000 8.0819
655000 8.08194
656000 8.09434
657000 8.09168
658000 8.07378
659000 8.07522
660000 8.07162
661000 8.08946
662000 8.08525
663000 8.06417
664000 8.0631
665000 8.06317
666000 8.08401
667000 8.0818
668000 8.0537
669000 8.05999
670000 8.06683
671000 8.08146
672000 8.08293
673000 8.06328
674000 8.06529
675000 8.061
676000 8.08656
677000 8.08549
678000 8.05351
679000 8.05861
680000 8.06697
681000 8.08418
682000 8.07432
683000 8.05334
684000 8.06171
685000 8.05888
686000 8.07222
687000 8.079
688000 8.054
689000 8.05097
690000 8.05667
691000 8.07796
692000 8.06985
693000 8.04719
694000 8.05684
695000 8.05527
696000 8.07156
697000 8.07096
698000 8.05141
699000 8.0509
700000 8.05715
701000 8.07979
702000 8.08009
703000 8.05305
704000 8.05584
705000 8.06235
706000 8.07499
707000 8.06934
708000 8.05002
709000 8.05451
710000 8.04925
711000 8.06849
712000 8.06774
713000 8.03987
714000 8.04038
715000 8.04926
716000 8.06854
717000 8.06571
718000 8.04401
719000 8.04914
720000 8.05483
721000 8.07407
722000 8.07376
723000 8.05094
724000 8.05166
725000 8.05398
726000 8.07292
727000 8.07689
728000 8.04968
729000 8.04866
730000 8.05384
731000 8.06777
732000 8.06111
733000 8.03963
734000 8.04188
735000 8.04215
736000 8.06021
737000 8.05332
738000 8.03062
739000 8.03926
740000 8.04179
741000 8.05596
742000 8.0564
743000 8.03528
744000 8.03905
745000 8.04296
746000 8.06053
747000 8.05884
748000 8.03722
749000 8.03803
750000 8.04004
751000 8.06002
752000 8.0542
753000 8.03075
754000 8.03545
755000 8.0394
756000 8.04798
757000 8.05179
758000 8.03467
759000 8.03044
760000 8.02991
761000 8.0574
762000 8.05973
763000 8.02493
764000 8.02735
765000 8.04126
766000 8.05293
767000 8.03909
768000 8.02492
769000 8.03568
770000 8.02475
771000 8.03192
772000 8.04226
773000 8.02476
774000 8.01237
775000 8.01561
776000 8.05445
777000 8.04482
778000 8.00485
779000 8.02128
780000 8.03736
781000 8.03732
782000 8.02527
783000 8.02031
784000 8.02533
785000 8.00903
786000 8.03154
787000 8.04447
788000 8.01096
789000 7.99919
790000 8.01472
791000 8.04195
792000 8.02232
793000 7.99683
794000 8.0181
795000 8.01709
796000 8.02061
797000 8.02946
798000 8.01931
799000 8.00807
800000 8.00203
801000 8.0424
802000 8.0377
803000 7.99491
804000 8.00836
805000 8.0284
806000 8.03286
807000 8.01974
808000 8.01378
809000 8.02085
810000 8.00516
811000 8.02005
812000 8.03381
813000 8.00802
814000 7.99237
815000 8.0015
816000 8.03054
817000 8.00927
818000 7.97994
819000 8.00275
820000 8.00036
821000 8.00103
822000 8.01385
823000 8.00468
824000 7.98789
825000 7.98768
826000 8.02911
827000 8.0244
828000 7.97955
829000 7.99315
830000 8.01163
831000 8.01548
832000 7.99996
833000 7.99574
834000 8.00666
835000 7.98733
836000 8.00645
837000 8.02637
838000 7.99439
839000 7.97977
840000 7.99665
841000 8.02815
842000 7.99912
843000 7.9734
844000 8.00046
845000 7.99725
846000 7.99305
847000 8.00369
848000 7.9994
849000 7.98326
850000 7.97534
851000 8.01353
852000 8.01715
853000 7.96955
854000 7.9794
855000 8.00359
856000 8.00227
857000 7.98922
858000 7.98885
859000 7.99784
860000 7.97595
861000 7.99625
862000 8.02012
863000 7.9861
864000 7.96774
865000 7.99065
866000 8.02206
867000 7.99826
868000 7.97155
869000 7.99751
870000 7.99694
871000 7.99285
872000 8.00028
873000 7.99644
874000 7.98156
875000 7.97102
876000 8.01041
877000 8.01311
878000 7.96685
879000 7.97585
880000 7.99625
881000 8.00569
882000 7.9859
883000 7.97878
884000 7.99431
885000 7.97672
886000 7.98662
887000 8.00593
888000 7.98084
889000 7.96585
890000 7.97577
891000 8.00667
892000 7.98999
893000 7.95831
894000 7.98077
895000 7.98832
896000 7.98407
897000 7.98177
898000 7.9839
899000 7.97609
900000 7.96041
901000 7.99962
902000 8.00878
903000 7.96017
904000 7.96015
905000 7.99094
906000 8.0055
907000 7.97956
908000 7.97204
909000 7.99588
910000 7.97648
911000 7.98017
912000 8.00536
913000 7.98691
914000 7.96174
915000 7.96505
916000 8.00593
917000 7.99009
918000 7.94711
919000 7.96882
920000 7.98328
921000 7.97865
922000 7.97468
923000 7.97601
924000 7.96984
925000 7.95254
926000 7.99353
927000 8.00351
928000 7.95131
929000 7.95312
930000 7.9856
931000 7.99167
932000 7.9645
933000 7.96112
934000 7.98196
935000 7.9581
936000 7.96487
937000 8.00045
938000 7.97817
939000 7.9457
940000 7.96531
941000 8.0124
942000 7.98667
943000 7.94289
944000 7.97663
945000 7.9876
946000 7.97106
947000 7.97303
948000 7.9831
949000 7.96986
950000 7.94784
951000 7.99332
952000 8.00741
953000 7.95058
954000 7.95047
955000 7.98904
956000 7.99751
957000 7.96392
958000 7.964
959000 7.99275
960000 7.96544
961000 7.9729
962000 8.00113
963000 7.97637
964000 7.94931
965000 7.96508
966000 8.01302
967000 7.98687
968000 7.93985
969000 7.97161
970000 7.98575
971000 7.97263
972000 7.96585
973000 7.9762
974000 7.97148
975000 7.94524
976000 7.98113
977000 8.00242
978000 7.95427
979000 7.94244
980000 7.97661
981000 8.00197
982000 7.96687
983000 7.94992
984000 7.98169
985000 7.96795
986000 7.96925
987000 7.99158
988000 7.97621
989000 7.94992
990000 7.95353
991000 7.99584
992000 7.98311
993000 7.93738
994000 7.95773
995000 7.97536
996000 7.97247
997000 7.95895
998000 7.96216
999000 7.96596
1000000 7.94194
1001000 7.97134
1002000 7.98994
1003000 7.94682
1004000 7.93498
1005000 7.96411
1006000 7.9873
1007000 7.96222
1008000 7.93946
1009000 7.96522
1010000 7.95804
1011000 7.9576
1012000 7.96707
1013000 7.95583
1014000 7.9412
1015000 7.9359
1016000 7.97875
1017000 7.97551
1018000 7.92749
1019000 7.93897
1020000 7.96235
1021000 7.96253
1022000 7.9444
1023000 7.94307
1024000 7.95376
1025000 7.93177
1026000 7.95077
1027000 7.97269
1028000 7.94163
1029000 7.92625
1030000 7.94486
1031000 7.97085
1032000 7.95002
1033000 7.92501
1034000 7.94581
1035000 7.94146
1036000 7.94877
1037000 7.95157
1038000 7.93859
1039000 7.92941
1040000 7.92741
1041000 7.9624
1042000 7.95501
1043000 7.91725
1044000 7.9265
1045000 7.93848
1046000 7.9468
1047000 7.94024
1048000 7.926
1049000 7.93161
1050000 7.92235
1051000 7.94019
1052000 7.95481
1053000 7.92396
1054000 7.91485
1055000 7.92678
1056000 7.95297
1057000 7.9412
1058000 7.91454
1059000 7.9276
1060000 7.92731
1061000 7.93536
1062000 7.93225
1063000 7.91818
1064000 7.91391
1065000 7.90957
1066000 7.92873
1067000 7.93159
1068000 7.90176
1069000 7.90251
1070000 7.91475
1071000 7.93318
1072000 7.92295
1073000 7.90549
1074000 7.91795
1075000 7.91531
1076000 7.92306
1077000 7.93101
1078000 7.91477
1079000 7.90554
1080000 7.90598
1081000 7.93861
1082000 7.93155
1083000 7.89638
1084000 7.90682
1085000 7.92196
1086000 7.92603
1087000 7.91882
1088000 7.91004
1089000 7.91272
1090000 7.90007
1091000 7.92395
1092000 7.9357
1093000 7.90332
1094000 7.89478
1095000 7.91146
1096000 7.94016
1097000 7.92028
1098000 7.89399
1099000 7.91657
1100000 7.91949
1101000 7.91628
1102000 7.92463
1103000 7.9167
1104000 7.90221
1105000 7.89212
1106000 7.93355
1107000 7.9358
1108000 7.88601
1109000 7.896
1110000 7.92182
1111000 7.92748
1112000 7.89889
1113000 7.89778
1114000 7.91454
1115000 7.89068
1116000 7.90232
1117000 7.9262
1118000 7.89863
1119000 7.87664
1120000 7.8937
1121000 7.92846
1122000 7.91244
1123000 7.87775
1124000 7.90092
1125000 7.90893
1126000 7.9057
1127000 7.90429
1128000 7.90406
1129000 7.89737
1130000 7.87893
1131000 7.9108
1132000 7.92684
1133000 7.88161
1134000 7.8744
1135000 7.90439
1136000 7.92006
1137000 7.88923
1138000 7.88074
1139000 7.90484
1140000 7.88759
1141000 7.88879
1142000 7.9107
1143000 7.89807
1144000 7.87149
1145000 7.87422
1146000 7.91845
1147000 7.90722
1148000 7.86209
1149000 7.87789
1150000 7.89932
1151000 7.89807
1152000 7.88969
1153000 7.88914
1154000 7.89349
1155000 7.87602
1156000 7.90929
1157000 7.92566
1158000 7.88329
1159000 7.87521
1160000 7.89962
1161000 7.92077
1162000 7.8901
1163000 7.87456
1164000 7.89896
1165000 7.88471
1166000 7.88647
1167000 7.9087
1168000 7.89228
1169000 7.86778
1170000 7.87499
1171000 7.91423
1172000 7.90215
1173000 7.85841
1174000 7.87973
1175000 7.89728
1176000 7.88928
1177000 7.88473
1178000 7.88495
1179000 7.88518
1180000 7.8662
1181000 7.89919
1182000 7.91063
1183000 7.86796
1184000 7.86544
1185000 7.89015
1186000 7.90418
1187000 7.884
1188000 7.87293
1189000 7.89261
1190000 7.88144
1191000 7.88693
1192000 7.90675
1193000 7.88889
1194000 7.86976
1195000 7.87652
1196000 7.91612
1197000 7.8967
1198000 7.85732
1199000 7.88399
1200000 7.89362
1201000 7.88362
1202000 7.87818
1203000 7.88427
1204000 7.87838
1205000 7.85646
1206000 7.8899
1207000 7.90947
1208000 7.86084
1209000 7.85133
1210000 7.88444
1211000 7.89968
1212000 7.86842
1213000 7.8526
1214000 7.88102
1215000 7.8661
1216000 7.86517
1217000 7.88623
1218000 7.87389
1219000 7.84933
1220000 7.84985
1221000 7.89755
1222000 7.88304
1223000 7.836
1224000 7.85733
1225000 7.87811
1226000 7.87268
1227000 7.86155
1228000 7.86603
1229000 7.87356
1230000 7.84749
1231000 7.87141
1232000 7.89342
1233000 7.85107
1234000 7.83517
1235000 7.86319
1236000 7.89207
1237000 7.86292
1238000 7.83956
1239000 7.8706
1240000 7.86592
1241000 7.86194
1242000 7.87813
1243000 7.87416
1244000 7.85453
1245000 7.8483
1246000 7.89566
1247000 7.89274
1248000 7.84398
1249000 7.85995
1250000 7.88529
1251000 7.88452
1252000 7.87575
1253000 7.87422
1254000 7.87945
1255000 7.85793
1256000 7.88449
1257000 7.9
1258000 7.86271
1259000 7.84702
1260000 7.86967
1261000 7.90302
1262000 7.87541
1263000 7.8468
1264000 7.87325
1265000 7.87435
1266000 7.87091
1267000 7.87282
1268000 7.87077
1269000 7.85962
1270000 7.84538
1271000 7.88291
1272000 7.88483
1273000 7.83951
1274000 7.84737
1275000 7.86886
1276000 7.87803
1277000 7.85721
1278000 7.85279
1279000 7.86632
1280000 7.84794
1281000 7.86618
1282000 7.88223
1283000 7.85186
1284000 7.83742
1285000 7.85557
1286000 7.88006
1287000 7.8576
1288000 7.83511
1289000 7.85895
1290000 7.8589
1291000 7.85912
1292000 7.87144
1293000 7.8626
1294000 7.84453
1295000 7.84022
1296000 7.88464
1297000 7.88029
1298000 7.83075
1299000 7.8439
1300000 7.87112
1301000 7.87189
1302000 7.85434
1303000 7.8559
1304000 7.86881
1305000 7.84355
1306000 7.86702
1307000 7.89202
1308000 7.85309
1309000 7.83397
1310000 7.85802
1311000 7.89128
1312000 7.85931
1313000 7.83252
1314000 7.86442
1315000 7.8618
1316000 7.85547
1317000 7.87221
1318000 7.86664
1319000 7.84345
1320000 7.83914
1321000 7.88851
1322000 7.88441
1323000 7.82992
1324000 7.84503
1325000 7.87279
1326000 7.86915
1327000 7.84709
1328000 7.85616
1329000 7.86981
1330000 7.83996
1331000 7.8652
1332000 7.8939
1333000 7.85129
1334000 7.82878
1335000 7.85874
1336000 7.89389
1337000 7.85757
1338000 7.83055
1339000 7.87079
1340000 7.86586
1341000 7.85065
1342000 7.87185
1343000 7.87388
1344000 7.84762
1345000 7.8377
1346000 7.89399
1347000 7.89673
1348000 7.83298
1349000 7.84705
1350000 7.88457
1351000 7.88754
1352000 7.85586
1353000 7.85918
1354000 7.88085
1355000 7.85548
1356000 7.87265
1357000 7.89878
1358000 7.86884
1359000 7.84356
1360000 7.86263
1361000 7.90235
1362000 7.87062
1363000 7.83458
1364000 7.86964
1365000 7.87423
1366000 7.85576
1367000 7.86325
1368000 7.87269
1369000 7.85325
1370000 7.83285
1371000 7.8818
1372000 7.88983
1373000 7.83196
1374000 7.83532
1375000 7.87183
1376000 7.87741
1377000 7.84273
1378000 7.84374
1379000 7.87307
1380000 7.84419
1381000 7.84629
1382000 7.87765
1383000 7.86001
1384000 7.82762
1385000 7.83811
1386000 7.89069
1387000 7.87241
1388000 7.82274
1389000 7.85046
1390000 7.8738
1391000 7.8639
1392000 7.85507
1393000 7.86322
1394000 7.86156
1395000 7.83639
1396000 7.87204
1397000 7.8921
1398000 7.84552
1399000 7.83677
1400000 7.86633
1401000 7.8875
1402000 7.86582
1403000 7.84833
1404000 7.87226
1405000 7.86129
1406000 7.86361
1407000 7.87148
1408000 7.85904
1409000 7.84561
1410000 7.84426
1411000 7.88083
1412000 7.87528
1413000 7.83469
1414000 7.84489
1415000 7.86241
1416000 7.8734
1417000 7.85394
1418000 7.84169
1419000 7.85794
1420000 7.84627
1421000 7.86329
1422000 7.87671
1423000 7.84907
1424000 7.83585
1425000 7.84944
1426000 7.87938
1427000 7.86218
1428000 7.83216
1429000 7.85234
1430000 7.85795
1431000 7.85244
1432000 7.85337
1433000 7.85354
1434000 7.84619
1435000 7.82881
1436000 7.85964
1437000 7.87011
1438000 7.83184
1439000 7.82785
1440000 7.8483
1441000 7.86783
1442000 7.85247
1443000 7.83472
1444000 7.85028
1445000 7.84445
1446000 7.85889
1447000 7.86703
1448000 7.84532
1449000 7.83597
1450000 7.84383
1451000 7.86787
1452000 7.86307
1453000 7.83567
1454000 7.84576
1455000 7.85047
1456000 7.86229
1457000 7.86152
1458000 7.84602
1459000 7.84719
1460000 7.84442
1461000 7.8711
1462000 7.87124
1463000 7.8364
1464000 7.83809
1465000 7.84963
1466000 7.86837
1467000 7.85799
1468000 7.8389
1469000 7.84638
1470000 7.84237
1471000 7.85838
1472000 7.85959
1473000 7.83671
1474000 7.83524
1475000 7.84147
1476000 7.86452
1477000 7.85973
1478000 7.83185
1479000 7.83765
1480000 7.84178
1481000 7.85838
1482000 7.85346
1483000 7.83401
1484000 7.83889
1485000 7.83836
1486000 7.85567
1487000 7.86082
1488000 7.83781
1489000 7.83392
1490000 7.83994
1491000 7.87175
1492000 7.8658
1493000 7.83224
1494000 7.84139
1495000 7.8521
1496000 7.85756
1497000 7.85538
1498000 7.84243
1499000 7.84583
1500000 7.83564
1501000 7.85399
1502000 7.86529
1503000 7.83979
1504000 7.83004
1505000 7.84204
1506000 7.87128
1507000 7.85602
1508000 7.8274
1509000 7.84554
1510000 7.84676
1511000 7.85074
1512000 7.85037
1513000 7.84036
1514000 7.83537
1515000 7.82894
1516000 7.86093
1517000 7.86503
1518000 7.82584
1519000 7.82846
1520000 7.84547
1521000 7.86066
1522000 7.85168
1523000 7.83437
1524000 7.84186
1525000 7.83489
1526000 7.853
1527000 7.86056
1528000 7.83645
1529000 7.83038
1530000 7.83719
1531000 7.86173
1532000 7.85193
1533000 7.8271
1534000 7.83832
1535000 7.84127
1536000 7.85061
1537000 7.85539
1538000 7.83473
1539000 7.83249
1540000 7.8308
1541000 7.85846
1542000 7.85485
1543000 7.82659
1544000 7.83287
1545000 7.8433
1546000 7.85951
1547000 7.85596
1548000 7.83611
1549000 7.84032
1550000 7.84097
1551000 7.86315
1552000 7.86805
1553000 7.84047
1554000 7.84064
1555000 7.84957
1556000 7.87834
1557000 7.87104
1558000 7.83982
1559000 7.85013
1560000 7.85721
1561000 7.86828
1562000 7.8613
1563000 7.84849
1564000 7.849
1565000 7.8415
1566000 7.86349
1567000 7.87319
1568000 7.84134
1569000 7.83611
1570000 7.85411
1571000 7.87378
1572000 7.86102
1573000 7.84195
1574000 7.85562
1575000 7.85073
1576000 7.8653
1577000 7.87294
1578000 7.8485
1579000 7.84215
1580000 7.8497
1581000 7.87463
1582000 7.86501
1583000 7.83581
1584000 7.84727
1585000 7.85609
1586000 7.86406
1587000 7.8591
1588000 7.84725
1589000 7.84921
1590000 7.83962
1591000 7.86242
1592000 7.8704
1593000 7.83982
1594000 7.83707
1595000 7.84891
1596000 7.87212
1597000 7.86477
1598000 7.83949
1599000 7.85118
1600000 7.85536
1601000 7.86446
1602000 7.85786
1603000 7.84752
1604000 7.84821
1605000 7.84383
1606000 7.8655
1607000 7.87394
1608000 7.84132
1609000 7.83458
1610000 7.84819
1611000 7.87128
1612000 7.85396
1613000 7.83298
1614000 7.84753
1615000 7.83932
1616000 7.85375
1617000 7.86038
1618000 7.83969
1619000 7.83054
1620000 7.83385
1621000 7.85695
1622000 7.84481
1623000 7.82179
1624000 7.83334
1625000 7.83259
1626000 7.84323
1627000 7.84968
1628000 7.82998
1629000 7.8237
1630000 7.82529
1631000 7.8493
1632000 7.84177
1633000 7.81721
1634000 7.82577
1635000 7.82833
1636000 7.84405
1637000 7.83516
1638000 7.81829
1639000 7.81959
1640000 7.81569
1641000 7.83571
1642000 7.83734
1643000 7.80821
1644000 7.81163
1645000 7.81856
1646000 7.83656
1647000 7.83012
1648000 7.80919
1649000 7.81393
1650000 7.81594
1651000 7.83431
1652000 7.83547
1653000 7.81214
1654000 7.81499
1655000 7.81906
1656000 7.8386
1657000 7.83105
1658000 7.80977
1659000 7.81584
1660000 7.81498
1661000 7.83199
1662000 7.83513
1663000 7.80976
1664000 7.80692
1665000 7.81266
1666000 7.83631
1667000 7.83683
1668000 7.80557
1669000 7.81282
1670000 7.82114
1671000 7.84066
1672000 7.83383
1673000 7.81463
1674000 7.82192
1675000 7.81919
1676000 7.83938
1677000 7.84739
1678000 7.8203
1679000 7.81265
1680000 7.82585
1681000 7.85354
1682000 7.83545
1683000 7.80755
1684000 7.82768
1685000 7.83011
1686000 7.82971
1687000 7.83745
1688000 7.82948
1689000 7.81778
1690000 7.80717
1691000 7.84887
1692000 7.84744
1693000 7.79895
1694000 7.80744
1695000 7.83322
1696000 7.83786
1697000 7.8271
1698000 7.81774
1699000 7.82394
1700000 7.81236
1701000 7.8365
1702000 7.8515
1703000 7.81409
1704000 7.80792
1705000 7.82771
1706000 7.84722
1707000 7.82921
1708000 7.80857
1709000 7.82619
1710000 7.81964
1711000 7.82586
1712000 7.83784
1713000 7.81996
1714000 7.80448
1715000 7.80975
1716000 7.84013
1717000 7.83538
1718000 7.80154
1719000 7.81412
1720000 7.82308
1721000 7.82717
1722000 7.81826
1723000 7.81274
1724000 7.81545
1725000 7.7988
1726000 7.8288
1727000 7.8363
1728000 7.79702
1729000 7.79282
1730000 7.81589
1731000 7.83806
1732000 7.81766
1733000 7.79513
1734000 7.81315
1735000 7.8081
1736000 7.81597
1737000 7.82194
1738000 7.8047
1739000 7.79638
1740000 7.79466
1741000 7.83103
1742000 7.83282
1743000 7.7928
1744000 7.80049
1745000 7.81968
1746000 7.83195
1747000 7.81646
1748000 7.80528
1749000 7.81776
1750000 7.8078
1751000 7.82219
1752000 7.84213
1753000 7.81476
1754000 7.79971
1755000 7.81223
1756000 7.84491
1757000 7.8284
1758000 7.79635
1759000 7.81613
1760000 7.82136
1761000 7.82179
1762000 7.82239
1763000 7.81541
1764000 7.80672
1765000 7.79617
1766000 7.82394
1767000 7.82867
1768000 7.79099
1769000 7.79228
1770000 7.81155
1771000 7.82322
1772000 7.8075
1773000 7.79814
1774000 7.80947
1775000 7.7972
1776000 7.81597
1777000 7.83161
1778000 7.80072
1779000 7.79136
1780000 7.80704
1781000 7.83799
1782000 7.82072
1783000 7.79319
1784000 7.81198
1785000 7.81433
1786000 7.8184
1787000 7.82015
1788000 7.81149
1789000 7.80495
1790000 7.79739
1791000 7.82735
1792000 7.83154
1793000 7.79425
1794000 7.79584
1795000 7.8129
1796000 7.82988
1797000 7.81772
1798000 7.80117
1799000 7.81412
1800000 7.80697
1801000 7.81594
1802000 7.82375
1803000 7.80928
1804000 7.79678
1805000 7.79683
1806000 7.83337
1807000 7.82032
1808000 7.78226
1809000 7.80088
1810000 7.81168
1811000 7.8096
1812000 7.80065
1813000 7.79914
1814000 7.80249
1815000 7.7833
1816000 7.81313
1817000 7.82773
1818000 7.78891
1819000 7.78005
1820000 7.80244
1821000 7.82883
1822000 7.80151
1823000 7.77869
1824000 7.80375
1825000 7.7951
1826000 7.79553
1827000 7.80813
1828000 7.79791
1829000 7.78135
1830000 7.77919
1831000 7.82426
1832000 7.81366
1833000 7.76778
1834000 7.78527
1835000 7.80301
1836000 7.80352
1837000 7.79585
1838000 7.79539
1839000 7.79683
1840000 7.78097
1841000 7.81315
1842000 7.82882
1843000 7.78883
1844000 7.77964
1845000 7.80015
1846000 7.82526
1847000 7.80745
1848000 7.78545
1849000 7.80387
1850000 7.80125
1851000 7.80574
1852000 7.81682
1853000 7.80162
1854000 7.78534
1855000 7.78899
1856000 7.8287
1857000 7.82314
1858000 7.78147
1859000 7.79279
1860000 7.81275
1861000 7.82019
1862000 7.80462
1863000 7.79423
1864000 7.80549
1865000 7.78782
1866000 7.80899
1867000 7.82357
1868000 7.79034
1869000 7.77894
1870000 7.79591
1871000 7.82133
1872000 7.80786
1873000 7.78132
1874000 7.79747
1875000 7.79815
1876000 7.80812
1877000 7.81092
1878000 7.79697
1879000 7.79135
1880000 7.79286
1881000 7.8193
1882000 7.81669
1883000 7.78354
1884000 7.78926
1885000 7.80123
1886000 7.81287
1887000 7.80451
1888000 7.78949
1889000 7.79658
1890000 7.78952
1891000 7.80599
1892000 7.81223
1893000 7.79221
1894000 7.786
1895000 7.79157
1896000 7.82251
1897000 7.81233
1898000 7.7808
1899000 7.79415
1900000 7.80478
1901000 7.80814
1902000 7.81254
1903000 7.80189
1904000 7.79511
1905000 7.7884
1906000 7.82263
1907000 7.82531
1908000 7.78328
1909000 7.78992
1910000 7.8111
1911000 7.81985
1912000 7.80264
1913000 7.79308
1914000 7.80467
1915000 7.78882
1916000 7.80287
1917000 7.82257
1918000 7.79365
1919000 7.77947
1920000 7.79362
1921000 7.83021
1922000 7.81236
1923000 7.77817
1924000 7.8
1925000 7.80701
1926000 7.80514
1927000 7.80803
1928000 7.80144
1929000 7.79238
1930000 7.78244
1931000 7.82039
1932000 7.82009
1933000 7.77723
1934000 7.78485
1935000 7.80795
1936000 7.81799
1937000 7.79992
1938000 7.79148
1939000 7.8046
1940000 7.78829
1941000 7.80582
1942000 7.82308
1943000 7.79512
1944000 7.78276
1945000 7.79621
1946000 7.82414
1947000 7.80755
1948000 7.7805
1949000 7.80003
1950000 7.80011
1951000 7.80795
1952000 7.80975
1953000 7.79634
1954000 7.79084
1955000 7.78547
1956000 7.81452
1957000 7.81589
1958000 7.78206
1959000 7.78373
1960000 7.79558
1961000 7.80851
1962000 7.79512
1963000 7.77873
1964000 7.78507
1965000 7.77619
1966000 7.79198
1967000 7.797
1968000 7.77302
1969000 7.76959
1970000 7.77805
1971000 7.80397
1972000 7.79612
1973000 7.76814
1974000 7.7813
1975000 7.78441
1976000 7.79748
1977000 7.79482
1978000 7.77604
1979000 7.77772
1980000 7.77736
1981000 7.79637
1982000 7.79939
1983000 7.77459
1984000 7.77327
1985000 7.77829
1986000 7.79518
1987000 7.78948
1988000 7.76997
1989000 7.77818
1990000 7.77829
1991000 7.79262
1992000 7.80009
1993000 7.77699
1994000 7.77009
1995000 7.77564
1996000 7.8057
1997000 7.79892
1998000 7.76676
1999000 7.77993
2000000 7.78921
2001000 7.79702
2002000 7.79553
2003000 7.78346
2004000 7.78205
2005000 7.77688
2006000 7.79882
2007000 7.80219
2008000 7.77467
2009000 7.77274
2010000 7.77765
2011000 7.80306
2012000 7.79443
2013000 7.76541
2014000 7.77556
2015000 7.78269
2016000 7.78647
2017000 7.7863
2018000 7.77637
2019000 7.77279
2020000 7.76249
2021000 7.79503
2022000 7.7934
2023000 7.75561
2024000 7.76182
2025000 7.77983
2026000 7.78899
2027000 7.77735
2028000 7.76662
2029000 7.77551
2030000 7.76419
2031000 7.78201
2032000 7.78582
2033000 7.76177
2034000 7.75921
2035000 7.76703
2036000 7.78662
2037000 7.77708
2038000 7.75647
2039000 7.76612
2040000 7.7682
2041000 7.78264
2042000 7.78564
2043000 7.76351
2044000 7.76098
2045000 7.76672
2046000 7.78917
2047000 7.78505
2048000 7.7566
2049000 7.76428
2050000 7.76943
2051000 7.78098
2052000 7.78291
2053000 7.76341
2054000 7.76231
2055000 7.7608
2056000 7.78439
2057000 7.77946
2058000 7.74965
2059000 7.75453
2060000 7.7628
2061000 7.77611
2062000 7.76719
2063000 7.74862
2064000 7.75824
2065000 7.7545
2066000 7.76946
2067000 7.77738
2068000 7.75402
2069000 7.74796
2070000 7.75603
2071000 7.7878
2072000 7.78026
2073000 7.7464
2074000 7.75953
2075000 7.76952
2076000 7.77774
2077000 7.77811
2078000 7.76408
2079000 7.76241
2080000 7.75687
2081000 7.784
2082000 7.78854
2083000 7.75453
2084000 7.7567
2085000 7.7699
2086000 7.78235
2087000 7.76746
2088000 7.75721
2089000 7.76925
2090000 7.75859
2091000 7.77822
2092000 7.78431
2093000 7.75959
2094000 7.75288
2095000 7.76154
2096000 7.79017
2097000 7.77319
2098000 7.74602
2099000 7.76429
2100000 7.76535
2101000 7.76805
2102000 7.77766
2103000 7.76745
2104000 7.75811
2105000 7.75532
2106000 7.79713
2107000 7.79579
2108000 7.75042
2109000 7.75865
2110000 7.77831
2111000 7.78801
2112000 7.76585
2113000 7.75392
2114000 7.76792
2115000 7.75078
2116000 7.7621
2117000 7.78073
2118000 7.75484
2119000 7.73682
2120000 7.75004
2121000 7.78349
2122000 7.76715
2123000 7.73074
2124000 7.75221
2125000 7.75749
2126000 7.75888
2127000 7.75832
2128000 7.7529
2129000 7.74983
2130000 7.73798
2131000 7.76825
2132000 7.77398
2133000 7.73889
2134000 7.73729
2135000 7.75684
2136000 7.77263
2137000 7.75431
2138000 7.73964
2139000 7.75497
2140000 7.74647
2141000 7.76132
2142000 7.77437
2143000 7.75009
2144000 7.74073
2145000 7.75217
2146000 7.78315
2147000 7.7666
2148000 7.73861
2149000 7.75983
2150000 7.76417
2151000 7.76517
2152000 7.76795
2153000 7.75881
2154000 7.7489
2155000 7.74155
2156000 7.77599
2157000 7.77546
2158000 7.73482
2159000 7.74175
2160000 7.75827
2161000 7.76914
2162000 7.75219
2163000 7.74228
2164000 7.75597
2165000 7.7435
2166000 7.75486
2167000 7.77481
2168000 7.7486
2169000 7.73276
2170000 7.7433
2171000 7.77748
2172000 7.7579
2173000 7.72543
2174000 7.7472
2175000 7.75311
2176000 7.75464
2177000 7.75413
2178000 7.74958
2179000 7.74661
2180000 7.73648
2181000 7.75983
2182000 7.77298
2183000 7.7364
2184000 7.73045
2185000 7.74748
2186000 7.76945
2187000 7.75176
2188000 7.73196
2189000 7.74837
2190000 7.74488
2191000 7.75153
2192000 7.75787
2193000 7.7432
2194000 7.72893
2195000 7.72748
2196000 7.76219
2197000 7.76066
2198000 7.72088
2199000 7.7304
2200000 7.74715
2201000 7.75375
2202000 7.74666
2203000 7.73681
2204000 7.7419
2205000 7.73326
2206000 7.75125
2207000 7.76167
2208000 7.73392
2209000 7.72564
2210000 7.73723
2211000 7.77199
2212000 7.7618
2213000 7.72504
2214000 7.74129
2215000 7.75248
2216000 7.75968
2217000 7.75439
2218000 7.74359
2219000 7.74564
2220000 7.73582
2221000 7.76025
2222000 7.76772
2223000 7.73422
2224000 7.73192
2225000 7.74534
2226000 7.7691
2227000 7.75702
2228000 7.73211
2229000 7.74697
2230000 7.74581
2231000 7.75424
2232000 7.75951
2233000 7.74346
2234000 7.7384
2235000 7.73807
2236000 7.77419
2237000 7.77422
2238000 7.73129
2239000 7.74188
2240000 7.76228
2241000 7.77176
2242000 7.75792
2243000 7.75036
2244000 7.7621
2245000 7.7476
2246000 7.76444
2247000 7.78112
2248000 7.75303
2249000 7.73926
2250000 7.75198
2251000 7.78981
2252000 7.76921
2253000 7.73404
2254000 7.7577
2255000 7.76693
2256000 7.76761
2257000 7.76714
2258000 7.76309
2259000 7.75493
2260000 7.74227
2261000 7.77254
2262000 7.77738
2263000 7.73757
2264000 7.73656
2265000 7.75709
2266000 7.77193
2267000 7.75455
2268000 7.73635
2269000 7.75165
2270000 7.74322
2271000 7.76029
2272000 7.77377
2273000 7.7487
2274000 7.73945
2275000 7.75174
2276000 7.77917
2277000 7.76893
2278000 7.73962
2279000 7.75349
2280000 7.75483
2281000 7.76386
2282000 7.75997
2283000 7.74832
2284000 7.74975
2285000 7.73922
2286000 7.76585
2287000 7.7719
2288000 7.73628
2289000 7.73311
2290000 7.74801
2291000 7.76604
2292000 7.75622
2293000 7.73624
2294000 7.74515
2295000 7.74597
2296000 7.76432
2297000 7.76618
2298000 7.74671
2299000 7.74379
2300000 7.74791
2301000 7.7762
2302000 7.77019
2303000 7.74091
2304000 7.74845
2305000 7.7582
2306000 7.77168
2307000 7.76564
2308000 7.74457
2309000 7.74966
2310000 7.74378
2311000 7.76234
2312000 7.77055
2313000 7.74107
2314000 7.73905
2315000 7.74409
2316000 7.76726
2317000 7.75461
2318000 7.72932
2319000 7.74082
2320000 7.73999
2321000 7.75896
2322000 7.75944
2323000 7.73587
2324000 7.74006
2325000 7.7455
2326000 7.76775
2327000 7.76695
2328000 7.73981
2329000 7.74409
2330000 7.75132
2331000 7.77216
2332000 7.77559
2333000 7.74953
2334000 7.75224
2335000 7.75856
2336000 7.77651
2337000 7.7687
2338000 7.74805
2339000 7.75305
2340000 7.74947
2341000 7.76812
2342000 7.77278
2343000 7.74654
2344000 7.74503
2345000 7.75575
2346000 7.77168
2347000 7.76784
2348000 7.74624
2349000 7.75016
2350000 7.74931
2351000 7.77015
2352000 7.77569
2353000 7.74526
2354000 7.74613
2355000 7.75497
2356000 7.77479
2357000 7.76538
2358000 7.74098
2359000 7.74761
2360000 7.74433
2361000 7.76053
2362000 7.75826
2363000 7.73489
2364000 7.73382
2365000 7.73476
2366000 7.75761
2367000 7.75016
2368000 7.72327
2369000 7.72994
2370000 7.73452
2371000 7.74796
2372000 7.7488
2373000 7.72652
2374000 7.7292
2375000 7.72894
2376000 7.74951
2377000 7.75056
2378000 7.72403
2379000 7.7236
2380000 7.72512
2381000 7.74547
2382000 7.73781
2383000 7.7131
2384000 7.71664
2385000 7.71859
2386000 7.73372
2387000 7.73177
2388000 7.71009
2389000 7.7122
2390000 7.71686
2391000 7.73298
2392000 7.72958
2393000 7.71016
2394000 7.71602
2395000 7.71219
2396000 7.73457
2397000 7.73899
2398000 7.71183
2399000 7.70945
2400000 7.72145
2401000 7.74584
2402000 7.7343
2403000 7.71258
2404000 7.72528
2405000 7.72695
2406000 7.73626
2407000 7.74333
2408000 7.72331
2409000 7.71583
2410000 7.7162
2411000 7.75146
2412000 7.74405
2413000 7.70467
2414000 7.71918
2415000 7.73018
2416000 7.7355
2417000 7.72801
2418000 7.71671
2419000 7.71935
2420000 7.70488
2421000 7.73566
2422000 7.74549
2423000 7.70666
2424000 7.7034
2425000 7.72733
2426000 7.7486
2427000 7.73201
2428000 7.71248
2429000 7.73309
2430000 7.73122
2431000 7.73825
2432000 7.74445
2433000 7.73001
2434000 7.72308
2435000 7.72222
2436000 7.74923
2437000 7.74155
2438000 7.7084
2439000 7.72066
2440000 7.72802
2441000 7.73941
2442000 7.73248
2443000 7.71584
2444000 7.72074
2445000 7.7134
2446000 7.73469
2447000 7.74151
2448000 7.71382
2449000 7.70768
2450000 7.72207
2451000 7.748
2452000 7.74104
2453000 7.71263
2454000 7.72752
2455000 7.73187
2456000 7.73627
2457000 7.74349
2458000 7.73323
2459000 7.72297
2460000 7.71965
2461000 7.75412
2462000 7.74942
2463000 7.71302
2464000 7.71995
2465000 7.73234
2466000 7.74329
2467000 7.72934
2468000 7.71204
2469000 7.72275
2470000 7.71674
2471000 7.72998
2472000 7.73944
2473000 7.71849
2474000 7.71184
2475000 7.71765
2476000 7.74863
2477000 7.73298
2478000 7.70125
2479000 7.71765
2480000 7.72161
2481000 7.728
2482000 7.72522
2483000 7.71554
2484000 7.71185
2485000 7.70238
2486000 7.72971
2487000 7.73173
2488000 7.6971
2489000 7.70045
2490000 7.71317
2491000 7.73244
2492000 7.71854
2493000 7.69995
2494000 7.71382
2495000 7.70793
2496000 7.7267
2497000 7.73083
2498000 7.70523
2499000 7.70346
2500000 7.70904
2501000 7.73067
2502000 7.72927
2503000 7.70272
2504000 7.71116
2505000 7.71531
2506000 7.73128
2507000 7.73519
2508000 7.71265
2509000 7.7113
2510000 7.71399
2511000 7.74041
2512000 7.73458
2513000 7.7041
2514000 7.71178
2515000 7.71925
2516000 7.73152
2517000 7.72418
2518000 7.70867
2519000 7.7166
2520000 7.71017
2521000 7.72417
2522000 7.73951
2523000 7.71367
2524000 7.70246
2525000 7.71387
2526000 7.74405
2527000 7.73062
2528000 7.70012
2529000 7.72004
2530000 7.72319
2531000 7.72752
2532000 7.72964
2533000 7.72266
2534000 7.71554
2535000 7.70876
2536000 7.7486
2537000 7.74694
2538000 7.70469
2539000 7.71126
2540000 7.73073
2541000 7.73463
2542000 7.72634
2543000 7.71826
2544000 7.72604
2545000 7.71383
2546000 7.73335
2547000 7.74657
2548000 7.71546
2549000 7.70644
2550000 7.72155
2551000 7.7503
2552000 7.73526
2553000 7.7086
2554000 7.72374
2555000 7.72523
2556000 7.74138
2557000 7.74302
2558000 7.72353
2559000 7.72106
2560000 7.72338
2561000 7.74912
2562000 7.74201
2563000 7.71322
2564000 7.72233
2565000 7.72841
2566000 7.7394
2567000 7.73185
2568000 7.71698
2569000 7.72096
2570000 7.71391
2571000 7.73647
2572000 7.7375
2573000 7.70883
2574000 7.71092
2575000 7.71824
2576000 7.741
2577000 7.72667
2578000 7.70605
2579000 7.71908
2580000 7.71754
2581000 7.72964
2582000 7.73428
2583000 7.71681
2584000 7.71029
2585000 7.71038
2586000 7.74365
2587000 7.73841
2588000 7.69882
2589000 7.71011
2590000 7.72474
2591000 7.72659
2592000 7.71472
2593000 7.71182
2594000 7.71372
2595000 7.69871
2596000 7.72229
2597000 7.73888
2598000 7.70351
2599000 7.69406
2600000 7.71242
2601000 7.7376
2602000 7.71697
2603000 7.69341
2604000 7.71879
2605000 7.71166
2606000 7.71755
2607000 7.73372
2608000 7.71465
2609000 7.69783
2610000 7.70088
2611000 7.74097
2612000 7.72922
2613000 7.68758
2614000 7.70577
2615000 7.71883
2616000 7.72095
2617000 7.71717
2618000 7.70859
2619000 7.70674
2620000 7.69696
2621000 7.72433
2622000 7.73433
2623000 7.69531
2624000 7.69161
2625000 7.71037
2626000 7.73739
2627000 7.71795
2628000 7.69554
2629000 7.71355
2630000 7.70912
2631000 7.71829
2632000 7.73129
2633000 7.71414
2634000 7.69863
2635000 7.70009
2636000 7.73958
2637000 7.73237
2638000 7.69063
2639000 7.70491
2640000 7.72228
2641000 7.7209
2642000 7.71184
2643000 7.7095
2644000 7.71435
2645000 7.69387
2646000 7.72199
2647000 7.74083
2648000 7.70454
2649000 7.69098
2650000 7.71224
2651000 7.74584
2652000 7.71917
2653000 7.6939
2654000 7.72421
2655000 7.72074
2656000 7.71847
2657000 7.73349
2658000 7.72503
2659000 7.70556
2660000 7.70065
2661000 7.74733
2662000 7.74641
2663000 7.69311
2664000 7.70198
2665000 7.73335
2666000 7.73046
2667000 7.71073
2668000 7.71501
2669000 7.72809
2670000 7.69968
2671000 7.72569
2672000 7.74524
2673000 7.70743
2674000 7.69359
2675000 7.71703
2676000 7.74843
2677000 7.73141
2678000 7.69986
2679000 7.72294
2680000 7.72502
2681000 7.72707
2682000 7.73022
2683000 7.7228
2684000 7.71655
2685000 7.70696
2686000 7.74427
2687000 7.74286
2688000 7.7007
2689000 7.70734
2690000 7.72774
2691000 7.73971
2692000 7.72784
2693000 7.71334
2694000 7.72278
2695000 7.71492
2696000 7.72998
2697000 7.73639
2698000 7.7122
2699000 7.7103
2700000 7.71433
2701000 7.74028
2702000 7.73008
2703000 7.70178
2704000 7.71505
2705000 7.71693
2706000 7.72587
2707000 7.72591
2708000 7.71279
2709000 7.70963
2710000 7.70422
2711000 7.72404
2712000 7.73085
2713000 7.70192
2714000 7.69758
2715000 7.70685
2716000 7.73161
2717000 7.71869
2718000 7.69346
2719000 7.70639
2720000 7.70687
2721000 7.72042
2722000 7.72524
2723000 7.7081
2724000 7.70569
2725000 7.70762
2726000 7.73655
2727000 7.73058
2728000 7.69819
2729000 7.70868
2730000 7.71721
2731000 7.72737
2732000 7.72729
2733000 7.71027
2734000 7.71313
2735000 7.70995
2736000 7.72788
2737000 7.73687
2738000 7.71069
2739000 7.7061
2740000 7.71459
2741000 7.7476
2742000 7.73232
2743000 7.70072
2744000 7.71686
2745000 7.72447
2746000 7.7294
2747000 7.72555
2748000 7.71693
2749000 7.71571
2750000 7.70803
2751000 7.73858
2752000 7.74317
2753000 7.70543
2754000 7.70912
2755000 7.72553
2756000 7.74329
2757000 7.72938
2758000 7.71011
2759000 7.72241
2760000 7.71293
2761000 7.72527
2762000 7.73298
2763000 7.71303
2764000 7.70268
2765000 7.70866
2766000 7.74091
2767000 7.73294
2768000 7.69863
2769000 7.70896
2770000 7.71859
2771000 7.73204
2772000 7.72535
2773000 7.70632
2774000 7.71538
2775000 7.71144
2776000 7.72903
2777000 7.73033
2778000 7.70662
2779000 7.70511
2780000 7.71212
2781000 7.73401
2782000 7.72908
2783000 7.70099
2784000 7.7086
2785000 7.71304
2786000 7.72489
2787000 7.7239
2788000 7.70605
2789000 7.70411
2790000 7.70101
2791000 7.7321
2792000 7.73488
2793000 7.69798
2794000 7.70222
2795000 7.71809
2796000 7.73562
2797000 7.72338
2798000 7.70766
2799000 7.71999
2800000 7.71423
2801000 7.72624
2802000 7.73658
2803000 7.71715
2804000 7.70732
2805000 7.7087
2806000 7.74336
2807000 7.73411
2808000 7.69678
2809000 7.70919
2810000 7.72415
2811000 7.73147
2812000 7.72281
2813000 7.71472
2814000 7.71641
2815000 7.70669
2816000 7.73745
2817000 7.7446
2818000 7.70466
2819000 7.7047
2820000 7.72554
2821000 7.7445
2822000 7.72433
2823000 7.70825
2824000 7.72561
2825000 7.71528
2826000 7.72677
2827000 7.74131
2828000 7.72144
2829000 7.70604
2830000 7.70864
2831000 7.74493
2832000 7.73091
2833000 7.69379
2834000 7.71363
2835000 7.72463
2836000 7.72487
2837000 7.7228
2838000 7.71725
2839000 7.7142
2840000 7.70169
2841000 7.7305
2842000 7.73807
2843000 7.70213
2844000 7.69995
2845000 7.71815
2846000 7.74034
2847000 7.72052
2848000 7.70203
2849000 7.72068
2850000 7.71469
2851000 7.72729
2852000 7.74069
2853000 7.72074
2854000 7.70664
2855000 7.71393
2856000 7.75156
2857000 7.73854
2858000 7.69567
2859000 7.71515
2860000 7.72895
2861000 7.72678
2862000 7.71897
2863000 7.71749
2864000 7.71513
2865000 7.69609
2866000 7.72178
2867000 7.73743
2868000 7.6998
2869000 7.68829
2870000 7.7109
2871000 7.73896
2872000 7.71836
2873000 7.6918
2874000 7.71797
2875000 7.71642
2876000 7.72266
2877000 7.73044
2878000 7.71767
2879000 7.70611
2880000 7.70276
2881000 7.74004
2882000 7.73113
2883000 7.69274
2884000 7.70735
2885000 7.71964
2886000 7.73209
2887000 7.72723
2888000 7.70916
2889000 7.71488
2890000 7.70912
2891000 7.72715
2892000 7.73103
2893000 7.707
2894000 7.70377
2895000 7.70624
2896000 7.74211
2897000 7.72676
2898000 7.6948
2899000 7.71199
2900000 7.72038
2901000 7.73446
2902000 7.73067
2903000 7.71753
2904000 7.71983
2905000 7.71452
2906000 7.74156
2907000 7.74731
2908000 7.71225
2909000 7.71359
2910000 7.72506
2911000 7.74006
2912000 7.73295
2913000 7.7058
2914000 7.71497
2915000 7.71241
2916000 7.7312
2917000 7.73549
2918000 7.70939
2919000 7.70749
2920000 7.71576
2921000 7.73922
2922000 7.73294
2923000 7.70751
2924000 7.71687
2925000 7.71933
2926000 7.73738
2927000 7.73859
2928000 7.71339
2929000 7.71508
2930000 7.71915
2931000 7.74621
2932000 7.7363
2933000 7.70644
2934000 7.71718
2935000 7.71992
2936000 7.72726
2937000 7.73066
2938000 7.71551
2939000 7.70957
2940000 7.70529
2941000 7.73148
2942000 7.73277
2943000 7.69937
2944000 7.70179
2945000 7.71445
2946000 7.73505
2947000 7.72862
2948000 7.70553
2949000 7.71313
2950000 7.71557
2951000 7.73074
2952000 7.73249
2953000 7.71047
2954000 7.70973
2955000 7.71238
2956000 7.74159
2957000 7.7308
2958000 7.70299
2959000 7.7146
2960000 7.71908
2961000 7.72978
2962000 7.72646
2963000 7.71346
2964000 7.71159
2965000 7.70485
2966000 7.73601
2967000 7.73833
2968000 7.6985
2969000 7.70404
2970000 7.72265
2971000 7.73492
2972000 7.72584
2973000 7.71076
2974000 7.72044
2975000 7.71423
2976000 7.73455
2977000 7.74385
2978000 7.71508
2979000 7.71082
2980000 7.71991
2981000 7.74612
2982000 7.73293
2983000 7.70666
2984000 7.71818
2985000 7.7205
2986000 7.73844
2987000 7.73806
2988000 7.7143
2989000 7.71553
2990000 7.71774
2991000 7.74224
2992000 7.73928
2993000 7.70868
2994000 7.71444
2995000 7.72447
2996000 7.74305
2997000 7.73742
2998000 7.7157
2999000 7.72466
3000000 7.72635
3001000 7.73899
3002000 7.74685
3003000 7.7273
3004000 7.72116
3005000 7.72527
3006000 7.75475
3007000 7.74217
3008000 7.71391
3009000 7.72604
3010000 7.73049
3011000 7.73993
3012000 7.74845
3013000 7.7262
3014000 7.71586
3015000 7.72043
3016000 7.75275
3017000 7.7499
3018000 7.71076
3019000 7.71932
3020000 7.73222
3021000 7.7464
3022000 7.73543
3023000 7.72013
3024000 7.73177
3025000 7.72471
3026000 7.74175
3027000 7.75439
3028000 7.7284
3029000 7.72058
3030000 7.73225
3031000 7.75762
3032000 7.74679
3033000 7.71568
3034000 7.73334
3035000 7.73413
3036000 7.74258
3037000 7.74474
3038000 7.72747
3039000 7.72388
3040000 7.71828
3041000 7.74752
3042000 7.749
3043000 7.71459
3044000 7.7173
3045000 7.73103
3046000 7.75271
3047000 7.74052
3048000 7.71989
3049000 7.73094
3050000 7.72642
3051000 7.7439
3052000 7.74916
3053000 7.72593
3054000 7.72357
3055000 7.72841
3056000 7.75838
3057000 7.75239
3058000 7.72053
3059000 7.7313
3060000 7.73902
3061000 7.74813
3062000 7.74653
3063000 7.72692
3064000 7.72328
3065000 7.72142
3066000 7.75269
3067000 7.75639
3068000 7.71892
3069000 7.72348
3070000 7.74168
3071000 7.75785
3072000 7.74606
3073000 7.72757
3074000 7.73486
3075000 7.7288
3076000 7.75073
3077000 7.75494
3078000 7.7273
3079000 7.72657
3080000 7.73572
3081000 7.75911
3082000 7.74741
3083000 7.72339
3084000 7.73659
3085000 7.73615
3086000 7.7499
3087000 7.75205
3088000 7.73276
3089000 7.73104
3090000 7.7292
3091000 7.7567
3092000 7.7476
3093000 7.7166
3094000 7.72614
3095000 7.73315
3096000 7.74462
3097000 7.74467
3098000 7.72454
3099000 7.72379
3100000 7.72609
3101000 7.75464
3102000 7.75291
3103000 7.72458
3104000 7.72941
3105000 7.73835
3106000 7.75952
3107000 7.75275
3108000 7.72551
3109000 7.73204
3110000 7.73154
3111000 7.74965
3112000 7.74978
3113000 7.7249
3114000 7.7241
3115000 7.72736
3116000 7.75239
3117000 7.7454
3118000 7.71751
3119000 7.72463
3120000 7.73135
3121000 7.73726
3122000 7.73747
3123000 7.72427
3124000 7.72123
3125000 7.71879
3126000 7.74716
3127000 7.75599
3128000 7.72015
3129000 7.71882
3130000 7.73365
3131000 7.75895
3132000 7.73816
3133000 7.71304
3134000 7.7343
3135000 7.73026
3136000 7.73597
3137000 7.74075
3138000 7.72995
3139000 7.71498
3140000 7.71258
3141000 7.75517
3142000 7.75192
3143000 7.70252
3144000 7.71082
3145000 7.73413
3146000 7.75195
3147000 7.72836
3148000 7.71401
3149000 7.73565
3150000 7.72449
3151000 7.73879
3152000 7.75413
3153000 7.73019
3154000 7.71776
3155000 7.72436
3156000 7.76386
3157000 7.75326
3158000 7.71305
3159000 7.72808
3160000 7.73919
3161000 7.7434
3162000 7.7381
3163000 7.7289
3164000 7.72355
3165000 7.71494
3166000 7.74332
3167000 7.74764
3168000 7.71148
3169000 7.71518
3170000 7.73392
3171000 7.74818
3172000 7.73457
3173000 7.71885
3174000 7.72918
3175000 7.71967
3176000 7.73973
3177000 7.74268
3178000 7.71661
3179000 7.71195
3180000 7.71945
3181000 7.74581
3182000 7.74292
3183000 7.71366
3184000 7.71688
3185000 7.72537
3186000 7.74221
3187000 7.73353
3188000 7.70867
3189000 7.71747
3190000 7.72002
3191000 7.73245
3192000 7.73717
3193000 7.71602
3194000 7.71267
3195000 7.71784
3196000 7.74669
3197000 7.74459
3198000 7.71499
3199000 7.72391
3200000 7.73214
3201000 7.75183
3202000 7.74087
3203000 7.72234
3204000 7.73177
3205000 7.728
3206000 7.74612
3207000 7.75924
3208000 7.7288
3209000 7.72204
3210000 7.73499
3211000 7.76657
3212000 7.75048
3213000 7.71804
3214000 7.73712
3215000 7.73968
3216000 7.7488
3217000 7.74855
3218000 7.73357
3219000 7.72925
3220000 7.7253
3221000 7.75287
3222000 7.76039
3223000 7.72148
3224000 7.72207
3225000 7.74101
3226000 7.76244
3227000 7.74378
3228000 7.72742
3229000 7.7446
3230000 7.73193
3231000 7.75163
3232000 7.76147
3233000 7.73322
3234000 7.72063
3235000 7.7326
3236000 7.76304
3237000 7.74556
3238000 7.71678
3239000 7.73519
3240000 7.74087
3241000 7.75042
3242000 7.75204
3243000 7.73684
3244000 7.73378
3245000 7.72709
3246000 7.7652
3247000 7.76782
3248000 7.72391
3249000 7.72802
3250000 7.74962
3251000 7.76643
3252000 7.74816
3253000 7.73598
3254000 7.75162
3255000 7.73944
3256000 7.75365
3257000 7.76963
3258000 7.74273
3259000 7.7274
3260000 7.73824
3261000 7.77049
3262000 7.76099
3263000 7.72474
3264000 7.73972
3265000 7.74818
3266000 7.75715
3267000 7.74555
3268000 7.73576
3269000 7.73928
3270000 7.72562
3271000 7.75658
3272000 7.76346
3273000 7.72487
3274000 7.7231
3275000 7.74306
3276000 7.76338
3277000 7.74962
3278000 7.731
3279000 7.74508
3280000 7.74021
3281000 7.75409
3282000 7.75981
3283000 7.73987
3284000 7.73214
3285000 7.73344
3286000 7.77125
3287000 7.76421
3288000 7.72476
3289000 7.73833
3290000 7.74981
3291000 7.75836
3292000 7.75375
3293000 7.73973
3294000 7.74198
3295000 7.7341
3296000 7.76476
3297000 7.76866
3298000 7.72859
3299000 7.7315
3300000 7.74956
3301000 7.76285
3302000 7.75052
3303000 7.73588
3304000 7.74857
3305000 7.74303
3306000 7.75889
3307000 7.76562
3308000 7.74089
3309000 7.73308
3310000 7.74176
3311000 7.77645
3312000 7.76173
3313000 7.72799
3314000 7.74284
3315000 7.75393
3316000 7.75689
3317000 7.75859
3318000 7.74824
3319000 7.74183
3320000 7.73398
3321000 7.7734
3322000 7.77615
3323000 7.72862
3324000 7.73409
3325000 7.75986
3326000 7.76561
3327000 7.75189
3328000 7.74678
3329000 7.75776
3330000 7.74036
3331000 7.7563
3332000 7.77893
3333000 7.75136
3334000 7.72984
3335000 7.74431
3336000 7.78963
3337000 7.76555
3338000 7.71904
3339000 7.74952
3340000 7.76569
3341000 7.7581
3342000 7.75231
3343000 7.75683
3344000 7.75517
3345000 7.73624
3346000 7.77531
3347000 7.79196
3348000 7.74223
3349000 7.73531
3350000 7.76913
3351000 7.78764
3352000 7.75712
3353000 7.73901
3354000 7.76902
3355000 7.75312
3356000 7.75298
3357000 7.77937
3358000 7.76309
3359000 7.73256
3360000 7.7368
3361000 7.79371
3362000 7.77307
3363000 7.71487
3364000 7.74944
3365000 7.77339
3366000 7.76563
3367000 7.75694
3368000 7.76359
3369000 7.76233
3370000 7.73745
3371000 7.77179
3372000 7.78981
3373000 7.74263
3374000 7.73182
3375000 7.76265
3376000 7.78463
3377000 7.75871
3378000 7.74013
3379000 7.76782
3380000 7.75762
3381000 7.75787
3382000 7.78103
3383000 7.76805
3384000 7.74219
3385000 7.74404
3386000 7.79535
3387000 7.78586
3388000 7.73364
3389000 7.75481
3390000 7.77856
3391000 7.7805
3392000 7.76847
3393000 7.76632
3394000 7.76991
3395000 7.74846
3396000 7.77151
3397000 7.79324
3398000 7.75644
3399000 7.7416
3400000 7.76458
3401000 7.7978
3402000 7.77716
3403000 7.74904
3404000 7.77488
3405000 7.77519
3406000 7.77619
3407000 7.78957
3408000 7.7795
3409000 7.76457
3410000 7.7569
3411000 7.80248
3412000 7.81053
3413000 7.75499
3414000 7.75714
3415000 7.78852
3416000 7.79801
3417000 7.77092
3418000 7.76327
3419000 7.78422
3420000 7.76157
3421000 7.77147
3422000 7.79572
3423000 7.76993
3424000 7.74953
3425000 7.764
3426000 7.80838
3427000 7.79197
3428000 7.74845
3429000 7.77633
3430000 7.78777
3431000 7.78872
3432000 7.78333
3433000 7.7802
3434000 7.77692
3435000 7.75864
3436000 7.79566
3437000 7.81307
3438000 7.76548
3439000 7.75795
3440000 7.78811
3441000 7.81871
3442000 7.78696
3443000 7.76036
3444000 7.7919
3445000 7.78371
3446000 7.78377
3447000 7.8019
3448000 7.78731
3449000 7.76841
3450000 7.76613
3451000 7.81958
3452000 7.81826
3453000 7.7641
3454000 7.77486
3455000 7.80436
3456000 7.81407
3457000 7.79241
3458000 7.78294
3459000 7.79753
3460000 7.77705
3461000 7.80151
3462000 7.82228
3463000 7.78791
3464000 7.77294
3465000 7.79046
3466000 7.82422
3467000 7.79981
3468000 7.76384
3469000 7.79436
3470000 7.79887
3471000 7.79458
3472000 7.80331
3473000 7.79919
3474000 7.78627
3475000 7.77403
3476000 7.81534
3477000 7.81582
3478000 7.76804
3479000 7.77397
3480000 7.79706
3481000 7.80994
3482000 7.78773
3483000 7.77737
3484000 7.79562
3485000 7.775
3486000 7.79064
3487000 7.81085
3488000 7.7821
3489000 7.761
3490000 7.77441
3491000 7.82288
3492000 7.7973
3493000 7.75372
3494000 7.7871
3495000 7.80076
3496000 7.7928
3497000 7.79115
3498000 7.79116
3499000 7.7853
3500000 7.76646
3501000 7.80481
3502000 7.82532
3503000 7.77557
3504000 7.76827
3505000 7.79919
3506000 7.82629
3507000 7.79714
3508000 7.772
3509000 7.80028
3510000 7.79413
3511000 7.79629
3512000 7.80518
3513000 7.79432
3514000 7.77588
3515000 7.77126
3516000 7.81725
3517000 7.80875
3518000 7.75818
3519000 7.7772
3520000 7.79645
3521000 7.79948
3522000 7.78982
3523000 7.78397
3524000 7.78469
3525000 7.76921
3526000 7.8009
3527000 7.80979
3528000 7.76804
3529000 7.76573
3530000 7.78866
3531000 7.80725
3532000 7.78609
3533000 7.76727
3534000 7.78789
3535000 7.77584
3536000 7.78514
3537000 7.79689
3538000 7.77693
3539000 7.76365
3540000 7.76788
3541000 7.8023
3542000 7.7898
3543000 7.75307
3544000 7.7672
3545000 7.78216
3546000 7.79059
3547000 7.78842
3548000 7.77625
3549000 7.77401
3550000 7.7661
3551000 7.79963
3552000 7.79822
3553000 7.75814
3554000 7.76638
3555000 7.78059
3556000 7.79962
3557000 7.78573
3558000 7.76636
3559000 7.77665
3560000 7.77129
3561000 7.78353
3562000 7.79343
3563000 7.77269
3564000 7.76128
3565000 7.76664
3566000 7.79818
3567000 7.7926
3568000 7.75544
3569000 7.76774
3570000 7.78079
3571000 7.79472
3572000 7.79057
3573000 7.77271
3574000 7.77724
3575000 7.7736
3576000 7.79315
3577000 7.79933
3578000 7.76986
3579000 7.76741
3580000 7.77673
3581000 7.8019
3582000 7.78807
3583000 7.76376
3584000 7.78097
3585000 7.78092
3586000 7.79292
3587000 7.79935
3588000 7.77747
3589000 7.76929
3590000 7.76981
3591000 7.80659
3592000 7.80559
3593000 7.76049
3594000 7.77358
3595000 7.79204
3596000 7.80303
3597000 7.78619
3598000 7.77709
3599000 7.78965
3600000 7.77142
3601000 7.79482
3602000 7.81226
3603000 7.77884
3604000 7.76332
3605000 7.78494
3606000 7.81869
3607000 7.79209
3608000 7.76154
3609000 7.78707
3610000 7.78976
3611000 7.78853
3612000 7.7888
3613000 7.78362
3614000 7.77448
3615000 7.76184
3616000 7.80096
3617000 7.80467
3618000 7.75584
3619000 7.76052
3620000 7.78554
3621000 7.79304
3622000 7.7706
3623000 7.76348
3624000 7.78232
3625000 7.76212
3626000 7.77622
3627000 7.79232
3628000 7.7676
3629000 7.74927
3630000 7.76175
3631000 7.80491
3632000 7.77955
3633000 7.73589
3634000 7.76661
3635000 7.77772
3636000 7.76529
3637000 7.76517
3638000 7.77161
3639000 7.76021
3640000 7.7371
3641000 7.7792
3642000 7.79049
3643000 7.74263
3644000 7.73936
3645000 7.77062
3646000 7.78955
3647000 7.76113
3648000 7.74684
3649000 7.77299
3650000 7.75847
3651000 7.76127
3652000 7.78531
3653000 7.76685
3654000 7.7432
3655000 7.75078
3656000 7.79869
3657000 7.77848
3658000 7.73263
3659000 7.75821
3660000 7.77407
3661000 7.76625
3662000 7.76008
3663000 7.76311
3664000 7.75993
3665000 7.73664
3666000 7.77363
3667000 7.7876
3668000 7.74153
3669000 7.73358
3670000 7.76253
3671000 7.78893
3672000 7.76018
3673000 7.73541
3674000 7.76535
3675000 7.75587
3676000 7.75519
3677000 7.76532
3678000 7.75583
3679000 7.7424
3680000 7.73627
3681000 7.77671
3682000 7.77983
3683000 7.7338
3684000 7.73938
3685000 7.76284
3686000 7.77722
3687000 7.76295
3688000 7.74879
3689000 7.75936
3690000 7.75198
3691000 7.77655
3692000 7.78848
3693000 7.75505
3694000 7.74503
3695000 7.76255
3696000 7.79178
3697000 7.76981
3698000 7.74105
3699000 7.7638
3700000 7.76414
3701000 7.76565
3702000 7.77545
3703000 7.76399
3704000 7.75392
3705000 7.74665
3706000 7.78122
3707000 7.79759
3708000 7.75492
3709000 7.74825
3710000 7.77506
3711000 7.80122
3712000 7.77646
3713000 7.75516
3714000 7.77824
3715000 7.76957
3716000 7.76644
3717000 7.78392
3718000 7.76988
3719000 7.74919
3720000 7.74736
3721000 7.80038
3722000 7.78611
3723000 7.73258
3724000 7.75291
3725000 7.77809
3726000 7.77318
3727000 7.76187
3728000 7.76676
3729000 7.76642
3730000 7.74029
3731000 7.78293
3732000 7.80989
3733000 7.75126
3734000 7.73633
3735000 7.77784
3736000 7.80012
3737000 7.76501
3738000 7.74473
3739000 7.78078
3740000 7.76533
3741000 7.76099
3742000 7.78496
3743000 7.77858
3744000 7.75361
3745000 7.75257
3746000 7.81008
3747000 7.80427
3748000 7.74745
3749000 7.76815
3750000 7.80159
3751000 7.79897
3752000 7.78326
3753000 7.78738
3754000 7.79451
3755000 7.76331
3756000 7.79692
3757000 7.82436
3758000 7.77443
3759000 7.75706
3760000 7.7904
3761000 7.82983
3762000 7.78303
3763000 7.75492
3764000 7.79836
3765000 7.79094
3766000 7.77202
3767000 7.79692
3768000 7.80221
3769000 7.76661
3770000 7.75498
3771000 7.81959
3772000 7.81894
3773000 7.74592
3774000 7.76339
3775000 7.80751
3776000 7.80457
3777000 7.77262
3778000 7.78216
3779000 7.80166
3780000 7.76469
3781000 7.79197
3782000 7.82803
3783000 7.78725
3784000 7.75481
3785000 7.78727
3786000 7.83284
3787000 7.79339
3788000 7.7561
3789000 7.79889
3790000 7.80116
3791000 7.78795
3792000 7.79706
3793000 7.80097
3794000 7.78232
3795000 7.76388
3796000 7.81767
3797000 7.8244
3798000 7.76326
3799000 7.77151
3800000 7.80888
3801000 7.8221
3802000 7.78373
3803000 7.78103
3804000 7.80694
3805000 7.77983
3806000 7.79155
3807000 7.82092
3808000 7.79154
3809000 7.76413
3810000 7.77989
3811000 7.82793
3812000 7.7985
3813000 7.75316
3814000 7.78549
3815000 7.79428
3816000 7.7881
3817000 7.78869
3818000 7.79074
3819000 7.77996
3820000 7.76353
3821000 7.80389
3822000 7.8116
3823000 7.76335
3824000 7.76453
3825000 7.79555
3826000 7.80812
3827000 7.78057
3828000 7.77057
3829000 7.79366
3830000 7.77663
3831000 7.784
3832000 7.80864
3833000 7.78657
3834000 7.7616
3835000 7.77138
3836000 7.81737
3837000 7.80188
3838000 7.75589
3839000 7.77709
3840000 7.79419
3841000 7.79319
3842000 7.77877
3843000 7.77974
3844000 7.78214
3845000 7.75998
3846000 7.79674
3847000 7.80865
3848000 7.76156
3849000 7.75946
3850000 7.78555
3851000 7.81615
3852000 7.78915
3853000 7.76366
3854000 7.79271
3855000 7.78764
3856000 7.78826
3857000 7.79845
3858000 7.78892
3859000 7.77267
3860000 7.76681
3861000 7.8085
3862000 7.80516
3863000 7.75732
3864000 7.76944
3865000 7.7907
3866000 7.79694
3867000 7.77611
3868000 7.76655
3869000 7.7796
3870000 7.76252
3871000 7.78455
3872000 7.8004
3873000 7.76716
3874000 7.75872
3875000 7.77545
3876000 7.80363
3877000 7.782
3878000 7.75788
3879000 7.77892
3880000 7.77648
3881000 7.78485
3882000 7.79376
3883000 7.77667
3884000 7.76389
3885000 7.76803
3886000 7.80732
3887000 7.79787
3888000 7.75456
3889000 7.77113
3890000 7.78713
3891000 7.79152
3892000 7.7818
3893000 7.77653
3894000 7.77945
3895000 7.76699
3896000 7.79917
3897000 7.8125
3898000 7.77305
3899000 7.76525
3900000 7.78808
3901000 7.82027
3902000 7.79941
3903000 7.77015
3904000 7.7924
3905000 7.79383
3906000 7.79871
3907000 7.81049
3908000 7.79413
3909000 7.78124
3910000 7.7805
3911000 7.82342
3912000 7.81396
3913000 7.76911
3914000 7.78558
3915000 7.8032
3916000 7.80494
3917000 7.80224
3918000 7.79562
3919000 7.79604
3920000 7.78179
3921000 7.81606
3922000 7.82032
3923000 7.78105
3924000 7.78466
3925000 7.80055
3926000 7.82
3927000 7.80956
3928000 7.79062
3929000 7.80106
3930000 7.79559
3931000 7.821
3932000 7.82183
3933000 7.79012
3934000 7.78835
3935000 7.79866
3936000 7.81964
3937000 7.80917
3938000 7.78478
3939000 7.79524
3940000 7.79444
3941000 7.8177
3942000 7.81263
3943000 7.78727
3944000 7.79121
3945000 7.79613
3946000 7.81676
3947000 7.81434
3948000 7.78896
3949000 7.79572
3950000 7.7962
3951000 7.82503
3952000 7.82914
3953000 7.79657
3954000 7.79669
3955000 7.80954
3956000 7.83117
3957000 7.8193
3958000 7.79463
3959000 7.80624
3960000 7.80488
3961000 7.82032
3962000 7.82828
3963000 7.80232
3964000 7.79658
3965000 7.80198
3966000 7.83526
3967000 7.82102
3968000 7.78818
3969000 7.803
3970000 7.81009
3971000 7.81628
3972000 7.81665
3973000 7.80379
3974000 7.80254
3975000 7.79561
3976000 7.8226
3977000 7.82784
3978000 7.79373
3979000 7.79478
3980000 7.81056
3981000 7.83592
3982000 7.82546
3983000 7.79865
3984000 7.80903
3985000 7.81128
3986000 7.82758
3987000 7.8337
3988000 7.80567
3989000 7.80228
3990000 7.81192
3991000 7.84334
3992000 7.82836
3993000 7.79708
3994000 7.81622
3995000 7.82012
3996000 7.83392
3997000 7.83878
3998000 7.82039
3999000 7.81614
4000000 7.81781
4001000 7.84467
4002000 7.83828
4003000 7.80734
4004000 7.81727
4005000 7.82287
4006000 7.83908
4007000 7.82963
4008000 7.81103
4009000 7.81486
4010000 7.81329
4011000 7.83687
4012000 7.83744
4013000 7.80392
4014000 7.80689
4015000 7.81504
4016000 7.82749
4017000 7.82746
4018000 7.80947
4019000 7.8103
4020000 7.80837
4021000 7.83194
4022000 7.83793
4023000 7.8083
4024000 7.8044
4025000 7.81332
4026000 7.84517
4027000 7.83323
4028000 7.80068
4029000 7.81385
4030000 7.8175
4031000 7.8305
4032000 7.82418
4033000 7.80799
4034000 7.81134
4035000 7.80645
4036000 7.84005
4037000 7.84333
4038000 7.80588
4039000 7.80801
4040000 7.82308
4041000 7.83725
4042000 7.82691
4043000 7.81126
4044000 7.8189
4045000 7.81302
4046000 7.84111
4047000 7.84225
4048000 7.81248
4049000 7.81601
4050000 7.82763
4051000 7.85639
4052000 7.83645
4053000 7.81223
4054000 7.83381
4055000 7.82692
4056000 7.83372
4057000 7.84687
4058000 7.82641
4059000 7.81258
4060000 7.81408
4061000 7.85504
4062000 7.84243
4063000 7.79439
4064000 7.81275
4065000 7.8289
4066000 7.83396
4067000 7.82436
4068000 7.81328
4069000 7.82045
4070000 7.80403
4071000 7.83296
4072000 7.84853
4073000 7.80843
4074000 7.79931
4075000 7.82222
4076000 7.85017
4077000 7.82685
4078000 7.80344
4079000 7.83057
4080000 7.82206
4081000 7.82415
4082000 7.84275
4083000 7.82744
4084000 7.8048
4085000 7.80653
4086000 7.85079
4087000 7.8468
4088000 7.79226
4089000 7.80532
4090000 7.8303
4091000 7.84015
4092000 7.82302
4093000 7.81442
4094000 7.82343
4095000 7.80927
4096000 7.84281
4097000 7.85629
4098000 7.81532
4099000 7.80611
4100000 7.83005
4101000 7.86295
4102000 7.84122
4103000 7.81126
4104000 7.83597
4105000 7.83846
4106000 7.83616
4107000 7.8383
4108000 7.83244
4109000 7.82312
4110000 7.80945
4111000 7.85114
4112000 7.86569
4113000 7.81251
4114000 7.80995
4115000 7.84429
4116000 7.86219
4117000 7.82877
4118000 7.81491
4119000 7.84245
4120000 7.82649
4121000 7.8375
4122000 7.86053
4123000 7.83538
4124000 7.81219
4125000 7.825
4126000 7.87107
4127000 7.84733
4128000 7.80208
4129000 7.83642
4130000 7.847
4131000 7.83893
4132000 7.83895
4133000 7.84185
4134000 7.82999
4135000 7.81075
4136000 7.86018
4137000 7.87002
4138000 7.81463
4139000 7.81306
4140000 7.84882
4141000 7.87323
4142000 7.83087
4143000 7.81547
4144000 7.8512
4145000 7.83359
4146000 7.83567
4147000 7.85181
4148000 7.83749
4149000 7.81504
4150000 7.81465
4151000 7.86268
4152000 7.85488
4153000 7.80453
4154000 7.82009
4155000 7.84372
4156000 7.84938
4157000 7.83834
4158000 7.83231
4159000 7.8416
4160000 7.82678
4161000 7.84251
4162000 7.86169
4163000 7.83188
4164000 7.81383
4165000 7.82789
4166000 7.86032
4167000 7.84536
4168000 7.81046
4169000 7.83132
4170000 7.83729
4171000 7.85105
4172000 7.85375
4173000 7.83304
4174000 7.83154
4175000 7.83368
4176000 7.86661
4177000 7.86799
4178000 7.8294
4179000 7.83176
4180000 7.85167
4181000 7.86992
4182000 7.85815
4183000 7.84016
4184000 7.85038
4185000 7.84484
4186000 7.86931
4187000 7.87076
4188000 7.84034
4189000 7.84116
4190000 7.85094
4191000 7.87517
4192000 7.87214
4193000 7.83956
4194000 7.84704
4195000 7.85177
4196000 7.87505
4197000 7.8703
4198000 7.84319
4199000 7.84943
4200000 7.85632
4201000 7.88231
4202000 7.87569
4203000 7.84763
4204000 7.85762
4205000 7.86472
4206000 7.88809
4207000 7.89036
4208000 7.86136
4209000 7.86185
4210000 7.86964
4211000 7.88931
4212000 7.87939
4213000 7.85122
4214000 7.8603
4215000 7.86245
4216000 7.88214
4217000 7.88321
4218000 7.8606
4219000 7.85891
4220000 7.86233
4221000 7.88985
4222000 7.87861
4223000 7.85045
4224000 7.85709
4225000 7.86215
4226000 7.8831
4227000 7.87763
4228000 7.85664
4229000 7.86353
4230000 7.86092
4231000 7.88425
4232000 7.88847
4233000 7.85521
4234000 7.85377
4235000 7.86417
4236000 7.88679
4237000 7.8802
4238000 7.85492
4239000 7.86494
4240000 7.86536
4241000 7.88268
4242000 7.88262
4243000 7.8606
4244000 7.85853
4245000 7.86373
4246000 7.8974
4247000 7.89086
4248000 7.85389
4249000 7.86455
4250000 7.87435
4251000 7.89285
4252000 7.88173
4253000 7.86415
4254000 7.87325
4255000 7.86382
4256000 7.89193
4257000 7.90035
4258000 7.86318
4259000 7.85597
4260000 7.87381
4261000 7.90218
4262000 7.88265
4263000 7.85357
4264000 7.87317
4265000 7.87141
4266000 7.87902
4267000 7.88106
4268000 7.86717
4269000 7.86496
4270000 7.85753
4271000 7.89439
4272000 7.89776
4273000 7.8527
4274000 7.85699
4275000 7.87496
4276000 7.89338
4277000 7.87523
4278000 7.85393
4279000 7.87011
4280000 7.86118
4281000 7.87331
4282000 7.89007
4283000 7.86589
4284000 7.85079
4285000 7.85978
4286000 7.90123
4287000 7.8893
4288000 7.84575
4289000 7.86233
4290000 7.87728
4291000 7.88223
4292000 7.87474
4293000 7.86582
4294000 7.86798
4295000 7.85385
4296000 7.88606
4297000 7.89344
4298000 7.85433
4299000 7.85472
4300000 7.87449
4301000 7.89571
4302000 7.88118
4303000 7.8606
4304000 7.8741
4305000 7.87124
4306000 7.8927
4307000 7.90132
4308000 7.87416
4309000 7.86558
4310000 7.87661
4311000 7.90886
4312000 7.89768
4313000 7.86139
4314000 7.87344
4315000 7.88123
4316000 7.8934
4317000 7.88725
4318000 7.87146
4319000 7.87299
4320000 7.86556
4321000 7.89895
4322000 7.89994
4323000 7.86257
4324000 7.86344
4325000 7.87758
4326000 7.89952
4327000 7.88301
4328000 7.86491
4329000 7.87976
4330000 7.87272
4331000 7.90027
4332000 7.9113
4333000 7.87598
4334000 7.86596
4335000 7.88159
4336000 7.91138
4337000 7.89808
4338000 7.86541
4339000 7.88207
4340000 7.88704
4341000 7.89665
4342000 7.89499
4343000 7.88368
4344000 7.88158
4345000 7.87248
4346000 7.9046
4347000 7.90703
4348000 7.86979
4349000 7.87042
4350000 7.88749
4351000 7.90832
4352000 7.89791
4353000 7.87279
4354000 7.88361
4355000 7.88061
4356000 7.89789
4357000 7.90372
4358000 7.87803
4359000 7.87424
4360000 7.87698
4361000 7.91071
4362000 7.89901
4363000 7.86332
4364000 7.87627
4365000 7.88321
4366000 7.88877
4367000 7.88558
4368000 7.87466
4369000 7.87297
4370000 7.86569
4371000 7.89883
4372000 7.90497
4373000 7.86441
4374000 7.86328
4375000 7.87998
4376000 7.90622
4377000 7.88904
4378000 7.86048
4379000 7.88001
4380000 7.8805
4381000 7.8902
4382000 7.89566
4383000 7.87729
4384000 7.87169
4385000 7.86815
4386000 7.90335
4387000 7.89924
4388000 7.85725
4389000 7.86739
4390000 7.88496
4391000 7.8951
4392000 7.88016
4393000 7.87219
4394000 7.88569
4395000 7.86994
4396000 7.89511
4397000 7.9072
4398000 7.87459
4399000 7.86648
4400000 7.88032
4401000 7.91457
4402000 7.89837
4403000 7.86416
4404000 7.88176
4405000 7.88527
4406000 7.89404
4407000 7.8967
4408000 7.88048
4409000 7.87126
4410000 7.8681
4411000 7.91036
4412000 7.90417
4413000 7.85889
4414000 7.86852
4415000 7.88853
4416000 7.89361
4417000 7.87845
4418000 7.87357
4419000 7.88247
4420000 7.8629
4421000 7.89226
4422000 7.91748
4423000 7.87398
4424000 7.86098
4425000 7.88825
4426000 7.92004
4427000 7.89026
4428000 7.86482
4429000 7.89494
4430000 7.89076
4431000 7.89179
4432000 7.90265
4433000 7.89347
4434000 7.87735
4435000 7.87324
4436000 7.91626
4437000 7.91297
4438000 7.86569
4439000 7.87517
4440000 7.89975
4441000 7.91165
4442000 7.90835
4443000 7.89416
4444000 7.89896
4445000 7.88927
4446000 7.91965
4447000 7.92848
4448000 7.88836
4449000 7.88409
4450000 7.90382
4451000 7.92662
4452000 7.91106
4453000 7.88815
4454000 7.90402
4455000 7.9018
4456000 7.9158
4457000 7.91862
4458000 7.89496
4459000 7.89162
4460000 7.89295
4461000 7.92096
4462000 7.91529
4463000 7.8784
4464000 7.88422
4465000 7.89333
4466000 7.91081
4467000 7.90095
4468000 7.87576
4469000 7.88554
4470000 7.88367
4471000 7.90612
4472000 7.90724
4473000 7.87694
4474000 7.87722
4475000 7.88739
4476000 7.90998
4477000 7.90476
4478000 7.87803
4479000 7.88434
4480000 7.88737
4481000 7.90251
4482000 7.90408
4483000 7.88142
4484000 7.88159
4485000 7.88135
4486000 7.90838
4487000 7.90733
4488000 7.8774
4489000 7.88149
4490000 7.89026
4491000 7.90628
4492000 7.90877
4493000 7.88577
4494000 7.88265
4495000 7.8868
4496000 7.91801
4497000 7.90682
4498000 7.87575
4499000 7.89079
4500000 7.8972
4501000 7.91295
4502000 7.9084
4503000 7.89082
4504000 7.89246
4505000 7.88715
4506000 7.91166
4507000 7.91599
4508000 7.88504
4509000 7.8814
4510000 7.89215
4511000 7.91979
4512000 7.90132
4513000 7.87251
4514000 7.88959
4515000 7.8925
4516000 7.90211
4517000 7.90412
4518000 7.88395
4519000 7.88057
4520000 7.87893
4521000 7.91087
4522000 7.91208
4523000 7.87639
4524000 7.88329
4525000 7.89786
4526000 7.91399
4527000 7.90451
4528000 7.88541
4529000 7.89494
4530000 7.88814
4531000 7.91795
4532000 7.92064
4533000 7.88496
4534000 7.88405
4535000 7.89744
4536000 7.91868
4537000 7.90576
4538000 7.87877
4539000 7.89437
4540000 7.89
4541000 7.90875
4542000 7.90735
4543000 7.88499
4544000 7.88302
4545000 7.88417
4546000 7.91525
4547000 7.91485
4548000 7.88073
4549000 7.88383
4550000 7.89795
4551000 7.91926
4552000 7.90226
4553000 7.88236
4554000 7.89977
4555000 7.89304
4556000 7.9094
4557000 7.92048
4558000 7.89634
4559000 7.8834
4560000 7.88978
4561000 7.92624
4562000 7.91053
4563000 7.87454
4564000 7.89379
4565000 7.90043
4566000 7.89865
4567000 7.89842
4568000 7.8933
4569000 7.88389
4570000 7.87138
4571000 7.92016
4572000 7.92263
4573000 7.87137
4574000 7.87751
4575000 7.90727
4576000 7.92109
4577000 7.8932
4578000 7.8856
4579000 7.90887
4580000 7.88642
4581000 7.9007
4582000 7.93007
4583000 7.89785
4584000 7.87071
4585000 7.88915
4586000 7.93641
4587000 7.90768
4588000 7.86507
4589000 7.89907
4590000 7.90543
4591000 7.90769
4592000 7.91537
4593000 7.90502
4594000 7.89462
4595000 7.88838
4596000 7.92822
4597000 7.92608
4598000 7.87916
4599000 7.89191
4600000 7.91293
4601000 7.92793
4602000 7.91399
4603000 7.9009
4604000 7.91238
4605000 7.90377
4606000 7.92656
4607000 7.93871
4608000 7.90325
4609000 7.89485
4610000 7.91041
4611000 7.93898
4612000 7.91455
4613000 7.88527
4614000 7.90998
4615000 7.90854
4616000 7.91548
4617000 7.92766
4618000 7.91165
4619000 7.89765
4620000 7.89539
4621000 7.93769
4622000 7.93199
4623000 7.88551
4624000 7.89856
4625000 7.91858
4626000 7.93263
4627000 7.91408
4628000 7.90361
4629000 7.91336
4630000 7.89871
4631000 7.92593
4632000 7.94552
4633000 7.90614
4634000 7.89409
4635000 7.91582
4636000 7.94299
4637000 7.91626
4638000 7.88897
4639000 7.91441
4640000 7.90667
4641000 7.91574
4642000 7.93489
4643000 7.91358
4644000 7.89426
4645000 7.90212
4646000 7.94324
4647000 7.93058
4648000 7.88778
4649000 7.90877
4650000 7.92191
4651000 7.92059
4652000 7.91595
4653000 7.91228
4654000 7.91165
4655000 7.89334
4656000 7.93103
4657000 7.94307
4658000 7.89611
4659000 7.88934
4660000 7.91773
4661000 7.94977
4662000 7.91918
4663000 7.89043
4664000 7.91752
4665000 7.91371
4666000 7.91276
4667000 7.92237
4668000 7.91073
4669000 7.89934
4670000 7.89206
4671000 7.93685
4672000 7.93867
4673000 7.88928
4674000 7.8979
4675000 7.92731
4676000 7.94317
4677000 7.91167
4678000 7.90052
4679000 7.92299
4680000 7.90469
4681000 7.91875
4682000 7.94262
4683000 7.91374
4684000 7.89196
4685000 7.90851
4686000 7.95054
4687000 7.93191
4688000 7.89142
4689000 7.9171
4690000 7.92663
4691000 7.92733
4692000 7.92739
4693000 7.91936
4694000 7.91743
4695000 7.90344
4696000 7.93441
4697000 7.94879
4698000 7.90756
4699000 7.90093
4700000 7.92096
4701000 7.95154
4702000 7.93361
4703000 7.90215
4704000 7.92318
4705000 7.92755
4706000 7.93734
4707000 7.9362
4708000 7.9206
4709000 7.91539
4710000 7.90929
4711000 7.94172
4712000 7.93856
4713000 7.90247
4714000 7.9053
4715000 7.92008
4716000 7.93907
4717000 7.92812
4718000 7.9021
4719000 7.91594
4720000 7.91749
4721000 7.92533
4722000 7.93406
4723000 7.91672
4724000 7.90956
4725000 7.90708
4726000 7.94243
4727000 7.94415
4728000 7.90315
4729000 7.90645
4730000 7.92375
4731000 7.9422
4732000 7.92016
4733000 7.9021
4734000 7.91928
4735000 7.9066
4736000 7.92372
4737000 7.93818
4738000 7.91098
4739000 7.89825
4740000 7.91043
4741000 7.94898
4742000 7.93168
4743000 7.89456
4744000 7.91853
4745000 7.92771
4746000 7.93703
4747000 7.9363
4748000 7.92362
4749000 7.92255
4750000 7.91589
4751000 7.9456
4752000 7.95887
4753000 7.92055
4754000 7.91389
4755000 7.93944
4756000 7.96089
4757000 7.94199
4758000 7.91656
4759000 7.93545
4760000 7.92948
4761000 7.93492
4762000 7.944
4763000 7.92629
4764000 7.91668
4765000 7.91182
4766000 7.95112
4767000 7.95819
4768000 7.91105
4769000 7.91447
4770000 7.94156
4771000 7.9585
4772000 7.93371
4773000 7.92038
4774000 7.94368
4775000 7.92966
4776000 7.95432
4777000 7.97068
4778000 7.93661
4779000 7.92298
4780000 7.94006
4781000 7.97927
4782000 7.95322
4783000 7.91638
4784000 7.94569
4785000 7.94857
4786000 7.95034
4787000 7.95755
4788000 7.94618
4789000 7.93503
4790000 7.93181
4791000 7.97234
4792000 7.97262
4793000 7.92681
4794000 7.93152
4795000 7.95366
4796000 7.97207
4797000 7.95641
4798000 7.93852
4799000 7.95169
4800000 7.94289
4801000 7.96524
4802000 7.97727
4803000 7.94524
4804000 7.93773
4805000 7.95115
4806000 7.98566
4807000 7.967
4808000 7.93327
4809000 7.95278
4810000 7.95837
4811000 7.96799
4812000 7.97018
4813000 7.95418
4814000 7.94912
4815000 7.94642
4816000 7.98117
4817000 7.97791
4818000 7.937
4819000 7.94377
4820000 7.96318
4821000 7.97996
4822000 7.96419
4823000 7.9418
4824000 7.95651
4825000 7.94961
4826000 7.95799
4827000 7.96635
4828000 7.94662
4829000 7.93329
4830000 7.93549
4831000 7.97951
4832000 7.97864
4833000 7.93491
4834000 7.94056
4835000 7.9635
4836000 7.97969
4837000 7.96178
4838000 7.94488
4839000 7.95977
4840000 7.94921
4841000 7.96382
4842000 7.97114
4843000 7.94578
4844000 7.94051
4845000 7.94508
4846000 7.98628
4847000 7.98173
4848000 7.93634
4849000 7.94704
4850000 7.96654
4851000 7.97026
4852000 7.9598
4853000 7.95793
4854000 7.96475
4855000 7.94703
4856000 7.97388
4857000 7.98876
4858000 7.95032
4859000 7.94102
4860000 7.96136
4861000 7.99543
4862000 7.96997
4863000 7.93814
4864000 7.96462
4865000 7.96268
4866000 7.96879
4867000 7.97236
4868000 7.95763
4869000 7.94876
4870000 7.94396
4871000 7.98485
4872000 7.98723
4873000 7.94275
4874000 7.94753
4875000 7.9689
4876000 7.984
4877000 7.96461
4878000 7.95214
4879000 7.96493
4880000 7.95135
4881000 7.97056
4882000 7.98275
4883000 7.95295
4884000 7.94264
4885000 7.95606
4886000 7.99465
4887000 7.98284
4888000 7.94435
4889000 7.95979
4890000 7.96874
4891000 7.97746
4892000 7.9699
4893000 7.95665
4894000 7.95574
4895000 7.94567
4896000 7.97712
4897000 7.98601
4898000 7.94687
4899000 7.94533
4900000 7.96659
4901000 7.98954
4902000 7.97395
4903000 7.95224
4904000 7.96644
4905000 7.96511
4906000 7.98786
4907000 7.99015
4908000 7.96056
4909000 7.957
4910000 7.96508
4911000 7.98945
4912000 7.97826
4913000 7.94668
4914000 7.9556
4915000 7.95128
4916000 7.971
4917000 7.97364
4918000 7.9454
4919000 7.93931
4920000 7.94741
4921000 7.9789
4922000 7.96923
4923000 7.93775
4924000 7.95221
4925000 7.95957
4926000 7.97179
4927000 7.97363
4928000 7.95862
4929000 7.95317
4930000 7.95035
4931000 7.9884
4932000 7.98773
4933000 7.94036
4934000 7.94737
4935000 7.96704
4936000 7.9781
4937000 7.95611
4938000 7.94674
4939000 7.96098
4940000 7.9423
4941000 7.96693
4942000 7.98414
4943000 7.95017
4944000 7.94122
4945000 7.95854
4946000 7.99272
4947000 7.97946
4948000 7.94511
4949000 7.96569
4950000 7.96706
4951000 7.97498
4952000 7.9728
4953000 7.9589
4954000 7.95434
4955000 7.951
4956000 7.98743
4957000 7.98357
4958000 7.94129
4959000 7.94764
4960000 7.96321
4961000 7.98173
4962000 7.96649
4963000 7.94661
4964000 7.95887
4965000 7.94989
4966000 7.96162
4967000 7.97336
4968000 7.95391
4969000 7.93709
4970000 7.94393
4971000 7.98456
4972000 7.96613
4973000 7.92818
4974000 7.95273
4975000 7.96096
4976000 7.96005
4977000 7.96265
4978000 7.95721
4979000 7.95069
4980000 7.93545
4981000 7.97769
4982000 7.97954
4983000 7.93186
4984000 7.93377
4985000 7.96144
4986000 7.97788
4987000 7.9546
4988000 7.94096
4989000 7.96381
4990000 7.94911
4991000 7.95507
4992000 7.9806
4993000 7.95598
4994000 7.92858
4995000 7.93823
4996000 7.99096
4997000 7.97216
4998000 7.91774
4999000 7.94865
5000000 7.96899
5001000 7.96728
5002000 7.96131
5003000 7.96418
5004000 7.95963
5005000 7.94031
5006000 7.98186
5007000 7.99667
5008000 7.94264
5009000 7.93548
5010000 7.96826
5011000 7.98951
5012000 7.95768
5013000 7.93865
5014000 7.96577
5015000 7.95329
5016000 7.96309
5017000 7.9792
5018000 7.95769
5019000 7.9392
5020000 7.94603
5021000 7.99385
5022000 7.98547
5023000 7.93496
5024000 7.95198
5025000 7.97491
5026000 7.97655
5027000 7.95844
5028000 7.95893
5029000 7.97086
5030000 7.94604
5031000 7.97956
5032000 8.00532
5033000 7.95324
5034000 7.93728
5035000 7.96683
5036000 7.99802
5037000 7.96144
5038000 7.93579
5039000 7.97399
5040000 7.96622
5041000 7.96852
5042000 7.9888
5043000 7.97452
5044000 7.95031
5045000 7.95206
5046000 8.00658
5047000 7.99673
5048000 7.9381
5049000 7.96025
5050000 7.99
5051000 7.98504
5052000 7.96913
5053000 7.9764
5054000 7.98099
5055000 7.95131
5056000 7.99102
5057000 8.02128
5058000 7.96716
5059000 7.94707
5060000 7.98695
5061000 8.02051
5062000 7.9747
5063000 7.95003
5064000 7.99505
5065000 7.98256
5066000 7.97918
5067000 7.99958
5068000 7.99264
5069000 7.96245
5070000 7.95716
5071000 8.02285
5072000 8.01489
5073000 7.94726
5074000 7.96929
5075000 8.00711
5076000 7.99747
5077000 7.98085
5078000 7.98616
5079000 7.9902
5080000 7.96164
5081000 7.99091
5082000 8.01976
5083000 7.9721
5084000 7.95128
5085000 7.98144
5086000 8.01557
5087000 7.9821
5088000 7.95468
5089000 7.98898
5090000 7.98113
5091000 7.97919
5092000 7.99648
5093000 7.98906
5094000 7.96716
5095000 7.96171
5096000 8.02226
5097000 8.01714
5098000 7.95842
5099000 7.97617
5100000 8.00871
5101000 8.00543
5102000 7.98727
5103000 7.98693
5104000 7.99679
5105000 7.9684
5106000 7.99262
5107000 8.02171
5108000 7.981
5109000 7.95598
5110000 7.97972
5111000 8.03613
5112000 7.99359
5113000 7.94642
5114000 7.98721
5115000 7.99501
5116000 7.98674
5117000 7.98563
5118000 7.99209
5119000 7.97962
5120000 7.95828
5121000 8.00177
5122000 8.01867
5123000 7.96194
5124000 7.95697
5125000 7.99335
5126000 8.02178
5127000 7.98714
5128000 7.96866
5129000 8.00441
5130000 7.99259
5131000 7.9906
5132000 8.01569
5133000 8.0017
5134000 7.97057
5135000 7.97528
5136000 8.03028
5137000 8.01696
5138000 7.95886
5139000 7.9806
5140000 8.00736
5141000 8.01025
5142000 7.993
5143000 7.98842
5144000 8.00119
5145000 7.97829
5146000 8.0082
5147000 8.02731
5148000 7.9816
5149000 7.97009
5150000 7.99334
5151000 8.02174
5152000 7.99103
5153000 7.96695
5154000 7.99626
5155000 7.98469
5156000 7.98008
5157000 7.99709
5158000 7.98247
5159000 7.95924
5160000 7.95725
5161000 8.01301
5162000 8.0013
5163000 7.93841
5164000 7.9614
5165000 7.98652
5166000 7.98689
5167000 7.97698
5168000 7.97549
5169000 7.97897
5170000 7.95705
5171000 7.99192
5172000 8.00642
5173000 7.96031
5174000 7.95473
5175000 7.98268
5176000 8.00428
5177000 7.97882
5178000 7.96088
5179000 7.98375
5180000 7.97206
5181000 7.9863
5182000 8.00076
5183000 7.97988
5184000 7.95903
5185000 7.96551
5186000 8.01399
5187000 7.99343
5188000 7.94551
5189000 7.96922
5190000 7.98538
5191000 7.98212
5192000 7.97656
5193000 7.9743
5194000 7.97325
5195000 7.95616
5196000 7.99273
5197000 8.00402
5198000 7.95813
5199000 7.9561
5200000 7.98098
5201000 8.00653
5202000 7.98843
5203000 7.96692
5204000 7.98628
5205000 7.97713
5206000 7.98744
5207000 7.99728
5208000 7.97543
5209000 7.9609
5210000 7.96476
5211000 8.01304
5212000 8.00188
5213000 7.9523
5214000 7.96989
5215000 7.99158
5216000 7.99395
5217000 7.97811
5218000 7.97721
5219000 7.98588
5220000 7.96434
5221000 7.99208
5222000 8.02282
5223000 7.97981
5224000 7.95826
5225000 7.99012
5226000 8.02601
5227000 7.98422
5228000 7.95607
5229000 7.99507
5230000 7.98124
5231000 7.97851
5232000 8.0005
5233000 7.98724
5234000 7.95878
5235000 7.95973
5236000 8.02033
5237000 8.00764
5238000 7.94703
5239000 7.96821
5240000 8.00077
5241000 7.98979
5242000 7.96749
5243000 7.98376
5244000 7.99304
5245000 7.95216
5246000 7.98667
5247000 8.02836
5248000 7.97006
5249000 7.94013
5250000 7.98472
5251000 8.0324
5252000 7.98203
5253000 7.94787
5254000 8.00092
5255000 7.99373
5256000 7.97384
5257000 7.99963
5258000 8.00588
5259000 7.96928
5260000 7.95362
5261000 8.02408
5262000 8.02895
5263000 7.94722
5264000 7.96304
5265000 8.01377
5266000 8.00789
5267000 7.9628
5268000 7.97829
5269000 8.00813
5270000 7.96364
5271000 7.99089
5272000 8.0353
5273000 7.98828
5274000 7.9525
5275000 7.99032
5276000 8.04182
5277000 8.00114
5278000 7.95608
5279000 8.00606
5280000 8.00885
5281000 7.98471
5282000 7.99225
5283000 8.00619
5284000 7.98557
5285000 7.9541
5286000 8.01288
5287000 8.03348
5288000 7.95749
5289000 7.95322
5290000 8.0046
5291000 8.01873
5292000 7.97587
5293000 7.97225
5294000 8.006
5295000 7.97911
5296000 7.99288
5297000 8.02956
5298000 7.99745
5299000 7.96754
5300000 7.99182
5301000 8.05025
5302000 8.0179
5303000 7.96735
5304000 8.00676
5305000 8.02171
5306000 8.00811
5307000 7.9987
5308000 8.01048
5309000 8.00449
5310000 7.97255
5311000 8.01881
5312000 8.04504
5313000 7.98194
5314000 7.9704
5315000 8.01607
5316000 8.04254
5317000 7.99562
5318000 7.98088
5319000 8.02316
5320000 8.00124
5321000 7.99382
5322000 8.03285
5323000 8.02118
5324000 7.97955
5325000 7.98166
5326000 8.05683
5327000 8.04141
5328000 7.9664
5329000 7.9995
5330000 8.0409
5331000 8.02579
5332000 8.00073
5333000 8.01678
5334000 8.02721
5335000 7.98417
5336000 8.02274
5337000 8.05298
5338000 7.99804
5339000 7.97759
5340000 8.01587
5341000 8.05565
5342000 8.01849
5343000 7.98593
5344000 8.02815
5345000 8.02395
5346000 8.01068
5347000 8.0284
5348000 8.02947
5349000 8.00693
5350000 7.99353
5351000 8.0549
5352000 8.05906
5353000 7.99045
5354000 7.99918
5355000 8.04274
5356000 8.05084
5357000 8.0175
5358000 8.01385
5359000 8.03831
5360000 8.01235
5361000 8.02732
5362000 8.05876
5363000 8.02269
5364000 7.99394
5365000 8.01401
5366000 8.06779
5367000 8.04322
5368000 7.99401
5369000 8.029
5370000 8.04611
5371000 8.03328
5372000 8.03398
5373000 8.04114
5374000 8.02928
5375000 8.00434
5376000 8.05256
5377000 8.06386
5378000 8.00679
5379000 8.00593
5380000 8.04396
5381000 8.06896
5382000 8.036
5383000 8.01705
5384000 8.04708
5385000 8.03058
5386000 8.03656
5387000 8.06125
5388000 8.04237
5389000 8.01448
5390000 8.02184
5391000 8.08088
5392000 8.06463
5393000 8.00795
5394000 8.03776
5395000 8.06053
5396000 8.05581
5397000 8.04919
5398000 8.05146
5399000 8.05072
5400000 8.02794
5401000 8.06702
5402000 8.0832
5403000 8.03641
5404000 8.0282
5405000 8.05953
5406000 8.08285
5407000 8.05358
5408000 8.02956
5409000 8.05494
5410000 8.04241
5411000 8.05523
5412000 8.07139
5413000 8.0445
5414000 8.0302
5415000 8.03583
5416000 8.07905
5417000 8.06244
5418000 8.01924
5419000 8.04359
5420000 8.05432
5421000 8.05858
5422000 8.05586
5423000 8.04622
5424000 8.04411
5425000 8.03745
5426000 8.07924
5427000 8.08185
5428000 8.03491
5429000 8.03633
5430000 8.05815
5431000 8.06884
5432000 8.04572
5433000 8.03558
5434000 8.05244
5435000 8.03401
5436000 8.04791
5437000 8.06955
5438000 8.03643
5439000 8.0151
5440000 8.03099
5441000 8.07475
5442000 8.04995
5443000 8.01361
5444000 8.04292
5445000 8.0504
5446000 8.05109
5447000 8.05543
5448000 8.05171
5449000 8.04013
5450000 8.0262
5451000 8.07031
5452000 8.07355
5453000 8.02355
5454000 8.02415
5455000 8.05193
5456000 8.07216
5457000 8.05607
5458000 8.03249
5459000 8.04814
5460000 8.03722
5461000 8.05452
5462000 8.06414
5463000 8.03588
5464000 8.0242
5465000 8.03258
5466000 8.07227
5467000 8.06714
5468000 8.02438
5469000 8.0364
5470000 8.05664
5471000 8.0757
5472000 8.0546
5473000 8.03794
5474000 8.05872
5475000 8.04356
5476000 8.06304
5477000 8.08274
5478000 8.05223
5479000 8.03462
5480000 8.04902
5481000 8.09563
5482000 8.08186
5483000 8.03512
5484000 8.05428
5485000 8.06656
5486000 8.06836
5487000 8.06476
5488000 8.05812
5489000 8.05371
5490000 8.0464
5491000 8.08336
5492000 8.09732
5493000 8.04668
5494000 8.04579
5495000 8.0704
5496000 8.09045
5497000 8.07534
5498000 8.05242
5499000 8.06933
5500000 8.06283
5501000 8.07828
5502000 8.08609
5503000 8.06458
5504000 8.05555
5505000 8.05836
5506000 8.09354
5507000 8.08668
5508000 8.04312
5509000 8.05461
5510000 8.06753
5511000 8.07928
5512000 8.06916
5513000 8.05066
5514000 8.05358
5515000 8.04381
5516000 8.06876
5517000 8.07237
5518000 8.03863
5519000 8.03496
5520000 8.04761
5521000 8.07528
5522000 8.07187
5523000 8.0409
5524000 8.04913
5525000 8.05255
5526000 8.07025
5527000 8.06635
5528000 8.04112
5529000 8.04373
5530000 8.04744
5531000 8.07173
5532000 8.06751
5533000 8.03989
5534000 8.04536
5535000 8.04906
5536000 8.07872
5537000 8.07637
5538000 8.04568
5539000 8.04906
5540000 8.05659
5541000 8.0805
5542000 8.07443
5543000 8.04776
5544000 8.05389
5545000 8.05647
5546000 8.08037
5547000 8.07943
5548000 8.05125
5549000 8.0515
5550000 8.05679
5551000 8.09542
5552000 8.09163
5553000 8.04931
5554000 8.06013
5555000 8.07588
5556000 8.08119
5557000 8.07114
5558000 8.06254
5559000 8.0655
5560000 8.05327
5561000 8.07866
5562000 8.09242
5563000 8.05258
5564000 8.04237
5565000 8.05934
5566000 8.09917
5567000 8.07615
5568000 8.0397
5569000 8.06671
5570000 8.0696
5571000 8.06879
5572000 8.08133
5573000 8.0702
5574000 8.05687
5575000 8.05416
5576000 8.09827
5577000 8.09947
5578000 8.04944
5579000 8.05816
5580000 8.08108
5581000 8.09355
5582000 8.0778
5583000 8.05908
5584000 8.07188
5585000 8.06255
5586000 8.08706
5587000 8.09647
5588000 8.06191
5589000 8.05452
5590000 8.06868
5591000 8.1066
5592000 8.08381
5593000 8.05242
5594000 8.0761
5595000 8.07902
5596000 8.07889
5597000 8.08121
5598000 8.07208
5599000 8.06202
5600000 8.05138
5601000 8.09696
5602000 8.10702
5603000 8.0576
5604000 8.06072
5605000 8.08994
5606000 8.10362
5607000 8.07871
5608000 8.06316
5609000 8.0853
5610000 8.06557
5611000 8.08157
5612000 8.10089
5613000 8.0724
5614000 8.05199
5615000 8.06483
5616000 8.10335
5617000 8.08833
5618000 8.04647
5619000 8.06624
5620000 8.07494
5621000 8.08172
5622000 8.082
5623000 8.06737
5624000 8.06271
5625000 8.05853
5626000 8.09447
5627000 8.09038
5628000 8.04643
5629000 8.05728
5630000 8.07293
5631000 8.08947
5632000 8.07063
5633000 8.0542
5634000 8.06384
5635000 8.05413
5636000 8.07826
5637000 8.08688
5638000 8.05076
5639000 8.04776
5640000 8.05921
5641000 8.08738
5642000 8.08029
5643000 8.05144
5644000 8.06254
5645000 8.06921
5646000 8.08655
5647000 8.08897
5648000 8.06534
5649000 8.06284
5650000 8.06541
5651000 8.09995
5652000 8.09719
5653000 8.05681
5654000 8.06231
5655000 8.07742
5656000 8.09574
5657000 8.07898
5658000 8.05884
5659000 8.0692
5660000 8.05898
5661000 8.07997
5662000 8.08718
5663000 8.05216
5664000 8.05012
5665000 8.06107
5666000 8.08156
5667000 8.07445
5668000 8.05041
5669000 8.05866
5670000 8.05959
5671000 8.08395
5672000 8.08883
5673000 8.05661
5674000 8.05714
5675000 8.06428
5676000 8.09582
5677000 8.08725
5678000 8.05441
5679000 8.06309
5680000 8.07361
5681000 8.08779
5682000 8.08995
5683000 8.07051
5684000 8.06612
5685000 8.06441
5686000 8.09567
5687000 8.09242
5688000 8.05651
5689000 8.06338
5690000 8.07243
5691000 8.0985
5692000 8.08242
5693000 8.05958
5694000 8.07088
5695000 8.06733
5696000 8.08964
5697000 8.09523
5698000 8.06462
5699000 8.05992
5700000 8.06972
5701000 8.09812
5702000 8.09545
5703000 8.05972
5704000 8.07016
5705000 8.08226
5706000 8.09406
5707000 8.09344
5708000 8.07696
5709000 8.07303
5710000 8.07014
5711000 8.10141
5712000 8.10586
5713000 8.06802
5714000 8.06473
5715000 8.07844
5716000 8.10761
5717000 8.08934
5718000 8.06082
5719000 8.07767
5720000 8.07575
5721000 8.09171
5722000 8.08972
5723000 8.06964
5724000 8.06762
5725000 8.06245
5726000 8.10062
5727000 8.09688
5728000 8.05637
5729000 8.06555
5730000 8.08187
5731000 8.09555
5732000 8.07954
5733000 8.06175
5734000 8.06907
5735000 8.05695
5736000 8.08613
5737000 8.09429
5738000 8.05447
5739000 8.05395
5740000 8.07013
5741000 8.09989
5742000 8.08195
5743000 8.05463
5744000 8.07287
5745000 8.07113
5746000 8.08163
5747000 8.09309
5748000 8.07546
5749000 8.06267
5750000 8.06601
5751000 8.10407
5752000 8.09824
5753000 8.05469
5754000 8.06893
5755000 8.08434
5756000 8.10349
5757000 8.0928
5758000 8.07144
5759000 8.07901
5760000 8.07622
5761000 8.09364
5762000 8.09701
5763000 8.06675
5764000 8.06085
5765000 8.069
5766000 8.11283
5767000 8.10161
5768000 8.0558
5769000 8.07532
5770000 8.08908
5771000 8.09624
5772000 8.08433
5773000 8.07863
5774000 8.08178
5775000 8.0664
5776000 8.09797
5777000 8.10648
5778000 8.06705
5779000 8.06145
5780000 8.08246
5781000 8.10981
5782000 8.08967
5783000 8.06289
5784000 8.08237
5785000 8.07892
5786000 8.08708
5787000 8.09539
5788000 8.07424
5789000 8.06172
5790000 8.06196
5791000 8.10648
5792000 8.09658
5793000 8.05336
5794000 8.07068
5795000 8.08696
5796000 8.0929
5797000 8.08771
5798000 8.07807
5799000 8.08083
5800000 8.06756
5801000 8.10091
5802000 8.11316
5803000 8.07203
5804000 8.06582
5805000 8.08612
5806000 8.1209
5807000 8.09864
5808000 8.06377
5809000 8.08866
5810000 8.08977
5811000 8.09754
5812000 8.10349
5813000 8.08441
5814000 8.07291
5815000 8.07303
5816000 8.11399
5817000 8.10957
5818000 8.06199
5819000 8.07466
5820000 8.09268
5821000 8.0966
5822000 8.08806
5823000 8.08003
5824000 8.0832
5825000 8.06666
5826000 8.10188
5827000 8.11568
5828000 8.06725
5829000 8.06174
5830000 8.08759
5831000 8.11105
5832000 8.0836
5833000 8.06018
5834000 8.08328
5835000 8.07041
5836000 8.07945
5837000 8.09415
5838000 8.07406
5839000 8.05787
5840000 8.06518
5841000 8.10984
5842000 8.10179
5843000 8.05339
5844000 8.07179
5845000 8.09027
5846000 8.09896
5847000 8.08762
5848000 8.07784
5849000 8.08379
5850000 8.06984
5851000 8.09483
5852000 8.10686
5853000 8.07208
5854000 8.06165
5855000 8.07716
5856000 8.11427
5857000 8.09958
5858000 8.06103
5859000 8.0798
5860000 8.08595
5861000 8.0853
5862000 8.08996
5863000 8.07622
5864000 8.06707
5865000 8.05888
5866000 8.10287
5867000 8.10445
5868000 8.05398
5869000 8.06156
5870000 8.08647
5871000 8.10085
5872000 8.07753
5873000 8.06691
5874000 8.08653
5875000 8.06743
5876000 8.09071
5877000 8.11137
5878000 8.07852
5879000 8.0604
5880000 8.08078
5881000 8.11767
5882000 8.09438
5883000 8.05867
5884000 8.08289
5885000 8.08328
5886000 8.08947
5887000 8.08927
5888000 8.07562
5889000 8.07148
5890000 8.06269
5891000 8.0987
5892000 8.10922
5893000 8.06331
5894000 8.06223
5895000 8.08353
5896000 8.11201
5897000 8.09069
5898000 8.06392
5899000 8.08656
5900000 8.08299
5901000 8.09271
5902000 8.09532
5903000 8.07809
5904000 8.07033
5905000 8.0665
5906000 8.10981
5907000 8.11118
5908000 8.05938
5909000 8.06384
5910000 8.09092
5911000 8.10444
5912000 8.08175
5913000 8.06734
5914000 8.08489
5915000 8.0682
5916000 8.09121
5917000 8.11121
5918000 8.07553
5919000 8.06149
5920000 8.07581
5921000 8.11618
5922000 8.09131
5923000 8.05266
5924000 8.07607
5925000 8.08397
5926000 8.08447
5927000 8.08987
5928000 8.08104
5929000 8.06952
5930000 8.05849
5931000 8.10523
5932000 8.10348
5933000 8.04944
5934000 8.05963
5935000 8.08798
5936000 8.09698
5937000 8.07914
5938000 8.06847
5939000 8.08181
5940000 8.06495
5941000 8.09011
5942000 8.10515
5943000 8.06654
5944000 8.05581
5945000 8.07529
5946000 8.11086
5947000 8.08472
5948000 8.05658
5949000 8.08653
5950000 8.08114
5951000 8.08493
5952000 8.09926
5953000 8.08257
5954000 8.06554
5955000 8.06373
5956000 8.10443
5957000 8.09655
5958000 8.0525
5959000 8.06841
5960000 8.0829
5961000 8.09815
5962000 8.08767
5963000 8.0637
5964000 8.06753
5965000 8.06301
5966000 8.08805
5967000 8.09221
5968000 8.05834
5969000 8.06164
5970000 8.07288
5971000 8.09702
5972000 8.08543
5973000 8.06147
5974000 8.07171
5975000 8.0654
5976000 8.08839
5977000 8.09157
5978000 8.05849
5979000 8.05739
5980000 8.07013
5981000 8.09771
5982000 8.09287
5983000 8.0621
5984000 8.07161
5985000 8.07665
5986000 8.10144
5987000 8.10962
5988000 8.07468
5989000 8.07143
5990000 8.08337
5991000 8.11429
5992000 8.0968
5993000 8.06861
5994000 8.08808
5995000 8.08799
5996000 8.10597
5997000 8.11149
5998000 8.08879
5999000 8.08223
6000000 8.08688
6001000 8.12673
6002000 8.11958
6003000 8.07516
6004000 8.08892
6005000 8.10451
6006000 8.10798
6007000 8.10896
6008000 8.09625
6009000 8.0912
6010000 8.08008
6011000 8.12013
6012000 8.11557
6013000 8.07163
6014000 8.07903
6015000 8.09922
6016000 8.12564
6017000 8.10348
6018000 8.07791
6019000 8.09779
6020000 8.09701
6021000 8.10884
6022000 8.1105
6023000 8.09358
6024000 8.08944
6025000 8.08545
6026000 8.12622
6027000 8.12557
6028000 8.07532
6029000 8.08433
6030000 8.10367
6031000 8.12008
6032000 8.09949
6033000 8.08288
6034000 8.09721
6035000 8.08435
6036000 8.11144
6037000 8.12181
6038000 8.08514
6039000 8.07567
6040000 8.0898
6041000 8.12185
6042000 8.10944
6043000 8.07583
6044000 8.10057
6045000 8.10392
6046000 8.1153
6047000 8.11941
6048000 8.1027
6049000 8.09638
6050000 8.09376
6051000 8.13197
6052000 8.14117
6053000 8.09214
6054000 8.09382
6055000 8.12009
6056000 8.13337
6057000 8.11749
6058000 8.09415
6059000 8.11008
6060000 8.10109
6061000 8.11462
6062000 8.12811
6063000 8.09938
6064000 8.08687
6065000 8.09751
6066000 8.1355
6067000 8.12111
6068000 8.08339
6069000 8.10026
6070000 8.11161
6071000 8.11228
6072000 8.10915
6073000 8.09986
6074000 8.09748
6075000 8.08565
6076000 8.12378
6077000 8.13442
6078000 8.08641
6079000 8.08869
6080000 8.11348
6081000 8.14039
6082000 8.1127
6083000 8.09127
6084000 8.11648
6085000 8.10696
6086000 8.12264
6087000 8.13695
6088000 8.11499
6089000 8.09609
6090000 8.1025
6091000 8.14867
6092000 8.13752
6093000 8.09257
6094000 8.10822
6095000 8.12265
6096000 8.13515
6097000 8.1276
6098000 8.10763
6099000 8.11449
6100000 8.10804
6101000 8.14029
6102000 8.14627
6103000 8.10518
6104000 8.103
6105000 8.11995
6106000 8.14304
6107000 8.12939
6108000 8.10337
6109000 8.11618
6110000 8.11704
6111000 8.13114
6112000 8.13643
6113000 8.1155
6114000 8.10953
6115000 8.11287
6116000 8.14386
6117000 8.14636
6118000 8.10331
6119000 8.11073
6120000 8.12283
6121000 8.1429
6122000 8.13077
6123000 8.11295
6124000 8.12639
6125000 8.12081
6126000 8.14074
6127000 8.15403
6128000 8.12494
6129000 8.11069
6130000 8.12243
6131000 8.16602
6132000 8.14247
6133000 8.10166
6134000 8.12822
6135000 8.13774
6136000 8.13852
6137000 8.14264
6138000 8.13629
6139000 8.12932
6140000 8.11412
6141000 8.15839
6142000 8.1718
6143000 8.11541
6144000 8.11182
6145000 8.1454
6146000 8.16799
6147000 8.137
6148000 8.12243
6149000 8.149
6150000 8.13559
6151000 8.14398
6152000 8.16996
6153000 8.14521
6154000 8.12002
6155000 8.13075
6156000 8.17884
6157000 8.15767
6158000 8.10892
6159000 8.1389
6160000 8.15295
6161000 8.15438
6162000 8.14474
6163000 8.14064
6164000 8.13912
6165000 8.11772
6166000 8.15592
6167000 8.18252
6168000 8.12601
6169000 8.11093
6170000 8.15229
6171000 8.18581
6172000 8.14434
6173000 8.12032
6174000 8.15904
6175000 8.14515
6176000 8.14278
6177000 8.16737
6178000 8.15618
6179000 8.12507
6180000 8.12559
6181000 8.18774
6182000 8.17044
6183000 8.10996
6184000 8.13828
6185000 8.16682
6186000 8.16327
6187000 8.1486
6188000 8.1535
6189000 8.15676
6190000 8.13058
6191000 8.17508
6192000 8.19541
6193000 8.13806
6194000 8.12398
6195000 8.16428
6196000 8.19913
6197000 8.15574
6198000 8.13041
6199000 8.17459
6200000 8.16167
6201000 8.15622
6202000 8.17841
6203000 8.17259
6204000 8.1443
6205000 8.13827
6206000 8.20473
6207000 8.19652
6208000 8.12639
6209000 8.14775
6210000 8.18538
6211000 8.18241
6212000 8.15517
6213000 8.16009
6214000 8.1712
6215000 8.13689
6216000 8.16567
6217000 8.20011
6218000 8.15133
6219000 8.12646
6220000 8.16297
6221000 8.20795
6222000 8.16985
6223000 8.13576
6224000 8.18133
6225000 8.17769
6226000 8.16254
6227000 8.18263
6228000 8.18642
6229000 8.15452
6230000 8.13848
6231000 8.20233
6232000 8.20681
6233000 8.13266
6234000 8.14217
6235000 8.1873
6236000 8.18474
6237000 8.14842
6238000 8.15591
6239000 8.18109
6240000 8.1393
6241000 8.15954
6242000 8.1963
6243000 8.15867
6244000 8.12898
6245000 8.15725
6246000 8.21245
6247000 8.1796
6248000 8.13335
6249000 8.17793
6250000 8.18764
6251000 8.17371
6252000 8.18048
6253000 8.18727
6254000 8.17138
6255000 8.15041
6256000 8.20565
6257000 8.21911
6258000 8.15118
6259000 8.14628
6260000 8.18372
6261000 8.19938
6262000 8.16986
6263000 8.15652
6264000 8.17941
6265000 8.16089
6266000 8.17875
6267000 8.19654
6268000 8.16521
6269000 8.14594
6270000 8.15824
6271000 8.20485
6272000 8.18634
6273000 8.14196
6274000 8.16688
6275000 8.18245
6276000 8.17999
6277000 8.17742
6278000 8.17527
6279000 8.17007
6280000 8.14867
6281000 8.19666
6282000 8.20327
6283000 8.14599
6284000 8.14653
6285000 8.17867
6286000 8.19539
6287000 8.16926
6288000 8.15407
6289000 8.17736
6290000 8.15986
6291000 8.17521
6292000 8.19789
6293000 8.16896
6294000 8.14612
6295000 8.16062
6296000 8.21053
6297000 8.19515
6298000 8.14649
6299000 8.17268
6300000 8.19256
6301000 8.18831
6302000 8.18331
6303000 8.18393
6304000 8.18004
6305000 8.15924
6306000 8.19952
6307000 8.21643
6308000 8.16416
6309000 8.1483
6310000 8.1812
6311000 8.2047
6312000 8.16856
6313000 8.14623
6314000 8.17879
6315000 8.16748
6316000 8.17083
6317000 8.18854
6318000 8.17356
6319000 8.15459
6320000 8.15552
6321000 8.20697
6322000 8.20088
6323000 8.1477
6324000 8.16083
6325000 8.18488
6326000 8.19952
6327000 8.18267
6328000 8.1678
6329000 8.18107
6330000 8.16705
6331000 8.19078
6332000 8.20251
6333000 8.1686
6334000 8.15875
6335000 8.17444
6336000 8.20962
6337000 8.19882
6338000 8.16233
6339000 8.17902
6340000 8.18674
6341000 8.20102
6342000 8.19806
6343000 8.17871
6344000 8.17679
6345000 8.17557
