0 251343
1000 251263
2000 251140
3000 251102
4000 251070
5000 251125
6000 250974
7000 250748
8000 250546
9000 250316
10000 250217
11000 249899
12000 249586
13000 249323
14000 249022
15000 248845
16000 248537
17000 248226
18000 247956
19000 247658
20000 247517
21000 247209
22000 246912
23000 246685
24000 246460
25000 246398
26000 246127
27000 245912
28000 245717
29000 245556
30000 245511
31000 245325
32000 245135
33000 244985
34000 244877
35000 244878
36000 244729
37000 244566
38000 244475
39000 244392
40000 244425
41000 244330
42000 244207
43000 244128
44000 244066
45000 244114
46000 244009
47000 243903
48000 243843
49000 243790
50000 243832
51000 243753
52000 243671
53000 243600
54000 243542
55000 243599
56000 243523
57000 243430
58000 243373
59000 243337
60000 243402
61000 243329
62000 243244
63000 243183
64000 243141
65000 243222
66000 243154
67000 243090
68000 243061
69000 243023
70000 243089
71000 243010
72000 242947
73000 242911
74000 242875
75000 242943
76000 242889
77000 242810
78000 242791
79000 242780
80000 242858
81000 242809
82000 242748
83000 242717
84000 242676
85000 242763
86000 242710
87000 242672
88000 242637
89000 242605
90000 242681
91000 242646
92000 242596
93000 242579
94000 242557
95000 242624
96000 242577
97000 242526
98000 242504
99000 242485
100000 242574
101000 242540
102000 242486
103000 242468
104000 242445
105000 242556
106000 242518
107000 242456
108000 242438
109000 242427
110000 242504
111000 242456
112000 242400
113000 242385
114000 242373
115000 242449
116000 242410
117000 242332
118000 242306
119000 242280
120000 242362
121000 242318
122000 242271
123000 242249
124000 242212
125000 242291
126000 242233
127000 242167
128000 242136
129000 242111
130000 242156
131000 242115
132000 242054
133000 242020
134000 241987
135000 242058
136000 241999
137000 241948
138000 241927
139000 241896
140000 241943
141000 241888
142000 241838
143000 241804
144000 241779
145000 241828
146000 241783
147000 241731
148000 241704
149000 241685
150000 241742
151000 241705
152000 241655
153000 241632
154000 241617
155000 241672
156000 241624
157000 241574
158000 241564
159000 241555
160000 241630
161000 241585
162000 241550
163000 241535
164000 241524
165000 241581
166000 241543
167000 241500
168000 241483
169000 241477
170000 241574
171000 241525
172000 241480
173000 241472
174000 241467
175000 241560
176000 241518
177000 241475
178000 241468
179000 241453
180000 241529
181000 241482
182000 241438
183000 241418
184000 241407
185000 241485
186000 241459
187000 241413
188000 241403
189000 241396
190000 241463
191000 241435
192000 241398
193000 241382
194000 241381
195000 241468
196000 241435
197000 241388
198000 241377
199000 241367
200000 241439
201000 241413
202000 241367
203000 241359
204000 241350
205000 241439
206000 241404
207000 241371
208000 241356
209000 241353
210000 241419
211000 241403
212000 241369
213000 241363
214000 241360
215000 241445
216000 241424
217000 241381
218000 241366
219000 241360
220000 241434
221000 241401
222000 241350
223000 241338
224000 241325
225000 241416
226000 241386
227000 241345
228000 241327
229000 241317
230000 241390
231000 241362
232000 241326
233000 241320
234000 241308
235000 241406
236000 241376
237000 241343
238000 241331
239000 241324
240000 241398
241000 241368
242000 241336
243000 241328
244000 241314
245000 241404
246000 241380
247000 241331
248000 241322
249000 241318
250000 241395
251000 241369
252000 241338
253000 241332
254000 241329
255000 241409
256000 241380
257000 241343
258000 241328
259000 241321
260000 241421
261000 241391
262000 241349
263000 241344
264000 241343
265000 241430
266000 241403
267000 241370
268000 241362
269000 241359
270000 241433
271000 241391
272000 241353
273000 241345
274000 241347
275000 241425
276000 241392
277000 241356
278000 241343
279000 241343
280000 241427
281000 241395
282000 241349
283000 241334
284000 241332
285000 241399
286000 241367
287000 241333
288000 241318
289000 241312
290000 241384
291000 241351
292000 241319
293000 241312
294000 241304
295000 241372
296000 241350
297000 241305
298000 241297
299000 241290
300000 241363
301000 241337
302000 241311
303000 241304
304000 241296
305000 241351
306000 241314
307000 241276
308000 241269
309000 241266
310000 241331
311000 241301
312000 241269
313000 241262
314000 241256
315000 241311
316000 241284
317000 241256
318000 241250
319000 241245
320000 241334
321000 241300
322000 241264
323000 241254
324000 241249
325000 241330
326000 241298
327000 241251
328000 241239
329000 241235
330000 241309
331000 241280
332000 241242
333000 241227
334000 241217
335000 241296
336000 241254
337000 241214
338000 241211
339000 241203
340000 241287
341000 241258
342000 241221
343000 241211
344000 241203
345000 241271
346000 241248
347000 241223
348000 241216
349000 241212
350000 241288
351000 241255
352000 241217
353000 241210
354000 241193
355000 241259
356000 241230
357000 241202
358000 241191
359000 241184
360000 241261
361000 241231
362000 241187
363000 241176
364000 241173
365000 241262
366000 241236
367000 241184
368000 241170
369000 241167
370000 241245
371000 241222
372000 241174
373000 241161
374000 241154
375000 241255
376000 241221
377000 241179
378000 241165
379000 241162
380000 241248
381000 241212
382000 241167
383000 241156
384000 241153
385000 241247
386000 241219
387000 241188
388000 241177
389000 241172
390000 241263
391000 241231
392000 241186
393000 241167
394000 241174
395000 241245
396000 241216
397000 241167
398000 241158
399000 241154
400000 241240
401000 241216
402000 241171
403000 241158
404000 241146
405000 241241
406000 241214
407000 241169
408000 241154
409000 241149
410000 241223
411000 241195
412000 241175
413000 241160
414000 241153
415000 241216
416000 241183
417000 241142
418000 241135
419000 241138
420000 241223
421000 241189
422000 241149
423000 241131
424000 241123
425000 241191
426000 241172
427000 241137
428000 241127
429000 241123
430000 241190
431000 241154
432000 241114
433000 241101
434000 241092
435000 241160
436000 241129
437000 241089
438000 241076
439000 241071
440000 241158
441000 241122
442000 241066
443000 241050
444000 241046
445000 241123
446000 241094
447000 241050
448000 241039
449000 241035
450000 241104
451000 241068
452000 241030
453000 241018
454000 241016
455000 241097
456000 241074
457000 241036
458000 241018
459000 241010
460000 241086
461000 241055
462000 241021
463000 241007
464000 241007
465000 241052
466000 241019
467000 240975
468000 240962
469000 240959
470000 241047
471000 241024
472000 240982
473000 240976
474000 240967
475000 241044
476000 241016
477000 240976
478000 240957
479000 240946
480000 241028
481000 240998
482000 240962
483000 240950
484000 240941
485000 241009
486000 240965
487000 240915
488000 240897
489000 240889
490000 240963
491000 240925
492000 240881
493000 240870
494000 240861
495000 240931
496000 240906
497000 240867
498000 240855
499000 240844
500000 240918
501000 240884
502000 240845
503000 240826
504000 240814
505000 240896
506000 240865
507000 240811
508000 240793
509000 240787
510000 240855
511000 240837
512000 240793
513000 240780
514000 240769
515000 240841
516000 240806
517000 240765
518000 240743
519000 240739
520000 240807
521000 240783
522000 240731
523000 240723
524000 240720
525000 240801
526000 240763
527000 240721
528000 240705
529000 240697
530000 240763
531000 240742
532000 240703
533000 240684
534000 240677
535000 240738
536000 240709
537000 240663
538000 240653
539000 240645
540000 240710
541000 240670
542000 240626
543000 240615
544000 240604
545000 240684
546000 240647
547000 240593
548000 240573
549000 240568
550000 240628
551000 240604
552000 240570
553000 240560
554000 240542
555000 240607
556000 240582
557000 240540
558000 240530
559000 240522
560000 240588
561000 240563
562000 240530
563000 240517
564000 240507
565000 240592
566000 240548
567000 240507
568000 240489
569000 240475
570000 240541
571000 240496
572000 240456
573000 240445
574000 240445
575000 240525
576000 240498
577000 240463
578000 240452
579000 240447
580000 240507
581000 240480
582000 240434
583000 240422
584000 240417
585000 240474
586000 240432
587000 240393
588000 240382
589000 240361
590000 240431
591000 240403
592000 240360
593000 240349
594000 240337
595000 240413
596000 240377
597000 240338
598000 240324
599000 240311
600000 240370
601000 240340
602000 240296
603000 240268
604000 240263
605000 240347
606000 240314
607000 240271
608000 240258
609000 240257
610000 240335
611000 240307
612000 240272
613000 240264
614000 240260
615000 240342
616000 240303
617000 240252
618000 240236
619000 240234
620000 240308
621000 240255
622000 240216
623000 240203
624000 240187
625000 240254
626000 240217
627000 240186
628000 240185
629000 240177
630000 240245
631000 240216
632000 240176
633000 240160
634000 240152
635000 240208
636000 240176
637000 240124
638000 240114
639000 240100
640000 240161
641000 240112
642000 240081
643000 240076
644000 240060
645000 240116
646000 240087
647000 240054
648000 240044
649000 240039
650000 240115
651000 240080
652000 240041
653000 240024
654000 240014
655000 240075
656000 240027
657000 239991
658000 239978
659000 239973
660000 240045
661000 240009
662000 239962
663000 239954
664000 239942
665000 240017
666000 239971
667000 239929
668000 239911
669000 239906
670000 239981
671000 239956
672000 239914
673000 239898
674000 239893
675000 239982
676000 239941
677000 239906
678000 239887
679000 239880
680000 239959
681000 239923
682000 239876
683000 239864
684000 239855
685000 239929
686000 239893
687000 239867
688000 239849
689000 239836
690000 239903
691000 239873
692000 239842
693000 239824
694000 239822
695000 239895
696000 239854
697000 239801
698000 239800
699000 239786
700000 239845
701000 239821
702000 239774
703000 239754
704000 239744
705000 239816
706000 239785
707000 239752
708000 239737
709000 239727
710000 239804
711000 239763
712000 239712
713000 239707
714000 239693
715000 239760
716000 239724
717000 239680
718000 239670
719000 239665
720000 239711
721000 239689
722000 239651
723000 239632
724000 239623
725000 239696
726000 239661
727000 239624
728000 239602
729000 239598
730000 239691
731000 239643
732000 239589
733000 239576
734000 239578
735000 239653
736000 239618
737000 239576
738000 239553
739000 239537
740000 239581
741000 239545
742000 239506
743000 239490
744000 239481
745000 239533
746000 239499
747000 239459
748000 239452
749000 239451
750000 239520
751000 239492
752000 239451
753000 239438
754000 239432
755000 239489
756000 239449
757000 239413
758000 239396
759000 239389
760000 239464
761000 239432
762000 239388
763000 239370
764000 239353
765000 239422
766000 239374
767000 239333
768000 239316
769000 239305
770000 239382
771000 239346
772000 239290
773000 239276
774000 239263
775000 239345
776000 239313
777000 239271
778000 239251
779000 239240
780000 239312
781000 239269
782000 239223
783000 239208
784000 239202
785000 239264
786000 239228
787000 239186
788000 239170
789000 239149
790000 239230
791000 239216
792000 239162
793000 239147
794000 239137
795000 239206
796000 239174
797000 239138
798000 239123
799000 239110
800000 239206
801000 239184
802000 239148
803000 239139
804000 239128
805000 239196
806000 239146
807000 239099
808000 239085
809000 239076
810000 239143
811000 239108
812000 239052
813000 239041
814000 239031
815000 239093
816000 239052
817000 239007
818000 238986
819000 238974
820000 239048
821000 239017
822000 238971
823000 238950
824000 238938
825000 238994
826000 238959
827000 238914
828000 238900
829000 238893
830000 238973
831000 238939
832000 238904
833000 238892
834000 238888
835000 238971
836000 238928
837000 238887
838000 238876
839000 238868
840000 238963
841000 238931
842000 238884
843000 238880
844000 238876
845000 238949
846000 238912
847000 238869
848000 238850
849000 238847
850000 238918
851000 238884
852000 238855
853000 238841
854000 238837
855000 238896
856000 238865
857000 238825
858000 238814
859000 238808
860000 238867
861000 238827
862000 238794
863000 238785
864000 238769
865000 238833
866000 238809
867000 238767
868000 238750
869000 238737
870000 238803
871000 238765
872000 238711
873000 238691
874000 238675
875000 238745
876000 238716
877000 238678
878000 238666
879000 238654
880000 238728
881000 238696
882000 238660
883000 238645
884000 238637
885000 238722
886000 238682
887000 238653
888000 238638
889000 238623
890000 238684
891000 238641
892000 238591
893000 238582
894000 238575
895000 238637
896000 238612
897000 238575
898000 238569
899000 238559
900000 238635
901000 238598
902000 238546
903000 238532
904000 238520
905000 238573
906000 238546
907000 238504
908000 238490
909000 238479
910000 238555
911000 238527
912000 238481
913000 238472
914000 238461
915000 238551
916000 238516
917000 238469
918000 238445
919000 238430
920000 238505
921000 238476
922000 238428
923000 238410
924000 238393
925000 238447
926000 238409
927000 238363
928000 238339
929000 238325
930000 238396
931000 238364
932000 238329
933000 238319
934000 238306
935000 238370
936000 238345
937000 238311
938000 238292
939000 238285
940000 238345
941000 238306
942000 238272
943000 238256
944000 238247
945000 238321
946000 238279
947000 238232
948000 238227
949000 238222
950000 238278
951000 238243
952000 238202
953000 238177
954000 238175
955000 238236
956000 238211
957000 238187
958000 238183
959000 238168
960000 238239
961000 238210
962000 238162
963000 238149
964000 238145
965000 238208
966000 238172
967000 238120
968000 238099
969000 238086
970000 238162
971000 238121
972000 238075
973000 238063
974000 238056
975000 238130
976000 238087
977000 238041
978000 238017
979000 238006
980000 238079
981000 238050
982000 238003
983000 237994
984000 237982
985000 238043
986000 238005
987000 237962
988000 237949
989000 237945
990000 238013
991000 237973
992000 237935
993000 237912
994000 237899
995000 237970
996000 237941
997000 237896
998000 237875
999000 237864
1000000 237929
1001000 237883
1002000 237836
1003000 237818
1004000 237811
1005000 237879
1006000 237851
1007000 237822
1008000 237810
1009000 237804
1010000 237874
1011000 237842
1012000 237791
1013000 237771
1014000 237766
1015000 237830
1016000 237795
1017000 237745
1018000 237721
1019000 237708
1020000 237786
1021000 237748
1022000 237700
1023000 237680
1024000 237667
1025000 237748
1026000 237725
1027000 237688
1028000 237677
1029000 237669
1030000 237728
1031000 237697
1032000 237643
1033000 237629
1034000 237621
1035000 237696
1036000 237667
1037000 237611
1038000 237606
1039000 237594
1040000 237651
1041000 237620
1042000 237569
1043000 237555
1044000 237541
1045000 237625
1046000 237587
1047000 237544
1048000 237530
1049000 237522
1050000 237598
1051000 237564
1052000 237529
1053000 237513
1054000 237507
1055000 237593
1056000 237560
1057000 237521
1058000 237508
1059000 237504
1060000 237580
1061000 237547
1062000 237495
1063000 237480
1064000 237476
1065000 237535
1066000 237489
1067000 237442
1068000 237432
1069000 237425
1070000 237488
1071000 237456
1072000 237413
1073000 237395
1074000 237384
1075000 237447
1076000 237418
1077000 237380
1078000 237367
1079000 237354
1080000 237426
1081000 237397
1082000 237352
1083000 237339
1084000 237338
1085000 237402
1086000 237372
1087000 237336
1088000 237316
1089000 237303
1090000 237373
1091000 237345
1092000 237283
1093000 237270
1094000 237252
1095000 237326
1096000 237298
1097000 237264
1098000 237262
1099000 237257
1100000 237292
1101000 237258
1102000 237226
1103000 237206
1104000 237200
1105000 237288
1106000 237248
1107000 237217
1108000 237198
1109000 237190
1110000 237246
1111000 237206
1112000 237145
1113000 237127
1114000 237106
1115000 237167
1116000 237121
1117000 237078
1118000 237068
1119000 237051
1120000 237111
1121000 237078
1122000 237049
1123000 237029
1124000 237019
1125000 237082
1126000 237047
1127000 237003
1128000 236991
1129000 236986
1130000 237067
1131000 237035
1132000 237000
1133000 236981
1134000 236975
1135000 237034
1136000 237000
1137000 236957
1138000 236949
1139000 236931
1140000 237006
1141000 236975
1142000 236919
1143000 236897
1144000 236888
1145000 236968
1146000 236929
1147000 236883
1148000 236870
1149000 236863
1150000 236924
1151000 236889
1152000 236848
1153000 236845
1154000 236835
1155000 236899
1156000 236878
1157000 236834
1158000 236821
1159000 236817
1160000 236884
1161000 236850
1162000 236793
1163000 236778
1164000 236771
1165000 236862
1166000 236821
1167000 236780
1168000 236759
1169000 236737
1170000 236796
1171000 236748
1172000 236710
1173000 236687
1174000 236676
1175000 236740
1176000 236705
1177000 236670
1178000 236650
1179000 236644
1180000 236694
1181000 236662
1182000 236630
1183000 236606
1184000 236600
1185000 236666
1186000 236636
1187000 236602
1188000 236588
1189000 236577
1190000 236646
1191000 236618
1192000 236593
1193000 236586
1194000 236576
1195000 236646
1196000 236625
1197000 236592
1198000 236574
1199000 236562
1200000 236632
1201000 236594
1202000 236539
1203000 236526
1204000 236519
1205000 236595
1206000 236560
1207000 236512
1208000 236497
1209000 236486
1210000 236562
1211000 236523
1212000 236476
1213000 236456
1214000 236445
1215000 236499
1216000 236472
1217000 236427
1218000 236419
1219000 236398
1220000 236479
1221000 236429
1222000 236375
1223000 236369
1224000 236348
1225000 236425
1226000 236386
1227000 236351
1228000 236334
1229000 236331
1230000 236409
1231000 236364
1232000 236324
1233000 236310
1234000 236302
1235000 236352
1236000 236332
1237000 236300
1238000 236284
1239000 236281
1240000 236337
1241000 236314
1242000 236278
1243000 236258
1244000 236252
1245000 236331
1246000 236304
1247000 236267
1248000 236259
1249000 236245
1250000 236325
1251000 236302
1252000 236274
1253000 236255
1254000 236245
1255000 236317
1256000 236282
1257000 236231
1258000 236227
1259000 236219
1260000 236301
1261000 236263
1262000 236218
1263000 236207
1264000 236198
1265000 236264
1266000 236222
1267000 236173
1268000 236158
1269000 236149
1270000 236225
1271000 236183
1272000 236144
1273000 236131
1274000 236122
1275000 236190
1276000 236154
1277000 236110
1278000 236089
1279000 236079
1280000 236152
1281000 236120
1282000 236076
1283000 236069
1284000 236066
1285000 236132
1286000 236096
1287000 236058
1288000 236045
1289000 236039
1290000 236086
1291000 236048
1292000 236008
1293000 236000
1294000 235984
1295000 236056
1296000 236018
1297000 235968
1298000 235955
1299000 235943
1300000 236003
1301000 235968
1302000 235940
1303000 235928
1304000 235919
1305000 235987
1306000 235942
1307000 235895
1308000 235886
1309000 235876
1310000 235961
1311000 235932
1312000 235875
1313000 235858
1314000 235847
1315000 235912
1316000 235883
1317000 235832
1318000 235805
1319000 235788
1320000 235840
1321000 235811
1322000 235764
1323000 235750
1324000 235741
1325000 235823
1326000 235791
1327000 235747
1328000 235735
1329000 235732
1330000 235796
1331000 235761
1332000 235717
1333000 235694
1334000 235686
1335000 235770
1336000 235739
1337000 235698
1338000 235689
1339000 235678
1340000 235747
1341000 235719
1342000 235695
1343000 235677
1344000 235665
1345000 235707
1346000 235681
1347000 235643
1348000 235627
1349000 235616
1350000 235693
1351000 235653
1352000 235604
1353000 235598
1354000 235592
1355000 235653
1356000 235628
1357000 235578
1358000 235568
1359000 235567
1360000 235645
1361000 235606
1362000 235566
1363000 235551
1364000 235543
1365000 235606
1366000 235557
1367000 235500
1368000 235488
1369000 235483
1370000 235543
1371000 235492
1372000 235442
1373000 235426
1374000 235413
1375000 235488
1376000 235449
1377000 235407
1378000 235392
1379000 235380
1380000 235459
1381000 235430
1382000 235389
1383000 235377
1384000 235363
1385000 235445
1386000 235420
1387000 235378
1388000 235363
1389000 235351
1390000 235413
1391000 235385
1392000 235347
1393000 235336
1394000 235330
1395000 235398
1396000 235376
1397000 235341
1398000 235321
1399000 235306
1400000 235381
1401000 235345
1402000 235321
1403000 235307
1404000 235307
1405000 235398
1406000 235361
1407000 235324
1408000 235309
1409000 235299
1410000 235364
1411000 235322
1412000 235264
1413000 235248
1414000 235240
1415000 235314
1416000 235269
1417000 235220
1418000 235198
1419000 235178
1420000 235223
1421000 235193
1422000 235145
1423000 235123
1424000 235111
1425000 235186
1426000 235146
1427000 235105
1428000 235082
1429000 235066
1430000 235138
1431000 235117
1432000 235081
1433000 235067
1434000 235056
1435000 235138
1436000 235107
1437000 235067
1438000 235054
1439000 235039
1440000 235115
1441000 235089
1442000 235050
1443000 235042
1444000 235039
1445000 235118
1446000 235095
1447000 235042
1448000 235033
1449000 235028
1450000 235092
1451000 235075
1452000 235036
1453000 235016
1454000 235014
1455000 235101
1456000 235065
1457000 235028
1458000 235022
1459000 235014
1460000 235097
1461000 235059
1462000 235012
1463000 234997
1464000 234997
1465000 235069
1466000 235030
1467000 234993
1468000 234979
1469000 234979
1470000 235053
1471000 235016
1472000 234968
1473000 234948
1474000 234936
1475000 235003
1476000 234964
1477000 234919
1478000 234902
1479000 234894
1480000 234977
1481000 234955
1482000 234899
1483000 234884
1484000 234873
1485000 234945
1486000 234909
1487000 234874
1488000 234863
1489000 234857
1490000 234934
1491000 234918
1492000 234869
1493000 234863
1494000 234861
1495000 234945
1496000 234911
1497000 234886
1498000 234880
1499000 234870
1500000 234964
1501000 234926
1502000 234890
1503000 234876
1504000 234868
1505000 234931
1506000 234896
1507000 234866
1508000 234852
1509000 234842
1510000 234921
1511000 234898
1512000 234858
1513000 234840
1514000 234827
1515000 234894
1516000 234859
1517000 234812
1518000 234790
1519000 234773
1520000 234851
1521000 234824
1522000 234781
1523000 234763
1524000 234744
1525000 234828
1526000 234803
1527000 234759
1528000 234756
1529000 234741
1530000 234822
1531000 234802
1532000 234771
1533000 234764
1534000 234755
1535000 234829
1536000 234791
1537000 234756
1538000 234743
1539000 234736
1540000 234829
1541000 234796
1542000 234745
1543000 234728
1544000 234717
1545000 234785
1546000 234757
1547000 234720
1548000 234704
1549000 234696
1550000 234765
1551000 234741
1552000 234702
1553000 234695
1554000 234694
1555000 234773
1556000 234740
1557000 234697
1558000 234684
1559000 234668
1560000 234739
1561000 234710
1562000 234651
1563000 234640
1564000 234626
1565000 234703
1566000 234672
1567000 234643
1568000 234626
1569000 234618
1570000 234672
1571000 234643
1572000 234597
1573000 234576
1574000 234566
1575000 234640
1576000 234609
1577000 234569
1578000 234552
1579000 234545
1580000 234604
1581000 234575
1582000 234530
1583000 234525
1584000 234510
1585000 234572
1586000 234534
1587000 234505
1588000 234500
1589000 234492
1590000 234571
1591000 234541
1592000 234500
1593000 234488
1594000 234473
1595000 234553
1596000 234522
1597000 234488
1598000 234476
1599000 234469
1600000 234551
1601000 234526
1602000 234473
1603000 234464
1604000 234459
1605000 234524
1606000 234492
1607000 234452
1608000 234441
1609000 234433
1610000 234513
1611000 234484
1612000 234436
1613000 234424
1614000 234402
1615000 234491
1616000 234456
1617000 234415
1618000 234393
1619000 234374
1620000 234451
1621000 234411
1622000 234359
1623000 234348
1624000 234335
1625000 234415
1626000 234374
1627000 234327
1628000 234314
1629000 234312
1630000 234396
1631000 234364
1632000 234330
1633000 234315
1634000 234306
1635000 234383
1636000 234361
1637000 234308
1638000 234298
1639000 234291
1640000 234382
1641000 234342
1642000 234300
1643000 234287
1644000 234280
1645000 234352
1646000 234322
1647000 234261
1648000 234242
1649000 234230
1650000 234290
1651000 234256
1652000 234232
1653000 234223
1654000 234218
1655000 234290
1656000 234248
1657000 234212
1658000 234209
1659000 234202
1660000 234293
1661000 234265
1662000 234219
1663000 234209
1664000 234202
1665000 234262
1666000 234228
1667000 234204
1668000 234190
1669000 234173
1670000 234250
1671000 234222
1672000 234180
1673000 234167
1674000 234164
1675000 234241
1676000 234199
1677000 234150
1678000 234137
1679000 234125
1680000 234197
1681000 234165
1682000 234121
1683000 234101
1684000 234087
1685000 234140
1686000 234108
1687000 234070
1688000 234059
1689000 234048
1690000 234124
1691000 234086
1692000 234042
1693000 234023
1694000 234014
1695000 234084
1696000 234055
1697000 234016
1698000 234003
1699000 233990
1700000 234049
1701000 234016
1702000 233981
1703000 233958
1704000 233957
1705000 234024
1706000 233998
1707000 233965
1708000 233939
1709000 233929
1710000 233993
1711000 233963
1712000 233921
1713000 233904
1714000 233886
1715000 233960
1716000 233931
1717000 233899
1718000 233880
1719000 233869
1720000 233945
1721000 233921
1722000 233875
1723000 233866
1724000 233852
1725000 233933
1726000 233899
1727000 233850
1728000 233832
1729000 233818
1730000 233880
1731000 233848
1732000 233794
1733000 233780
1734000 233765
1735000 233842
1736000 233814
1737000 233788
1738000 233770
1739000 233759
1740000 233834
1741000 233807
1742000 233757
1743000 233747
1744000 233737
1745000 233822
1746000 233797
1747000 233758
1748000 233740
1749000 233730
1750000 233798
1751000 233773
1752000 233727
1753000 233710
1754000 233708
1755000 233783
1756000 233752
1757000 233726
1758000 233721
1759000 233710
1760000 233777
1761000 233741
1762000 233694
1763000 233682
1764000 233680
1765000 233760
1766000 233725
1767000 233688
1768000 233667
1769000 233658
1770000 233722
1771000 233684
1772000 233625
1773000 233613
1774000 233603
1775000 233676
1776000 233633
1777000 233602
1778000 233591
1779000 233581
1780000 233654
1781000 233622
1782000 233581
1783000 233577
1784000 233568
1785000 233654
1786000 233625
1787000 233581
1788000 233571
1789000 233563
1790000 233623
1791000 233585
1792000 233544
1793000 233528
1794000 233523
1795000 233606
1796000 233582
1797000 233546
1798000 233536
1799000 233536
1800000 233621
1801000 233602
1802000 233546
1803000 233537
1804000 233539
1805000 233617
1806000 233587
1807000 233549
1808000 233537
1809000 233528
1810000 233600
1811000 233568
1812000 233527
1813000 233507
1814000 233492
1815000 233567
1816000 233541
1817000 233498
1818000 233485
1819000 233473
1820000 233557
1821000 233520
1822000 233465
1823000 233452
1824000 233439
1825000 233546
1826000 233515
1827000 233465
1828000 233453
1829000 233445
1830000 233522
1831000 233499
1832000 233451
1833000 233433
1834000 233424
1835000 233509
1836000 233492
1837000 233457
1838000 233451
1839000 233439
1840000 233515
1841000 233488
1842000 233447
1843000 233440
1844000 233440
1845000 233546
1846000 233518
1847000 233487
1848000 233479
1849000 233474
1850000 233543
1851000 233513
1852000 233463
1853000 233448
1854000 233437
1855000 233503
1856000 233475
1857000 233431
1858000 233424
1859000 233415
1860000 233495
1861000 233466
1862000 233425
1863000 233412
1864000 233402
1865000 233478
1866000 233449
1867000 233408
1868000 233388
1869000 233384
1870000 233452
1871000 233411
1872000 233380
1873000 233357
1874000 233339
1875000 233424
1876000 233394
1877000 233356
1878000 233348
1879000 233333
1880000 233392
1881000 233357
1882000 233307
1883000 233286
1884000 233278
1885000 233336
1886000 233302
1887000 233267
1888000 233257
1889000 233245
1890000 233318
1891000 233300
1892000 233260
1893000 233248
1894000 233244
1895000 233328
1896000 233293
1897000 233249
1898000 233244
1899000 233244
1900000 233315
1901000 233286
1902000 233255
1903000 233242
1904000 233227
1905000 233301
1906000 233271
1907000 233234
1908000 233228
1909000 233221
1910000 233275
1911000 233238
1912000 233203
1913000 233180
1914000 233169
1915000 233236
1916000 233211
1917000 233165
1918000 233153
1919000 233147
1920000 233227
1921000 233194
1922000 233147
1923000 233133
1924000 233115
1925000 233183
1926000 233143
1927000 233096
1928000 233088
1929000 233080
1930000 233158
1931000 233118
1932000 233063
1933000 233052
1934000 233042
1935000 233105
1936000 233067
1937000 233021
1938000 233012
1939000 232995
1940000 233080
1941000 233064
1942000 233035
1943000 233023
1944000 233021
1945000 233095
1946000 233061
1947000 233020
1948000 233012
1949000 233003
1950000 233087
1951000 233056
1952000 233005
1953000 232993
1954000 232976
1955000 233058
1956000 233025
1957000 232979
1958000 232967
1959000 232960
1960000 233039
1961000 233007
1962000 232960
1963000 232940
1964000 232934
1965000 233009
1966000 232975
1967000 232930
1968000 232916
1969000 232899
1970000 232967
1971000 232927
1972000 232884
1973000 232861
1974000 232845
1975000 232923
1976000 232886
1977000 232841
1978000 232831
1979000 232827
1980000 232897
1981000 232862
1982000 232829
1983000 232826
1984000 232823
1985000 232908
1986000 232874
1987000 232837
1988000 232824
1989000 232821
1990000 232898
1991000 232863
1992000 232821
1993000 232808
1994000 232797
1995000 232865
1996000 232827
1997000 232788
1998000 232778
1999000 232776
2000000 232862
2001000 232834
2002000 232792
2003000 232783
2004000 232777
2005000 232842
2006000 232819
2007000 232778
2008000 232763
2009000 232753
2010000 232843
2011000 232807
2012000 232774
2013000 232760
2014000 232753
2015000 232819
2016000 232780
2017000 232746
2018000 232728
2019000 232719
2020000 232800
2021000 232760
2022000 232695
2023000 232681
2024000 232668
2025000 232737
2026000 232694
2027000 232651
2028000 232644
2029000 232630
2030000 232715
2031000 232674
2032000 232637
2033000 232624
2034000 232616
2035000 232699
2036000 232667
2037000 232623
2038000 232614
2039000 232611
2040000 232672
2041000 232630
2042000 232590
2043000 232576
2044000 232567
2045000 232624
2046000 232599
2047000 232564
2048000 232555
2049000 232543
2050000 232624
2051000 232585
2052000 232550
2053000 232535
2054000 232524
2055000 232603
2056000 232573
2057000 232535
2058000 232521
2059000 232522
2060000 232592
2061000 232556
2062000 232516
2063000 232490
2064000 232484
2065000 232546
2066000 232505
2067000 232464
2068000 232451
2069000 232440
2070000 232506
2071000 232467
2072000 232431
2073000 232412
2074000 232408
2075000 232498
2076000 232470
2077000 232441
2078000 232434
2079000 232428
2080000 232515
2081000 232493
2082000 232473
2083000 232461
2084000 232449
2085000 232525
2086000 232488
2087000 232431
2088000 232421
2089000 232416
2090000 232477
2091000 232446
2092000 232404
2093000 232389
2094000 232384
2095000 232463
2096000 232429
2097000 232388
2098000 232374
2099000 232370
2100000 232456
2101000 232419
2102000 232396
2103000 232392
2104000 232389
2105000 232468
2106000 232436
2107000 232400
2108000 232391
2109000 232375
2110000 232460
2111000 232427
2112000 232374
2113000 232349
2114000 232339
2115000 232428
2116000 232393
2117000 232359
2118000 232339
2119000 232332
2120000 232395
2121000 232355
2122000 232313
2123000 232293
2124000 232281
2125000 232381
2126000 232335
2127000 232298
2128000 232289
2129000 232280
2130000 232353
2131000 232319
2132000 232274
2133000 232267
2134000 232260
2135000 232327
2136000 232293
2137000 232254
2138000 232242
2139000 232239
2140000 232316
2141000 232290
2142000 232246
2143000 232240
2144000 232232
2145000 232304
2146000 232285
2147000 232245
2148000 232238
2149000 232233
2150000 232304
2151000 232268
2152000 232230
2153000 232213
2154000 232207
2155000 232284
2156000 232251
2157000 232207
2158000 232196
2159000 232191
2160000 232271
2161000 232250
2162000 232208
2163000 232199
2164000 232194
2165000 232256
2166000 232215
2167000 232185
2168000 232166
2169000 232153
2170000 232230
2171000 232199
2172000 232158
2173000 232138
2174000 232128
2175000 232216
2176000 232194
2177000 232148
2178000 232133
2179000 232127
2180000 232198
2181000 232155
2182000 232126
2183000 232105
2184000 232094
2185000 232170
2186000 232139
2187000 232095
2188000 232070
2189000 232054
2190000 232122
2191000 232086
2192000 232033
2193000 232026
2194000 232011
2195000 232092
2196000 232062
2197000 232012
2198000 232004
2199000 232000
2200000 232084
2201000 232053
2202000 232013
2203000 232006
2204000 231994
2205000 232066
2206000 232034
2207000 232005
2208000 231995
2209000 231990
2210000 232066
2211000 232038
2212000 231993
2213000 231976
2214000 231964
2215000 232022
2216000 231996
2217000 231955
2218000 231947
2219000 231930
2220000 232010
2221000 231976
2222000 231929
2223000 231910
2224000 231895
2225000 231972
2226000 231936
2227000 231901
2228000 231899
2229000 231900
2230000 231994
2231000 231964
2232000 231929
2233000 231920
2234000 231917
2235000 232009
2236000 231984
2237000 231950
2238000 231931
2239000 231922
2240000 231985
2241000 231956
2242000 231923
2243000 231918
2244000 231906
2245000 231978
2246000 231937
2247000 231906
2248000 231886
2249000 231886
2250000 231974
2251000 231936
2252000 231895
2253000 231876
2254000 231870
2255000 231941
2256000 231914
2257000 231880
2258000 231865
2259000 231855
2260000 231928
2261000 231895
2262000 231849
2263000 231841
2264000 231833
2265000 231880
2266000 231849
2267000 231813
2268000 231796
2269000 231791
2270000 231873
2271000 231849
2272000 231808
2273000 231789
2274000 231774
2275000 231843
2276000 231813
2277000 231770
2278000 231752
2279000 231739
2280000 231833
2281000 231806
2282000 231780
2283000 231771
2284000 231761
2285000 231854
2286000 231823
2287000 231788
2288000 231773
2289000 231769
2290000 231851
2291000 231809
2292000 231770
2293000 231757
2294000 231747
2295000 231817
2296000 231792
2297000 231744
2298000 231730
2299000 231726
2300000 231804
2301000 231766
2302000 231727
2303000 231720
2304000 231714
2305000 231786
2306000 231752
2307000 231716
2308000 231707
2309000 231703
2310000 231782
2311000 231749
2312000 231723
2313000 231697
2314000 231689
2315000 231774
2316000 231745
2317000 231697
2318000 231675
2319000 231669
2320000 231765
2321000 231725
2322000 231693
2323000 231682
2324000 231679
2325000 231758
2326000 231740
2327000 231709
2328000 231696
2329000 231683
2330000 231762
2331000 231738
2332000 231715
2333000 231703
2334000 231698
2335000 231778
2336000 231760
2337000 231713
2338000 231709
2339000 231705
2340000 231807
2341000 231767
2342000 231726
2343000 231712
2344000 231703
2345000 231772
2346000 231738
2347000 231707
2348000 231690
2349000 231679
2350000 231754
2351000 231708
2352000 231675
2353000 231659
2354000 231652
2355000 231738
2356000 231698
2357000 231653
2358000 231638
2359000 231630
2360000 231736
2361000 231707
2362000 231666
2363000 231657
2364000 231644
2365000 231728
2366000 231689
2367000 231649
2368000 231638
2369000 231625
2370000 231704
2371000 231655
2372000 231619
2373000 231603
2374000 231592
2375000 231686
2376000 231666
2377000 231633
2378000 231620
2379000 231607
2380000 231698
2381000 231667
2382000 231616
2383000 231599
2384000 231586
2385000 231657
2386000 231623
2387000 231583
2388000 231573
2389000 231559
2390000 231635
2391000 231619
2392000 231577
2393000 231550
2394000 231541
2395000 231620
2396000 231585
2397000 231544
2398000 231538
2399000 231522
2400000 231602
2401000 231568
2402000 231523
2403000 231510
2404000 231508
2405000 231586
2406000 231550
2407000 231506
2408000 231493
2409000 231493
2410000 231589
2411000 231552
2412000 231511
2413000 231500
2414000 231481
2415000 231576
2416000 231543
2417000 231501
2418000 231473
2419000 231470
2420000 231564
2421000 231523
2422000 231484
2423000 231474
2424000 231460
2425000 231531
2426000 231502
2427000 231462
2428000 231452
2429000 231442
2430000 231506
2431000 231483
2432000 231447
2433000 231430
2434000 231426
2435000 231504
2436000 231466
2437000 231431
2438000 231417
2439000 231411
2440000 231495
2441000 231468
2442000 231427
2443000 231411
2444000 231406
2445000 231505
2446000 231472
2447000 231425
2448000 231413
2449000 231402
2450000 231468
2451000 231447
2452000 231424
2453000 231416
2454000 231417
2455000 231487
2456000 231459
2457000 231423
2458000 231421
2459000 231418
2460000 231498
2461000 231471
2462000 231419
2463000 231414
2464000 231405
2465000 231493
2466000 231457
2467000 231404
2468000 231383
2469000 231376
2470000 231450
2471000 231417
2472000 231372
2473000 231363
2474000 231356
2475000 231431
2476000 231390
2477000 231357
2478000 231343
2479000 231330
2480000 231406
2481000 231376
2482000 231345
2483000 231339
2484000 231338
2485000 231428
2486000 231390
2487000 231345
2488000 231338
2489000 231328
2490000 231408
2491000 231373
2492000 231331
2493000 231316
2494000 231309
2495000 231389
2496000 231359
2497000 231328
2498000 231313
2499000 231308
2500000 231406
2501000 231387
2502000 231357
2503000 231344
2504000 231343
2505000 231435
2506000 231408
2507000 231377
2508000 231362
2509000 231353
2510000 231450
2511000 231409
2512000 231374
2513000 231367
2514000 231364
2515000 231446
2516000 231404
2517000 231371
2518000 231357
2519000 231354
2520000 231428
2521000 231391
2522000 231354
2523000 231347
2524000 231337
2525000 231414
2526000 231374
2527000 231329
2528000 231322
2529000 231315
2530000 231403
2531000 231371
2532000 231330
2533000 231311
2534000 231301
2535000 231374
2536000 231347
2537000 231298
2538000 231293
2539000 231298
2540000 231389
2541000 231354
2542000 231329
2543000 231318
2544000 231312
2545000 231376
2546000 231347
2547000 231315
2548000 231307
2549000 231296
2550000 231368
2551000 231338
2552000 231288
2553000 231284
2554000 231279
2555000 231372
2556000 231353
2557000 231314
2558000 231305
2559000 231304
2560000 231387
2561000 231355
2562000 231308
2563000 231290
2564000 231283
2565000 231362
2566000 231323
2567000 231273
2568000 231261
2569000 231251
2570000 231323
2571000 231297
2572000 231260
2573000 231245
2574000 231236
2575000 231321
2576000 231291
2577000 231238
2578000 231227
2579000 231223
2580000 231304
2581000 231264
2582000 231214
2583000 231207
2584000 231203
2585000 231290
2586000 231254
2587000 231217
2588000 231205
2589000 231199
2590000 231278
2591000 231252
2592000 231193
2593000 231180
2594000 231173
2595000 231247
2596000 231218
2597000 231183
2598000 231174
2599000 231167
2600000 231267
2601000 231232
2602000 231206
2603000 231193
2604000 231185
2605000 231292
2606000 231256
2607000 231207
2608000 231193
2609000 231189
2610000 231260
2611000 231240
2612000 231197
2613000 231192
2614000 231190
2615000 231285
2616000 231235
2617000 231182
2618000 231176
2619000 231165
2620000 231234
2621000 231186
2622000 231146
2623000 231123
2624000 231106
2625000 231183
2626000 231154
2627000 231102
2628000 231093
2629000 231090
2630000 231186
2631000 231160
2632000 231123
2633000 231113
2634000 231106
2635000 231205
2636000 231189
2637000 231144
2638000 231126
2639000 231126
2640000 231208
2641000 231179
2642000 231150
2643000 231135
2644000 231122
2645000 231214
2646000 231185
2647000 231147
2648000 231133
2649000 231131
2650000 231225
2651000 231204
2652000 231162
2653000 231160
2654000 231154
2655000 231248
2656000 231222
2657000 231181
2658000 231176
2659000 231169
2660000 231249
2661000 231224
2662000 231181
2663000 231162
2664000 231149
2665000 231209
2666000 231168
2667000 231131
2668000 231117
2669000 231115
2670000 231202
2671000 231164
2672000 231124
2673000 231107
2674000 231099
2675000 231183
2676000 231153
2677000 231116
2678000 231098
2679000 231096
2680000 231186
2681000 231163
2682000 231127
2683000 231116
2684000 231115
2685000 231191
2686000 231161
2687000 231118
2688000 231110
2689000 231108
2690000 231192
2691000 231158
2692000 231116
2693000 231107
2694000 231092
2695000 231181
2696000 231140
2697000 231106
2698000 231088
2699000 231084
2700000 231169
2701000 231129
2702000 231083
2703000 231076
2704000 231069
2705000 231148
2706000 231114
2707000 231079
2708000 231069
2709000 231062
2710000 231159
2711000 231133
2712000 231098
2713000 231081
2714000 231070
2715000 231147
2716000 231112
2717000 231077
2718000 231069
2719000 231054
2720000 231145
2721000 231107
2722000 231062
2723000 231047
2724000 231041
2725000 231122
2726000 231095
2727000 231059
2728000 231051
2729000 231053
2730000 231138
2731000 231101
2732000 231081
2733000 231072
2734000 231068
2735000 231152
2736000 231112
2737000 231075
2738000 231064
2739000 231054
2740000 231141
2741000 231111
2742000 231063
2743000 231040
2744000 231035
2745000 231111
2746000 231080
2747000 231031
2748000 231017
2749000 231009
2750000 231077
2751000 231039
2752000 230995
2753000 230986
2754000 230981
2755000 231063
2756000 231034
2757000 230996
2758000 230988
2759000 230979
2760000 231059
2761000 231022
2762000 230983
2763000 230964
2764000 230956
2765000 231047
2766000 231028
2767000 230975
2768000 230969
2769000 230958
2770000 231047
2771000 231004
2772000 230964
2773000 230954
2774000 230944
2775000 231015
2776000 230983
2777000 230937
2778000 230917
2779000 230913
2780000 230987
2781000 230948
2782000 230912
2783000 230905
2784000 230905
2785000 230977
2786000 230952
2787000 230911
2788000 230901
2789000 230895
2790000 230990
2791000 230963
2792000 230928
2793000 230922
2794000 230919
2795000 231007
2796000 230977
2797000 230928
2798000 230923
2799000 230921
2800000 230996
2801000 230951
2802000 230912
2803000 230909
2804000 230912
2805000 231020
2806000 230987
2807000 230944
2808000 230926
2809000 230927
2810000 230998
2811000 230982
2812000 230937
2813000 230924
2814000 230921
2815000 230988
2816000 230957
2817000 230912
2818000 230897
2819000 230882
2820000 230953
2821000 230923
2822000 230872
2823000 230852
2824000 230835
2825000 230922
2826000 230890
2827000 230849
2828000 230840
2829000 230832
2830000 230929
2831000 230905
2832000 230873
2833000 230860
2834000 230859
2835000 230938
2836000 230911
2837000 230859
2838000 230850
2839000 230839
2840000 230898
2841000 230876
2842000 230835
2843000 230826
2844000 230827
2845000 230906
2846000 230879
2847000 230837
2848000 230826
2849000 230822
2850000 230915
2851000 230878
2852000 230825
2853000 230813
2854000 230808
2855000 230876
2856000 230840
2857000 230800
2858000 230785
2859000 230782
2860000 230867
2861000 230829
2862000 230793
2863000 230781
2864000 230775
2865000 230848
2866000 230825
2867000 230794
2868000 230780
2869000 230774
2870000 230870
2871000 230830
2872000 230792
2873000 230778
2874000 230770
2875000 230850
2876000 230816
2877000 230785
2878000 230772
2879000 230773
2880000 230864
2881000 230845
2882000 230799
2883000 230790
2884000 230791
2885000 230885
2886000 230862
2887000 230829
2888000 230807
2889000 230805
2890000 230879
2891000 230851
2892000 230813
2893000 230798
2894000 230792
2895000 230890
2896000 230857
2897000 230805
2898000 230800
2899000 230783
2900000 230884
2901000 230864
2902000 230830
2903000 230820
2904000 230817
2905000 230897
2906000 230869
2907000 230837
2908000 230827
2909000 230825
2910000 230922
2911000 230886
2912000 230845
2913000 230825
2914000 230816
2915000 230906
2916000 230865
2917000 230824
2918000 230811
2919000 230802
2920000 230881
2921000 230842
2922000 230799
2923000 230783
2924000 230780
2925000 230855
2926000 230825
2927000 230789
2928000 230776
2929000 230775
2930000 230860
2931000 230827
2932000 230788
2933000 230777
2934000 230778
2935000 230879
2936000 230839
2937000 230807
2938000 230798
2939000 230787
2940000 230875
2941000 230830
2942000 230789
2943000 230782
2944000 230777
2945000 230854
2946000 230832
2947000 230792
2948000 230778
2949000 230772
2950000 230837
2951000 230812
2952000 230773
2953000 230760
2954000 230755
2955000 230834
2956000 230814
2957000 230764
2958000 230759
2959000 230748
2960000 230842
2961000 230812
2962000 230771
2963000 230762
2964000 230759
2965000 230847
2966000 230804
2967000 230765
2968000 230752
2969000 230736
2970000 230824
2971000 230778
2972000 230746
2973000 230735
2974000 230729
2975000 230811
2976000 230774
2977000 230728
2978000 230720
2979000 230713
2980000 230794
2981000 230759
2982000 230714
2983000 230710
2984000 230702
2985000 230771
2986000 230742
2987000 230694
2988000 230680
2989000 230677
2990000 230771
2991000 230728
2992000 230685
2993000 230676
2994000 230670
2995000 230753
2996000 230729
2997000 230701
2998000 230690
2999000 230688
3000000 230781
3001000 230755
3002000 230717
3003000 230712
3004000 230711
3005000 230785
3006000 230767
3007000 230727
3008000 230716
3009000 230711
3010000 230794
3011000 230754
3012000 230709
3013000 230696
3014000 230687
3015000 230746
3016000 230720
3017000 230673
3018000 230663
3019000 230651
3020000 230748
3021000 230700
3022000 230656
3023000 230648
3024000 230641
3025000 230729
3026000 230694
3027000 230660
3028000 230648
3029000 230636
3030000 230715
3031000 230675
3032000 230641
3033000 230629
3034000 230625
3035000 230716
3036000 230688
3037000 230645
3038000 230626
3039000 230621
3040000 230726
3041000 230690
3042000 230649
3043000 230636
3044000 230642
3045000 230730
3046000 230692
3047000 230642
3048000 230632
3049000 230632
3050000 230738
3051000 230701
3052000 230646
3053000 230629
3054000 230622
3055000 230702
3056000 230670
3057000 230643
3058000 230638
3059000 230636
3060000 230712
3061000 230668
3062000 230623
3063000 230607
3064000 230603
3065000 230694
3066000 230654
3067000 230611
3068000 230594
3069000 230585
3070000 230667
3071000 230620
3072000 230565
3073000 230551
3074000 230543
3075000 230630
3076000 230604
3077000 230571
3078000 230566
3079000 230564
3080000 230636
3081000 230603
3082000 230557
3083000 230548
3084000 230547
3085000 230640
3086000 230616
3087000 230569
3088000 230554
3089000 230550
3090000 230639
3091000 230604
3092000 230550
3093000 230539
3094000 230536
3095000 230624
3096000 230589
3097000 230553
3098000 230540
3099000 230535
3100000 230620
3101000 230593
3102000 230551
3103000 230548
3104000 230539
3105000 230625
3106000 230597
3107000 230543
3108000 230529
3109000 230527
3110000 230634
3111000 230603
3112000 230547
3113000 230538
3114000 230524
3115000 230614
3116000 230578
3117000 230535
3118000 230522
3119000 230512
3120000 230573
3121000 230538
3122000 230495
3123000 230480
3124000 230474
3125000 230556
3126000 230527
3127000 230485
3128000 230467
3129000 230465
3130000 230563
3131000 230534
3132000 230492
3133000 230485
3134000 230480
3135000 230569
3136000 230551
3137000 230498
3138000 230488
3139000 230472
3140000 230550
3141000 230508
3142000 230456
3143000 230445
3144000 230445
3145000 230556
3146000 230516
3147000 230466
3148000 230461
3149000 230451
3150000 230530
3151000 230503
3152000 230463
3153000 230453
3154000 230448
3155000 230558
3156000 230528
3157000 230491
3158000 230470
3159000 230466
3160000 230573
3161000 230546
3162000 230497
3163000 230484
3164000 230477
3165000 230559
3166000 230524
3167000 230487
3168000 230470
3169000 230462
3170000 230534
3171000 230498
3172000 230452
3173000 230441
3174000 230436
3175000 230529
3176000 230494
3177000 230448
3178000 230439
3179000 230431
3180000 230512
3181000 230479
3182000 230443
3183000 230441
3184000 230436
3185000 230518
3186000 230480
3187000 230442
3188000 230431
3189000 230421
3190000 230502
3191000 230476
3192000 230427
3193000 230413
3194000 230403
3195000 230475
3196000 230450
3197000 230418
3198000 230410
3199000 230411
3200000 230502
3201000 230479
3202000 230433
3203000 230428
3204000 230422
3205000 230509
3206000 230484
3207000 230445
3208000 230433
3209000 230424
3210000 230498
3211000 230477
3212000 230441
3213000 230428
3214000 230419
3215000 230512
3216000 230476
3217000 230432
3218000 230418
3219000 230408
3220000 230497
3221000 230450
3222000 230413
3223000 230401
3224000 230389
3225000 230476
3226000 230451
3227000 230401
3228000 230395
3229000 230388
3230000 230501
3231000 230474
3232000 230427
3233000 230411
3234000 230401
3235000 230474
3236000 230436
3237000 230391
3238000 230384
3239000 230381
3240000 230467
3241000 230431
3242000 230395
3243000 230375
3244000 230370
3245000 230455
3246000 230424
3247000 230383
3248000 230369
3249000 230365
3250000 230454
3251000 230431
3252000 230386
3253000 230369
3254000 230366
3255000 230459
3256000 230425
3257000 230391
3258000 230379
3259000 230371
3260000 230458
3261000 230429
3262000 230392
3263000 230372
3264000 230366
3265000 230436
3266000 230401
3267000 230352
3268000 230335
3269000 230319
3270000 230410
3271000 230370
3272000 230316
3273000 230297
3274000 230294
3275000 230396
3276000 230358
3277000 230322
3278000 230311
3279000 230301
3280000 230392
3281000 230363
3282000 230321
3283000 230324
3284000 230321
3285000 230425
3286000 230405
3287000 230364
3288000 230353
3289000 230344
3290000 230431
3291000 230397
3292000 230361
3293000 230351
3294000 230345
3295000 230439
3296000 230414
3297000 230375
3298000 230362
3299000 230364
3300000 230436
3301000 230404
3302000 230370
3303000 230362
3304000 230355
3305000 230423
3306000 230392
3307000 230345
3308000 230335
3309000 230329
3310000 230423
3311000 230389
3312000 230338
3313000 230326
3314000 230322
3315000 230401
3316000 230373
3317000 230335
3318000 230328
3319000 230324
3320000 230409
3321000 230381
3322000 230329
3323000 230323
3324000 230314
3325000 230411
3326000 230374
3327000 230344
3328000 230340
3329000 230334
3330000 230419
3331000 230399
3332000 230356
3333000 230350
3334000 230341
3335000 230408
3336000 230377
3337000 230336
3338000 230323
3339000 230320
3340000 230392
3341000 230363
3342000 230326
3343000 230313
3344000 230306
3345000 230381
3346000 230343
3347000 230295
3348000 230281
3349000 230278
3350000 230354
3351000 230316
3352000 230285
3353000 230266
3354000 230271
3355000 230359
3356000 230336
3357000 230290
3358000 230279
3359000 230279
3360000 230380
3361000 230355
3362000 230303
3363000 230286
3364000 230280
3365000 230373
3366000 230349
3367000 230308
3368000 230301
3369000 230301
3370000 230385
3371000 230344
3372000 230291
3373000 230286
3374000 230283
3375000 230372
3376000 230332
3377000 230303
3378000 230297
3379000 230295
3380000 230367
3381000 230323
3382000 230277
3383000 230263
3384000 230252
3385000 230345
3386000 230317
3387000 230274
3388000 230265
3389000 230261
3390000 230347
3391000 230316
3392000 230267
3393000 230255
3394000 230252
3395000 230347
3396000 230312
3397000 230281
3398000 230269
3399000 230264
3400000 230354
3401000 230326
3402000 230289
3403000 230281
3404000 230279
3405000 230365
3406000 230348
3407000 230309
3408000 230296
3409000 230297
3410000 230400
3411000 230362
3412000 230326
3413000 230317
3414000 230304
3415000 230406
3416000 230380
3417000 230342
3418000 230323
3419000 230315
3420000 230400
3421000 230359
3422000 230321
3423000 230307
3424000 230293
3425000 230372
3426000 230343
3427000 230300
3428000 230291
3429000 230281
3430000 230369
3431000 230347
3432000 230310
3433000 230294
3434000 230289
3435000 230385
3436000 230367
3437000 230332
3438000 230318
3439000 230317
3440000 230392
3441000 230364
3442000 230313
3443000 230299
3444000 230294
3445000 230391
3446000 230364
3447000 230329
3448000 230319
3449000 230316
3450000 230418
3451000 230389
3452000 230341
3453000 230333
3454000 230325
3455000 230422
3456000 230395
3457000 230360
3458000 230345
3459000 230336
3460000 230439
3461000 230412
3462000 230368
3463000 230367
3464000 230360
3465000 230460
3466000 230421
3467000 230374
3468000 230358
3469000 230344
3470000 230416
3471000 230375
3472000 230343
3473000 230339
3474000 230334
3475000 230433
3476000 230401
3477000 230364
3478000 230358
3479000 230352
3480000 230466
3481000 230437
3482000 230396
3483000 230385
3484000 230379
3485000 230477
3486000 230435
3487000 230393
3488000 230376
3489000 230365
3490000 230467
3491000 230442
3492000 230400
3493000 230391
3494000 230385
3495000 230475
3496000 230439
3497000 230387
3498000 230375
3499000 230377
3500000 230464
3501000 230431
3502000 230389
3503000 230379
3504000 230378
3505000 230461
3506000 230429
3507000 230389
3508000 230380
3509000 230376
3510000 230457
3511000 230432
3512000 230373
3513000 230361
3514000 230360
3515000 230458
3516000 230428
3517000 230382
3518000 230370
3519000 230360
3520000 230457
3521000 230414
3522000 230358
3523000 230345
3524000 230343
3525000 230428
3526000 230397
3527000 230349
3528000 230328
3529000 230323
3530000 230412
3531000 230380
3532000 230340
3533000 230325
3534000 230316
3535000 230409
3536000 230365
3537000 230331
3538000 230324
3539000 230319
3540000 230406
3541000 230368
3542000 230320
3543000 230309
3544000 230302
3545000 230380
3546000 230341
3547000 230301
3548000 230296
3549000 230291
3550000 230380
3551000 230354
3552000 230314
3553000 230306
3554000 230307
3555000 230407
3556000 230377
3557000 230327
3558000 230313
3559000 230315
3560000 230398
3561000 230370
3562000 230324
3563000 230315
3564000 230305
3565000 230381
3566000 230349
3567000 230319
3568000 230311
3569000 230303
3570000 230401
3571000 230374
3572000 230333
3573000 230318
3574000 230310
3575000 230389
3576000 230356
3577000 230321
3578000 230308
3579000 230303
3580000 230380
3581000 230350
3582000 230305
3583000 230301
3584000 230301
3585000 230397
3586000 230371
3587000 230334
3588000 230323
3589000 230311
3590000 230403
3591000 230363
3592000 230325
3593000 230310
3594000 230302
3595000 230396
3596000 230368
3597000 230328
3598000 230315
3599000 230309
3600000 230401
3601000 230378
3602000 230341
3603000 230334
3604000 230328
3605000 230417
3606000 230384
3607000 230332
3608000 230320
3609000 230313
3610000 230399
3611000 230368
3612000 230321
3613000 230318
3614000 230309
3615000 230403
3616000 230368
3617000 230321
3618000 230300
3619000 230291
3620000 230392
3621000 230353
3622000 230316
3623000 230298
3624000 230295
3625000 230393
3626000 230362
3627000 230303
3628000 230292
3629000 230292
3630000 230384
3631000 230349
3632000 230300
3633000 230293
3634000 230280
3635000 230369
3636000 230339
3637000 230288
3638000 230276
3639000 230280
3640000 230363
3641000 230350
3642000 230296
3643000 230290
3644000 230287
3645000 230370
3646000 230343
3647000 230302
3648000 230295
3649000 230291
3650000 230388
3651000 230353
3652000 230313
3653000 230302
3654000 230297
3655000 230388
3656000 230354
3657000 230304
3658000 230295
3659000 230287
3660000 230378
3661000 230346
3662000 230313
3663000 230310
3664000 230298
3665000 230385
3666000 230352
3667000 230297
3668000 230284
3669000 230271
3670000 230357
3671000 230322
3672000 230288
3673000 230278
3674000 230277
3675000 230381
3676000 230340
3677000 230291
3678000 230283
3679000 230280
3680000 230382
3681000 230335
3682000 230295
3683000 230291
3684000 230287
3685000 230386
3686000 230357
3687000 230314
3688000 230308
3689000 230304
3690000 230374
3691000 230341
3692000 230285
3693000 230274
3694000 230271
3695000 230356
3696000 230317
3697000 230266
3698000 230261
3699000 230256
3700000 230337
3701000 230305
3702000 230277
3703000 230265
3704000 230254
3705000 230348
3706000 230325
3707000 230287
3708000 230279
3709000 230273
3710000 230363
3711000 230347
3712000 230297
3713000 230292
3714000 230275
3715000 230351
3716000 230312
3717000 230260
3718000 230238
3719000 230233
3720000 230298
3721000 230262
3722000 230201
3723000 230187
3724000 230180
3725000 230275
3726000 230250
3727000 230202
3728000 230191
3729000 230180
3730000 230285
3731000 230246
3732000 230207
3733000 230198
3734000 230199
3735000 230291
3736000 230260
3737000 230222
3738000 230213
3739000 230210
3740000 230305
3741000 230286
3742000 230246
3743000 230232
3744000 230223
3745000 230301
3746000 230274
3747000 230241
3748000 230226
3749000 230222
3750000 230301
3751000 230278
3752000 230238
3753000 230230
3754000 230223
3755000 230321
3756000 230287
3757000 230237
3758000 230229
3759000 230225
3760000 230322
3761000 230290
3762000 230240
3763000 230234
3764000 230234
3765000 230309
3766000 230285
3767000 230246
3768000 230236
3769000 230231
3770000 230312
3771000 230283
3772000 230233
3773000 230226
3774000 230224
3775000 230322
3776000 230286
3777000 230237
3778000 230231
3779000 230224
3780000 230314
3781000 230280
3782000 230234
3783000 230223
3784000 230224
3785000 230315
3786000 230277
3787000 230230
3788000 230222
3789000 230216
3790000 230298
3791000 230270
3792000 230219
3793000 230213
3794000 230204
3795000 230302
3796000 230264
3797000 230232
3798000 230230
3799000 230226
3800000 230326
3801000 230312
3802000 230259
3803000 230246
3804000 230237
3805000 230331
3806000 230313
3807000 230270
3808000 230264
3809000 230256
3810000 230361
3811000 230326
3812000 230267
3813000 230259
3814000 230255
3815000 230361
3816000 230328
3817000 230280
3818000 230270
3819000 230263
3820000 230345
3821000 230312
3822000 230267
3823000 230257
3824000 230251
3825000 230327
3826000 230287
3827000 230246
3828000 230242
3829000 230239
3830000 230322
3831000 230287
3832000 230247
3833000 230237
3834000 230231
3835000 230332
3836000 230305
3837000 230267
3838000 230248
3839000 230242
3840000 230331
3841000 230305
3842000 230257
3843000 230250
3844000 230250
3845000 230356
3846000 230331
3847000 230290
3848000 230278
3849000 230276
3850000 230378
3851000 230349
3852000 230312
3853000 230305
3854000 230303
3855000 230393
3856000 230370
3857000 230321
3858000 230304
3859000 230303
3860000 230396
3861000 230368
3862000 230335
3863000 230327
3864000 230326
3865000 230428
3866000 230394
3867000 230354
3868000 230346
3869000 230343
3870000 230425
3871000 230388
3872000 230342
3873000 230327
3874000 230323
3875000 230412
3876000 230374
3877000 230335
3878000 230328
3879000 230324
3880000 230415
3881000 230385
3882000 230335
3883000 230336
3884000 230336
3885000 230419
3886000 230388
3887000 230349
3888000 230337
3889000 230333
3890000 230419
3891000 230398
3892000 230357
3893000 230351
3894000 230344
3895000 230421
3896000 230387
3897000 230333
3898000 230320
3899000 230317
3900000 230427
3901000 230411
3902000 230366
3903000 230356
3904000 230358
3905000 230442
3906000 230402
3907000 230370
3908000 230364
3909000 230360
3910000 230462
3911000 230433
3912000 230388
3913000 230387
3914000 230384
3915000 230467
3916000 230432
3917000 230394
3918000 230376
3919000 230381
3920000 230483
3921000 230453
3922000 230416
3923000 230413
3924000 230411
3925000 230515
3926000 230489
3927000 230452
3928000 230444
3929000 230443
3930000 230537
3931000 230498
3932000 230449
3933000 230440
3934000 230437
3935000 230534
3936000 230512
3937000 230471
3938000 230459
3939000 230460
3940000 230533
3941000 230494
3942000 230450
3943000 230446
3944000 230441
3945000 230518
3946000 230482
3947000 230429
3948000 230418
3949000 230413
3950000 230533
3951000 230507
3952000 230470
3953000 230456
3954000 230451
3955000 230543
3956000 230507
3957000 230477
3958000 230472
3959000 230473
3960000 230565
3961000 230529
3962000 230489
3963000 230471
3964000 230470
3965000 230566
3966000 230537
3967000 230481
3968000 230477
3969000 230467
3970000 230563
3971000 230527
3972000 230488
3973000 230476
3974000 230469
3975000 230573
3976000 230537
3977000 230503
3978000 230497
3979000 230498
3980000 230577
3981000 230544
3982000 230501
3983000 230496
3984000 230491
3985000 230580
3986000 230541
3987000 230511
3988000 230501
3989000 230496
3990000 230573
3991000 230542
3992000 230501
3993000 230498
3994000 230492
3995000 230585
3996000 230560
3997000 230516
3998000 230509
3999000 230502
4000000 230593
4001000 230554
4002000 230499
4003000 230490
4004000 230491
4005000 230598
4006000 230567
4007000 230515
4008000 230512
4009000 230506
4010000 230598
4011000 230561
4012000 230532
4013000 230517
4014000 230519
4015000 230602
4016000 230574
4017000 230548
4018000 230533
4019000 230522
4020000 230611
4021000 230579
4022000 230528
4023000 230518
4024000 230512
4025000 230612
4026000 230571
4027000 230516
4028000 230498
4029000 230498
4030000 230607
4031000 230573
4032000 230532
4033000 230529
4034000 230532
4035000 230621
4036000 230599
4037000 230569
4038000 230560
4039000 230562
4040000 230643
4041000 230600
4042000 230549
4043000 230543
4044000 230542
4045000 230629
4046000 230598
4047000 230551
4048000 230545
4049000 230542
4050000 230638
4051000 230615
4052000 230575
4053000 230576
4054000 230576
4055000 230692
4056000 230664
4057000 230628
4058000 230624
4059000 230626
4060000 230711
4061000 230677
4062000 230634
4063000 230627
4064000 230616
4065000 230709
4066000 230678
4067000 230648
4068000 230630
4069000 230621
4070000 230712
4071000 230686
4072000 230643
4073000 230631
4074000 230624
4075000 230721
4076000 230682
4077000 230650
4078000 230637
4079000 230637
4080000 230736
4081000 230705
4082000 230670
4083000 230663
4084000 230662
4085000 230760
4086000 230719
4087000 230669
4088000 230654
4089000 230649
4090000 230758
4091000 230735
4092000 230682
4093000 230674
4094000 230673
4095000 230764
4096000 230736
4097000 230693
4098000 230683
4099000 230676
4100000 230786
4101000 230759
4102000 230710
4103000 230702
4104000 230696
4105000 230797
4106000 230769
4107000 230731
4108000 230724
4109000 230720
4110000 230822
4111000 230788
4112000 230763
4113000 230756
4114000 230749
4115000 230824
4116000 230778
4117000 230731
4118000 230723
4119000 230715
4120000 230798
4121000 230757
4122000 230716
4123000 230702
4124000 230689
4125000 230777
4126000 230742
4127000 230699
4128000 230684
4129000 230675
4130000 230778
4131000 230739
4132000 230681
4133000 230670
4134000 230668
4135000 230748
4136000 230724
4137000 230666
4138000 230652
4139000 230650
4140000 230748
4141000 230717
4142000 230670
4143000 230657
4144000 230656
4145000 230752
4146000 230711
4147000 230650
4148000 230644
4149000 230642
4150000 230748
4151000 230721
4152000 230677
4153000 230671
4154000 230665
4155000 230759
4156000 230743
4157000 230717
4158000 230711
4159000 230702
4160000 230791
4161000 230756
4162000 230711
4163000 230703
4164000 230704
4165000 230800
4166000 230767
4167000 230731
4168000 230720
4169000 230706
4170000 230809
4171000 230774
4172000 230726
4173000 230717
4174000 230718
4175000 230815
4176000 230783
4177000 230739
4178000 230730
4179000 230727
4180000 230820
4181000 230781
4182000 230736
4183000 230723
4184000 230723
4185000 230822
4186000 230782
4187000 230741
4188000 230725
4189000 230728
4190000 230821
4191000 230788
4192000 230751
4193000 230730
4194000 230723
4195000 230808
4196000 230775
4197000 230733
4198000 230725
4199000 230717
4200000 230786
4201000 230754
4202000 230717
4203000 230706
4204000 230706
4205000 230779
4206000 230758
4207000 230724
4208000 230714
4209000 230706
4210000 230802
4211000 230768
4212000 230724
4213000 230711
4214000 230709
4215000 230793
4216000 230773
4217000 230733
4218000 230725
4219000 230717
4220000 230821
4221000 230785
4222000 230719
4223000 230712
4224000 230706
4225000 230810
4226000 230785
4227000 230750
4228000 230746
4229000 230748
4230000 230855
4231000 230819
4232000 230775
4233000 230759
4234000 230755
4235000 230862
4236000 230821
4237000 230788
4238000 230774
4239000 230763
4240000 230850
4241000 230820
4242000 230776
4243000 230767
4244000 230764
4245000 230853
4246000 230819
4247000 230773
4248000 230766
4249000 230756
4250000 230858
4251000 230837
4252000 230791
4253000 230787
4254000 230785
4255000 230891
4256000 230865
4257000 230814
4258000 230800
4259000 230798
4260000 230896
4261000 230862
4262000 230820
4263000 230812
4264000 230813
4265000 230921
4266000 230888
4267000 230845
4268000 230834
4269000 230832
4270000 230927
4271000 230896
4272000 230846
4273000 230828
4274000 230829
4275000 230936
4276000 230901
4277000 230849
4278000 230835
4279000 230830
4280000 230928
4281000 230903
4282000 230863
4283000 230858
4284000 230863
4285000 230961
4286000 230925
4287000 230871
4288000 230859
4289000 230861
4290000 230948
4291000 230901
4292000 230855
4293000 230845
4294000 230845
4295000 230960
4296000 230919
4297000 230866
4298000 230861
4299000 230856
4300000 230951
4301000 230921
4302000 230892
4303000 230881
4304000 230881
4305000 230972
4306000 230949
4307000 230898
4308000 230887
4309000 230885
4310000 230967
4311000 230930
4312000 230884
4313000 230874
4314000 230868
4315000 230987
4316000 230962
4317000 230920
4318000 230907
4319000 230902
4320000 230990
4321000 230951
4322000 230903
4323000 230892
4324000 230882
4325000 230993
4326000 230964
4327000 230930
4328000 230923
4329000 230915
4330000 231019
4331000 230997
4332000 230942
4333000 230932
4334000 230927
4335000 231024
4336000 230986
4337000 230944
4338000 230941
4339000 230934
4340000 231032
4341000 231011
4342000 230968
4343000 230958
4344000 230952
4345000 231052
4346000 231020
4347000 230974
4348000 230961
4349000 230956
4350000 231060
4351000 231025
4352000 230990
4353000 230969
4354000 230967
4355000 231066
4356000 231041
4357000 231001
4358000 230989
4359000 230992
4360000 231091
4361000 231066
4362000 231011
4363000 231003
4364000 230991
4365000 231095
4366000 231067
4367000 231025
4368000 231015
4369000 231006
4370000 231092
4371000 231073
4372000 231026
4373000 231019
4374000 231011
4375000 231110
4376000 231069
4377000 231024
4378000 231010
4379000 231009
4380000 231105
4381000 231080
4382000 231040
4383000 231033
4384000 231032
4385000 231121
4386000 231082
4387000 231038
4388000 231025
4389000 231011
4390000 231107
4391000 231075
4392000 231045
4393000 231039
4394000 231038
4395000 231155
4396000 231124
4397000 231080
4398000 231072
4399000 231072
4400000 231169
4401000 231138
4402000 231084
4403000 231070
4404000 231067
4405000 231174
4406000 231127
4407000 231087
4408000 231082
4409000 231078
4410000 231167
4411000 231148
4412000 231105
4413000 231102
4414000 231095
4415000 231179
4416000 231151
4417000 231103
4418000 231095
4419000 231089
4420000 231180
4421000 231152
4422000 231125
4423000 231108
4424000 231106
4425000 231198
4426000 231172
4427000 231123
4428000 231117
4429000 231116
4430000 231213
4431000 231188
4432000 231137
4433000 231128
4434000 231126
4435000 231207
4436000 231170
4437000 231121
4438000 231112
4439000 231109
4440000 231203
4441000 231178
4442000 231151
4443000 231138
4444000 231135
4445000 231238
4446000 231213
4447000 231175
4448000 231169
4449000 231164
4450000 231270
4451000 231232
4452000 231186
4453000 231182
4454000 231184
4455000 231278
4456000 231243
4457000 231205
4458000 231198
4459000 231191
4460000 231282
4461000 231241
4462000 231184
4463000 231165
4464000 231161
4465000 231248
4466000 231211
4467000 231157
4468000 231148
4469000 231143
4470000 231241
4471000 231207
4472000 231154
4473000 231139
4474000 231135
4475000 231231
4476000 231189
4477000 231139
4478000 231131
4479000 231127
4480000 231226
4481000 231185
4482000 231158
4483000 231148
4484000 231140
4485000 231259
4486000 231220
4487000 231174
4488000 231165
4489000 231164
4490000 231256
4491000 231231
4492000 231187
4493000 231174
4494000 231173
4495000 231268
4496000 231232
4497000 231189
4498000 231181
4499000 231177
4500000 231276
4501000 231248
4502000 231199
4503000 231190
4504000 231190
4505000 231304
4506000 231264
4507000 231218
4508000 231212
4509000 231209
4510000 231302
4511000 231262
4512000 231219
4513000 231205
4514000 231205
4515000 231288
4516000 231250
4517000 231220
4518000 231210
4519000 231202
4520000 231313
4521000 231266
4522000 231237
4523000 231229
4524000 231227
4525000 231316
4526000 231282
4527000 231241
4528000 231227
4529000 231219
4530000 231327
4531000 231305
4532000 231253
4533000 231243
4534000 231244
4535000 231341
4536000 231313
4537000 231272
4538000 231261
4539000 231255
4540000 231365
4541000 231342
4542000 231287
4543000 231275
4544000 231272
4545000 231376
4546000 231341
4547000 231282
4548000 231277
4549000 231278
4550000 231386
4551000 231343
4552000 231303
4553000 231292
4554000 231296
4555000 231383
4556000 231367
4557000 231316
4558000 231301
4559000 231296
4560000 231394
4561000 231364
4562000 231331
4563000 231319
4564000 231310
4565000 231404
4566000 231377
4567000 231328
4568000 231318
4569000 231314
4570000 231411
4571000 231381
4572000 231326
4573000 231312
4574000 231303
4575000 231403
4576000 231371
4577000 231335
4578000 231330
4579000 231326
4580000 231429
4581000 231398
4582000 231355
4583000 231339
4584000 231337
4585000 231430
4586000 231404
4587000 231358
4588000 231348
4589000 231351
4590000 231463
4591000 231421
4592000 231380
4593000 231368
4594000 231363
4595000 231445
4596000 231408
4597000 231372
4598000 231358
4599000 231360
4600000 231473
4601000 231441
4602000 231397
4603000 231385
4604000 231388
4605000 231478
4606000 231438
4607000 231399
4608000 231395
4609000 231392
4610000 231490
4611000 231454
4612000 231408
4613000 231396
4614000 231398
4615000 231490
4616000 231467
4617000 231440
4618000 231434
4619000 231426
4620000 231518
4621000 231475
4622000 231422
4623000 231406
4624000 231398
4625000 231496
4626000 231466
4627000 231418
4628000 231407
4629000 231404
4630000 231510
4631000 231480
4632000 231435
4633000 231422
4634000 231422
4635000 231518
4636000 231476
4637000 231426
4638000 231420
4639000 231414
4640000 231527
4641000 231493
4642000 231438
4643000 231430
4644000 231433
4645000 231530
4646000 231487
4647000 231442
4648000 231435
4649000 231435
4650000 231544
4651000 231507
4652000 231466
4653000 231457
4654000 231460
4655000 231561
4656000 231526
4657000 231473
4658000 231467
4659000 231464
4660000 231541
4661000 231509
4662000 231456
4663000 231447
4664000 231446
4665000 231533
4666000 231486
4667000 231442
4668000 231421
4669000 231419
4670000 231517
4671000 231478
4672000 231422
4673000 231409
4674000 231410
4675000 231489
4676000 231459
4677000 231412
4678000 231399
4679000 231393
4680000 231489
4681000 231460
4682000 231413
4683000 231407
4684000 231401
4685000 231494
4686000 231457
4687000 231415
4688000 231410
4689000 231405
4690000 231500
4691000 231469
4692000 231431
4693000 231420
4694000 231416
4695000 231517
4696000 231480
4697000 231445
4698000 231444
4699000 231441
4700000 231567
4701000 231538
4702000 231495
4703000 231486
4704000 231485
4705000 231575
4706000 231544
4707000 231497
4708000 231489
4709000 231483
4710000 231591
4711000 231568
4712000 231522
4713000 231512
4714000 231505
4715000 231594
4716000 231551
4717000 231511
4718000 231495
4719000 231498
4720000 231577
4721000 231545
4722000 231506
4723000 231502
4724000 231497
4725000 231606
4726000 231575
4727000 231527
4728000 231521
4729000 231519
4730000 231616
4731000 231583
4732000 231534
4733000 231518
4734000 231512
4735000 231619
4736000 231597
4737000 231553
4738000 231546
4739000 231546
4740000 231632
4741000 231599
4742000 231554
4743000 231550
4744000 231556
4745000 231642
4746000 231618
4747000 231574
4748000 231557
4749000 231558
4750000 231641
4751000 231603
4752000 231560
4753000 231554
4754000 231547
4755000 231635
4756000 231596
4757000 231550
4758000 231543
4759000 231539
4760000 231646
4761000 231615
4762000 231586
4763000 231578
4764000 231563
4765000 231688
4766000 231660
4767000 231634
4768000 231629
4769000 231629
4770000 231720
4771000 231691
4772000 231645
4773000 231641
4774000 231635
4775000 231715
4776000 231688
4777000 231645
4778000 231634
4779000 231625
4780000 231730
4781000 231695
4782000 231648
4783000 231637
4784000 231637
4785000 231722
4786000 231688
4787000 231644
4788000 231638
4789000 231634
4790000 231715
4791000 231676
4792000 231617
4793000 231602
4794000 231596
4795000 231715
4796000 231687
4797000 231630
4798000 231620
4799000 231617
4800000 231721
4801000 231692
4802000 231647
4803000 231642
4804000 231644
4805000 231737
4806000 231713
4807000 231657
4808000 231649
4809000 231649
4810000 231745
4811000 231707
4812000 231671
4813000 231666
4814000 231665
4815000 231759
4816000 231724
4817000 231675
4818000 231666
4819000 231662
4820000 231755
4821000 231708
4822000 231661
4823000 231645
4824000 231642
4825000 231743
4826000 231700
4827000 231653
4828000 231632
4829000 231625
4830000 231714
4831000 231691
4832000 231641
4833000 231634
4834000 231626
4835000 231736
4836000 231707
4837000 231666
4838000 231660
4839000 231654
4840000 231754
4841000 231715
4842000 231679
4843000 231679
4844000 231672
4845000 231770
4846000 231731
4847000 231685
4848000 231669
4849000 231664
4850000 231777
4851000 231758
4852000 231722
4853000 231718
4854000 231719
4855000 231810
4856000 231775
4857000 231737
4858000 231729
4859000 231729
4860000 231833
4861000 231805
4862000 231770
4863000 231762
4864000 231750
4865000 231850
4866000 231817
4867000 231770
4868000 231760
4869000 231754
4870000 231859
4871000 231832
4872000 231777
4873000 231774
4874000 231772
4875000 231893
4876000 231864
4877000 231808
4878000 231801
4879000 231797
4880000 231894
4881000 231860
4882000 231805
4883000 231791
4884000 231789
4885000 231886
4886000 231860
4887000 231825
4888000 231813
4889000 231805
4890000 231901
4891000 231875
4892000 231831
4893000 231821
4894000 231815
4895000 231906
4896000 231864
4897000 231809
4898000 231794
4899000 231792
4900000 231886
4901000 231845
4902000 231788
4903000 231780
4904000 231776
4905000 231861
4906000 231826
4907000 231782
4908000 231775
4909000 231772
4910000 231872
4911000 231838
4912000 231791
4913000 231779
4914000 231774
4915000 231900
4916000 231863
4917000 231812
4918000 231800
4919000 231798
4920000 231902
4921000 231865
4922000 231815
4923000 231809
4924000 231804
4925000 231906
4926000 231875
4927000 231833
4928000 231818
4929000 231812
4930000 231913
4931000 231877
4932000 231824
4933000 231815
4934000 231818
4935000 231930
4936000 231901
4937000 231852
4938000 231841
4939000 231842
4940000 231938
4941000 231916
4942000 231870
4943000 231862
4944000 231860
4945000 231964
4946000 231940
4947000 231900
4948000 231886
4949000 231883
4950000 231988
4951000 231939
4952000 231891
4953000 231888
4954000 231884
4955000 231961
4956000 231928
4957000 231867
4958000 231859
4959000 231856
4960000 231966
4961000 231933
4962000 231890
4963000 231886
4964000 231884
4965000 231989
4966000 231955
4967000 231900
4968000 231900
4969000 231894
4970000 232002
4971000 231961
4972000 231922
4973000 231918
4974000 231915
4975000 232023
4976000 231989
4977000 231945
4978000 231940
4979000 231931
4980000 232030
4981000 231995
4982000 231946
4983000 231942
4984000 231939
4985000 232032
4986000 232007
4987000 231973
4988000 231959
4989000 231957
4990000 232047
4991000 232012
4992000 231970
4993000 231956
4994000 231952
4995000 232066
4996000 232028
4997000 231984
4998000 231971
4999000 231968
5000000 232082
5001000 232048
5002000 232002
5003000 231995
5004000 231990
5005000 232096
5006000 232072
5007000 232026
5008000 232016
5009000 232009
5010000 232110
5011000 232076
5012000 232022
5013000 232012
5014000 232008
5015000 232103
5016000 232077
5017000 232019
5018000 232010
5019000 232010
5020000 232108
5021000 232084
5022000 232043
5023000 232028
5024000 232025
5025000 232125
5026000 232086
5027000 232051
5028000 232041
5029000 232034
5030000 232147
5031000 232114
5032000 232073
5033000 232061
5034000 232060
5035000 232164
5036000 232129
5037000 232083
5038000 232079
5039000 232079
5040000 232180
5041000 232145
5042000 232098
5043000 232092
5044000 232091
5045000 232201
5046000 232155
5047000 232113
5048000 232108
5049000 232104
5050000 232192
5051000 232164
5052000 232117
5053000 232103
5054000 232101
5055000 232186
5056000 232164
5057000 232121
5058000 232117
5059000 232104
5060000 232210
5061000 232167
5062000 232128
5063000 232121
5064000 232117
5065000 232212
5066000 232181
5067000 232113
5068000 232095
5069000 232090
5070000 232180
5071000 232151
5072000 232103
5073000 232095
5074000 232088
5075000 232187
5076000 232143
5077000 232100
5078000 232091
5079000 232086
5080000 232178
5081000 232151
5082000 232102
5083000 232094
5084000 232085
5085000 232186
5086000 232154
5087000 232117
5088000 232108
5089000 232104
5090000 232217
5091000 232179
5092000 232138
5093000 232136
5094000 232133
5095000 232238
5096000 232205
5097000 232153
5098000 232148
5099000 232147
5100000 232252
5101000 232206
5102000 232166
5103000 232164
5104000 232161
5105000 232276
5106000 232241
5107000 232195
5108000 232187
5109000 232184
5110000 232301
5111000 232267
5112000 232197
5113000 232187
5114000 232187
5115000 232296
5116000 232256
5117000 232199
5118000 232195
5119000 232193
5120000 232286
5121000 232251
5122000 232203
5123000 232202
5124000 232194
5125000 232302
5126000 232274
5127000 232237
5128000 232235
5129000 232233
5130000 232326
5131000 232291
5132000 232238
5133000 232226
5134000 232226
5135000 232323
5136000 232285
5137000 232235
5138000 232224
5139000 232228
5140000 232357
5141000 232320
5142000 232275
5143000 232267
5144000 232260
5145000 232363
5146000 232319
5147000 232284
5148000 232273
5149000 232275
5150000 232404
5151000 232377
5152000 232329
5153000 232314
5154000 232306
5155000 232422
5156000 232378
5157000 232338
5158000 232330
5159000 232322
5160000 232413
5161000 232393
5162000 232340
5163000 232318
5164000 232312
5165000 232437
5166000 232388
5167000 232353
5168000 232341
5169000 232341
5170000 232452
5171000 232413
5172000 232364
5173000 232359
5174000 232353
5175000 232460
5176000 232417
5177000 232365
5178000 232361
5179000 232362
5180000 232442
5181000 232420
5182000 232363
5183000 232355
5184000 232353
5185000 232462
5186000 232427
5187000 232370
5188000 232361
5189000 232360
5190000 232470
5191000 232438
5192000 232390
5193000 232382
5194000 232377
5195000 232478
5196000 232446
5197000 232407
5198000 232398
5199000 232399
5200000 232511
5201000 232493
5202000 232466
5203000 232461
5204000 232452
5205000 232562
5206000 232522
5207000 232474
5208000 232474
5209000 232472
5210000 232576
5211000 232536
5212000 232495
5213000 232493
5214000 232490
5215000 232587
5216000 232555
5217000 232513
5218000 232506
5219000 232506
5220000 232596
5221000 232557
5222000 232519
5223000 232511
5224000 232510
5225000 232600
5226000 232577
5227000 232522
5228000 232520
5229000 232515
5230000 232647
5231000 232608
5232000 232561
5233000 232549
5234000 232550
5235000 232647
5236000 232599
5237000 232546
5238000 232535
5239000 232529
5240000 232634
5241000 232596
5242000 232554
5243000 232547
5244000 232547
5245000 232661
5246000 232626
5247000 232576
5248000 232564
5249000 232567
5250000 232667
5251000 232637
5252000 232589
5253000 232582
5254000 232583
5255000 232694
5256000 232667
5257000 232625
5258000 232618
5259000 232615
5260000 232718
5261000 232672
5262000 232627
5263000 232610
5264000 232609
5265000 232709
5266000 232678
5267000 232629
5268000 232619
5269000 232614
5270000 232698
5271000 232661
5272000 232618
5273000 232607
5274000 232606
5275000 232718
5276000 232681
5277000 232643
5278000 232631
5279000 232628
5280000 232738
5281000 232711
5282000 232658
5283000 232647
5284000 232648
5285000 232770
5286000 232738
5287000 232694
5288000 232680
5289000 232676
5290000 232771
5291000 232734
5292000 232691
5293000 232686
5294000 232687
5295000 232792
5296000 232761
5297000 232725
5298000 232712
5299000 232713
5300000 232820
5301000 232791
5302000 232740
5303000 232733
5304000 232726
5305000 232820
5306000 232792
5307000 232748
5308000 232746
5309000 232749
5310000 232843
5311000 232816
5312000 232783
5313000 232775
5314000 232770
5315000 232870
5316000 232836
5317000 232784
5318000 232776
5319000 232768
5320000 232886
5321000 232860
5322000 232814
5323000 232803
5324000 232804
5325000 232915
5326000 232882
5327000 232846
5328000 232837
5329000 232838
5330000 232926
5331000 232897
5332000 232856
5333000 232848
5334000 232843
5335000 232936
5336000 232905
5337000 232866
5338000 232854
5339000 232853
5340000 232962
5341000 232925
5342000 232877
5343000 232865
5344000 232862
5345000 232976
5346000 232946
5347000 232915
5348000 232910
5349000 232904
5350000 232994
5351000 232966
5352000 232917
5353000 232906
5354000 232901
5355000 233002
5356000 232975
5357000 232924
5358000 232922
5359000 232920
5360000 233011
5361000 232983
5362000 232946
5363000 232930
5364000 232928
5365000 233043
5366000 233014
5367000 232982
5368000 232971
5369000 232965
5370000 233070
5371000 233034
5372000 232987
5373000 232976
5374000 232968
5375000 233066
5376000 233037
5377000 232986
5378000 232978
5379000 232973
5380000 233067
5381000 233039
5382000 233003
5383000 232999
5384000 232999
5385000 233121
5386000 233090
5387000 233047
5388000 233038
5389000 233043
5390000 233158
5391000 233134
5392000 233086
5393000 233078
5394000 233075
5395000 233178
5396000 233141
5397000 233083
5398000 233082
5399000 233081
5400000 233182
5401000 233148
5402000 233112
5403000 233105
5404000 233107
5405000 233196
5406000 233165
5407000 233112
5408000 233096
5409000 233097
5410000 233203
5411000 233187
5412000 233149
5413000 233139
5414000 233142
5415000 233257
5416000 233223
5417000 233173
5418000 233167
5419000 233164
5420000 233279
5421000 233241
5422000 233205
5423000 233198
5424000 233201
5425000 233291
5426000 233257
5427000 233213
5428000 233202
5429000 233204
5430000 233316
5431000 233289
5432000 233254
5433000 233250
5434000 233246
5435000 233348
5436000 233290
5437000 233247
5438000 233236
5439000 233230
5440000 233329
5441000 233291
5442000 233249
5443000 233241
5444000 233234
5445000 233338
5446000 233302
5447000 233253
5448000 233247
5449000 233243
5450000 233368
5451000 233335
5452000 233271
5453000 233264
5454000 233260
5455000 233365
5456000 233329
5457000 233286
5458000 233275
5459000 233272
5460000 233383
5461000 233356
5462000 233301
5463000 233288
5464000 233287
5465000 233401
5466000 233369
5467000 233326
5468000 233317
5469000 233317
5470000 233423
5471000 233393
5472000 233346
5473000 233339
5474000 233341
5475000 233454
5476000 233422
5477000 233378
5478000 233376
5479000 233373
5480000 233483
5481000 233451
5482000 233408
5483000 233400
5484000 233395
5485000 233508
5486000 233467
5487000 233424
5488000 233417
5489000 233408
5490000 233494
5491000 233458
5492000 233425
5493000 233414
5494000 233407
5495000 233522
5496000 233485
5497000 233441
5498000 233427
5499000 233422
5500000 233526
5501000 233499
5502000 233459
5503000 233456
5504000 233452
5505000 233566
5506000 233531
5507000 233490
5508000 233473
5509000 233478
5510000 233574
5511000 233538
5512000 233484
5513000 233478
5514000 233481
5515000 233588
5516000 233550
5517000 233497
5518000 233487
5519000 233483
5520000 233587
5521000 233547
5522000 233513
5523000 233508
5524000 233506
5525000 233629
5526000 233594
5527000 233548
5528000 233543
5529000 233536
5530000 233630
5531000 233597
5532000 233546
5533000 233539
5534000 233536
5535000 233628
5536000 233601
5537000 233552
5538000 233543
5539000 233537
5540000 233650
5541000 233619
5542000 233579
5543000 233575
5544000 233572
5545000 233667
5546000 233642
5547000 233582
5548000 233576
5549000 233573
5550000 233676
5551000 233650
5552000 233606
5553000 233603
5554000 233596
5555000 233720
5556000 233670
5557000 233624
5558000 233614
5559000 233616
5560000 233714
5561000 233675
5562000 233632
5563000 233626
5564000 233626
5565000 233753
5566000 233724
5567000 233667
5568000 233658
5569000 233656
5570000 233773
5571000 233737
5572000 233698
5573000 233698
5574000 233690
5575000 233783
5576000 233747
5577000 233720
5578000 233718
5579000 233711
5580000 233801
5581000 233762
5582000 233726
5583000 233708
5584000 233702
5585000 233799
5586000 233769
5587000 233724
5588000 233718
5589000 233718
5590000 233818
5591000 233783
5592000 233723
5593000 233714
5594000 233709
5595000 233820
5596000 233784
5597000 233738
5598000 233723
5599000 233724
5600000 233840
5601000 233799
5602000 233755
5603000 233754
5604000 233750
5605000 233863
5606000 233826
5607000 233785
5608000 233776
5609000 233780
5610000 233909
5611000 233873
5612000 233827
5613000 233822
5614000 233819
5615000 233912
5616000 233873
5617000 233831
5618000 233821
5619000 233823
5620000 233948
5621000 233907
5622000 233866
5623000 233863
5624000 233856
5625000 233953
5626000 233906
5627000 233854
5628000 233852
5629000 233852
5630000 233958
5631000 233926
5632000 233861
5633000 233847
5634000 233845
5635000 233940
5636000 233911
5637000 233865
5638000 233854
5639000 233846
5640000 233969
5641000 233934
5642000 233888
5643000 233885
5644000 233883
5645000 233976
5646000 233941
5647000 233893
5648000 233881
5649000 233876
5650000 233987
5651000 233947
5652000 233894
5653000 233891
5654000 233887
5655000 233987
5656000 233946
5657000 233887
5658000 233881
5659000 233882
5660000 234012
5661000 233976
5662000 233940
5663000 233930
5664000 233926
5665000 234040
5666000 233999
5667000 233961
5668000 233956
5669000 233948
5670000 234061
5671000 234022
5672000 233983
5673000 233977
5674000 233975
5675000 234093
5676000 234061
5677000 234015
5678000 234001
5679000 234000
5680000 234085
5681000 234058
5682000 234015
5683000 234005
5684000 234007
5685000 234112
5686000 234078
5687000 234033
5688000 234022
5689000 234021
5690000 234145
5691000 234114
5692000 234054
5693000 234043
5694000 234043
5695000 234163
5696000 234124
5697000 234080
5698000 234070
5699000 234068
5700000 234182
5701000 234148
5702000 234114
5703000 234108
5704000 234107
5705000 234192
5706000 234149
5707000 234108
5708000 234099
5709000 234089
5710000 234183
5711000 234149
5712000 234113
5713000 234110
5714000 234109
5715000 234229
5716000 234193
5717000 234139
5718000 234132
5719000 234128
5720000 234258
5721000 234224
5722000 234170
5723000 234155
5724000 234148
5725000 234282
5726000 234234
5727000 234176
5728000 234170
5729000 234170
5730000 234284
5731000 234253
5732000 234199
5733000 234188
5734000 234184
5735000 234304
5736000 234269
5737000 234233
5738000 234226
5739000 234227
5740000 234336
5741000 234305
5742000 234260
5743000 234255
5744000 234249
5745000 234372
5746000 234337
5747000 234286
5748000 234281
5749000 234278
5750000 234379
5751000 234338
5752000 234307
5753000 234299
5754000 234300
5755000 234409
5756000 234380
5757000 234338
5758000 234330
5759000 234322
5760000 234428
5761000 234382
5762000 234327
5763000 234320
5764000 234319
5765000 234422
5766000 234397
5767000 234355
5768000 234342
5769000 234342
5770000 234457
5771000 234417
5772000 234367
5773000 234360
5774000 234360
5775000 234462
5776000 234436
5777000 234403
5778000 234398
5779000 234395
5780000 234502
5781000 234472
5782000 234424
5783000 234416
5784000 234414
5785000 234531
5786000 234497
5787000 234452
5788000 234448
5789000 234442
5790000 234564
5791000 234545
5792000 234492
5793000 234483
5794000 234488
5795000 234595
5796000 234560
5797000 234522
5798000 234520
5799000 234518
5800000 234626
5801000 234599
5802000 234563
5803000 234558
5804000 234557
5805000 234686
5806000 234648
5807000 234605
5808000 234593
5809000 234592
5810000 234695
5811000 234654
5812000 234609
5813000 234601
5814000 234598
5815000 234712
5816000 234670
5817000 234617
5818000 234610
5819000 234606
5820000 234727
5821000 234690
5822000 234649
5823000 234639
5824000 234637
5825000 234750
5826000 234712
5827000 234664
5828000 234650
5829000 234654
5830000 234768
5831000 234738
5832000 234685
5833000 234673
5834000 234674
5835000 234795
5836000 234745
5837000 234702
5838000 234695
5839000 234686
5840000 234786
5841000 234751
5842000 234701
5843000 234692
5844000 234694
5845000 234823
5846000 234795
5847000 234746
5848000 234735
5849000 234737
5850000 234834
5851000 234795
5852000 234744
5853000 234739
5854000 234739
5855000 234858
5856000 234828
5857000 234796
5858000 234796
5859000 234795
5860000 234909
5861000 234864
5862000 234816
5863000 234796
5864000 234792
5865000 234889
5866000 234855
5867000 234800
5868000 234788
5869000 234788
5870000 234899
5871000 234872
5872000 234837
5873000 234827
5874000 234826
5875000 234932
5876000 234898
5877000 234867
5878000 234862
5879000 234859
5880000 234948
5881000 234923
5882000 234869
5883000 234860
5884000 234852
5885000 234964
5886000 234930
5887000 234887
5888000 234874
5889000 234869
5890000 234978
5891000 234945
5892000 234910
5893000 234905
5894000 234905
5895000 235022
5896000 234979
5897000 234931
5898000 234925
5899000 234921
5900000 235039
5901000 235015
5902000 234957
5903000 234943
5904000 234944
5905000 235048
5906000 235000
5907000 234958
5908000 234950
5909000 234944
5910000 235053
5911000 235021
5912000 234974
5913000 234962
5914000 234961
5915000 235079
5916000 235047
5917000 235005
5918000 234997
5919000 234995
5920000 235112
5921000 235077
5922000 235021
5923000 235011
5924000 235008
5925000 235110
5926000 235082
5927000 235028
5928000 235022
5929000 235024
5930000 235146
5931000 235110
5932000 235055
5933000 235050
5934000 235053
5935000 235158
5936000 235117
5937000 235077
5938000 235067
5939000 235065
5940000 235187
5941000 235143
5942000 235110
5943000 235106
5944000 235105
5945000 235223
5946000 235189
5947000 235144
5948000 235136
5949000 235137
5950000 235261
5951000 235217
5952000 235180
5953000 235178
5954000 235173
5955000 235290
5956000 235249
5957000 235204
5958000 235193
5959000 235192
5960000 235311
5961000 235274
5962000 235220
5963000 235205
5964000 235203
5965000 235326
5966000 235283
5967000 235222
5968000 235213
5969000 235197
5970000 235308
5971000 235284
5972000 235231
5973000 235225
5974000 235225
5975000 235354
5976000 235310
5977000 235263
5978000 235257
5979000 235258
5980000 235370
5981000 235351
5982000 235317
5983000 235310
5984000 235309
5985000 235422
5986000 235381
5987000 235337
5988000 235326
5989000 235329
5990000 235450
5991000 235408
5992000 235359
5993000 235354
5994000 235360
5995000 235462
5996000 235436
5997000 235379
5998000 235370
5999000 235368
6000000 235491
6001000 235458
6002000 235406
6003000 235396
6004000 235391
6005000 235493
6006000 235457
6007000 235413
6008000 235413
6009000 235409
6010000 235537
6011000 235507
6012000 235461
6013000 235456
6014000 235454
6015000 235551
6016000 235524
6017000 235478
6018000 235467
6019000 235463
6020000 235562
6021000 235525
6022000 235468
6023000 235457
6024000 235452
6025000 235559
6026000 235530
6027000 235479
6028000 235469
6029000 235467
6030000 235584
6031000 235555
6032000 235513
6033000 235504
6034000 235503
6035000 235618
6036000 235589
6037000 235525
6038000 235523
6039000 235523
6040000 235650
6041000 235621
6042000 235590
6043000 235582
6044000 235584
6045000 235698
6046000 235666
6047000 235626
6048000 235628
6049000 235634
6050000 235747
6051000 235715
6052000 235675
6053000 235665
6054000 235667
6055000 235776
6056000 235734
6057000 235694
6058000 235687
6059000 235690
6060000 235804
6061000 235760
6062000 235723
6063000 235709
6064000 235706
6065000 235790
6066000 235748
6067000 235710
6068000 235705
6069000 235697
6070000 235800
6071000 235750
6072000 235705
6073000 235702
6074000 235701
6075000 235815
6076000 235797
6077000 235762
6078000 235753
6079000 235753
6080000 235862
6081000 235830
6082000 235782
6083000 235785
6084000 235780
6085000 235892
6086000 235858
6087000 235811
6088000 235810
6089000 235808
6090000 235925
6091000 235895
6092000 235831
6093000 235827
6094000 235827
6095000 235963
6096000 235925
6097000 235880
6098000 235875
6099000 235871
6100000 235991
6101000 235976
6102000 235921
6103000 235913
6104000 235912
6105000 236013
6106000 235974
6107000 235932
6108000 235928
6109000 235928
6110000 236033
6111000 236004
6112000 235966
6113000 235957
6114000 235953
6115000 236045
6116000 236008
6117000 235968
6118000 235949
6119000 235951
6120000 236079
6121000 236045
6122000 236004
6123000 235999
6124000 235999
6125000 236100
6126000 236068
6127000 236018
6128000 236015
6129000 236013
6130000 236129
6131000 236091
6132000 236040
6133000 236040
6134000 236045
6135000 236151
6136000 236126
6137000 236083
6138000 236075
6139000 236072
6140000 236182
6141000 236138
6142000 236083
6143000 236082
6144000 236080
6145000 236199
6146000 236169
6147000 236128
6148000 236123
6149000 236124
6150000 236223
6151000 236186
6152000 236148
6153000 236141
6154000 236131
6155000 236243
6156000 236213
6157000 236173
6158000 236169
6159000 236163
6160000 236282
6161000 236239
6162000 236192
6163000 236190
6164000 236191
6165000 236307
6166000 236270
6167000 236234
6168000 236222
6169000 236224
6170000 236324
6171000 236287
6172000 236234
6173000 236227
6174000 236227
6175000 236344
6176000 236318
6177000 236266
6178000 236265
6179000 236265
6180000 236378
6181000 236341
6182000 236280
6183000 236276
6184000 236274
6185000 236383
6186000 236349
6187000 236291
6188000 236283
6189000 236291
6190000 236391
6191000 236363
6192000 236305
6193000 236300
6194000 236300
6195000 236405
6196000 236366
6197000 236309
6198000 236305
6199000 236304
6200000 236422
6201000 236377
6202000 236330
6203000 236328
6204000 236326
6205000 236422
6206000 236393
6207000 236350
6208000 236339
6209000 236337
6210000 236445
6211000 236413
6212000 236369
6213000 236363
6214000 236365
6215000 236477
6216000 236434
6217000 236384
6218000 236374
6219000 236370
6220000 236478
6221000 236440
6222000 236394
6223000 236385
6224000 236389
6225000 236505
6226000 236475
6227000 236434
6228000 236436
6229000 236437
6230000 236548
6231000 236520
6232000 236482
6233000 236472
6234000 236470
6235000 236588
6236000 236546
6237000 236506
6238000 236505
6239000 236506
6240000 236627
6241000 236602
6242000 236565
6243000 236551
6244000 236551
6245000 236657
6246000 236625
6247000 236588
6248000 236579
6249000 236581
6250000 236684
6251000 236650
6252000 236620
6253000 236616
6254000 236615
6255000 236720
6256000 236691
6257000 236635
6258000 236623
6259000 236617
6260000 236748
6261000 236710
6262000 236658
6263000 236645
6264000 236643
6265000 236738
6266000 236704
6267000 236649
6268000 236640
6269000 236636
6270000 236756
6271000 236723
6272000 236679
6273000 236676
6274000 236675
6275000 236766
6276000 236719
6277000 236679
6278000 236670
6279000 236661
6280000 236772
6281000 236743
6282000 236697
6283000 236686
6284000 236680
6285000 236791
6286000 236741
6287000 236701
6288000 236693
6289000 236695
6290000 236823
6291000 236788
6292000 236740
6293000 236728
6294000 236724
6295000 236832
6296000 236798
6297000 236757
6298000 236757
6299000 236756
6300000 236871
6301000 236832
6302000 236791
6303000 236782
6304000 236786
6305000 236898
6306000 236868
6307000 236815
6308000 236809
6309000 236803
6310000 236918
6311000 236864
6312000 236830
6313000 236823
6314000 236820
6315000 236934
6316000 236899
6317000 236840
6318000 236835
6319000 236831
6320000 236945
6321000 236901
6322000 236841
6323000 236830
6324000 236830
6325000 236938
6326000 236910
6327000 236868
6328000 236858
6329000 236858
6330000 236968
6331000 236938
6332000 236897
6333000 236894
6334000 236897
6335000 237010
6336000 236971
6337000 236921
6338000 236908
6339000 236908
6340000 237026
6341000 236991
6342000 236937
6343000 236935
6344000 236924
6345000 237022
