1000   83
2000   117
3000   18
4000   0
5000   0
6000   32
7000   59
8000   11
9000   1
10000   0
11000   39
12000   53
13000   10
14000   0
15000   0
16000   35
17000   43
18000   8
19000   0
20000   0
21000   39
22000   54
23000   9
24000   0
25000   0
26000   39
27000   53
28000   9
29000   0
30000   0
31000   35
32000   39
33000   9
34000   0
35000   2
36000   30
37000   55
38000   12
39000   1
40000   3
41000   26
42000   44
43000   7
44000   2
45000   1
46000   31
47000   42
48000   0
49000   0
50000   1
51000   34
52000   36
53000   1
54000   1
55000   0
56000   30
57000   37
58000   6
59000   0
60000   1
61000   21
62000   44
63000   12
64000   0
65000   1
66000   37
67000   35
68000   2
69000   0
70000   0
71000   32
72000   36
73000   4
74000   0
75000   1
76000   35
77000   50
78000   6
79000   0
80000   0
81000   32
82000   41
83000   10
84000   1
85000   0
86000   37
87000   32
88000   5
89000   1
90000   0
91000   22
92000   31
93000   4
94000   0
95000   0
96000   28
97000   37
98000   9
99000   3
100000   0
101000   27
102000   39
103000   3
104000   3
105000   2
106000   27
107000   45
108000   6
109000   0
110000   0
111000   38
112000   44
113000   11
114000   1
115000   2
116000   23
117000   47
118000   2
119000   0
120000   0
121000   18
122000   32
123000   1
124000   0
125000   0
126000   30
127000   37
128000   11
129000   3
130000   1
131000   22
132000   38
133000   8
134000   1
135000   1
136000   25
137000   35
138000   5
139000   1
140000   0
141000   29
142000   24
143000   7
144000   0
145000   0
146000   26
147000   30
148000   11
149000   1
150000   0
151000   21
152000   38
153000   6
154000   1
155000   0
156000   26
157000   39
158000   4
159000   2
160000   1
161000   32
162000   30
163000   4
164000   0
165000   0
166000   31
167000   37
168000   10
169000   2
170000   0
171000   33
172000   38
173000   6
174000   0
175000   1
176000   28
177000   37
178000   3
179000   0
180000   1
181000   32
182000   27
183000   7
184000   1
185000   2
186000   26
187000   34
188000   9
189000   1
190000   1
191000   26
192000   32
193000   8
194000   1
195000   0
196000   32
197000   38
198000   6
199000   0
200000   0
201000   26
202000   41
203000   6
204000   1
205000   2
206000   34
207000   32
208000   2
209000   1
210000   2
211000   13
212000   24
213000   8
214000   2
215000   0
216000   21
217000   37
218000   8
219000   1
220000   1
221000   30
222000   40
223000   8
224000   1
225000   0
226000   25
227000   40
228000   5
229000   1
230000   1
231000   25
232000   28
233000   4
234000   1
235000   0
236000   26
237000   33
238000   7
239000   4
240000   1
241000   26
242000   28
243000   4
244000   0
245000   0
246000   24
247000   39
248000   5
249000   1
250000   0
251000   17
252000   30
253000   7
254000   1
255000   1
256000   18
257000   26
258000   6
259000   5
260000   1
261000   27
262000   36
263000   10
264000   2
265000   2
266000   25
267000   33
268000   10
269000   2
270000   1
271000   33
272000   32
273000   7
274000   2
275000   0
276000   31
277000   33
278000   6
279000   2
280000   1
281000   30
282000   41
283000   9
284000   0
285000   2
286000   28
287000   30
288000   10
289000   1
290000   1
291000   29
292000   33
293000   5
294000   1
295000   1
296000   24
297000   36
298000   8
299000   2
300000   1
301000   22
302000   25
303000   6
304000   2
305000   1
306000   29
307000   34
308000   3
309000   1
310000   1
311000   25
312000   29
313000   3
314000   1
315000   1
316000   20
317000   25
318000   6
319000   1
320000   1
321000   31
322000   26
323000   4
324000   2
325000   0
326000   24
327000   40
328000   11
329000   2
330000   0
331000   24
332000   37
333000   7
334000   1
335000   1
336000   37
337000   35
338000   5
339000   0
340000   2
341000   24
342000   36
343000   4
344000   0
345000   0
346000   21
347000   26
348000   6
349000   0
350000   1
351000   27
352000   33
353000   6
354000   1
355000   0
356000   27
357000   29
358000   7
359000   0
360000   1
361000   29
362000   38
363000   6
364000   0
365000   1
366000   23
367000   48
368000   5
369000   2
370000   0
371000   22
372000   42
373000   7
374000   0
375000   0
376000   26
377000   33
378000   8
379000   0
380000   0
381000   29
382000   43
383000   6
384000   1
385000   0
386000   21
387000   23
388000   6
389000   2
390000   1
391000   33
392000   42
393000   7
394000   0
395000   1
396000   23
397000   40
398000   10
399000   0
400000   2
401000   19
402000   35
403000   5
404000   1
405000   0
406000   26
407000   45
408000   6
409000   2
410000   1
411000   21
412000   21
413000   12
414000   4
415000   0
416000   33
417000   34
418000   5
419000   0
420000   2
421000   29
422000   31
423000   10
424000   1
425000   0
426000   16
427000   32
428000   8
429000   0
430000   0
431000   30
432000   36
433000   7
434000   3
435000   0
436000   25
437000   37
438000   6
439000   0
440000   1
441000   32
442000   41
443000   3
444000   0
445000   3
446000   24
447000   40
448000   5
449000   2
450000   0
451000   28
452000   36
453000   5
454000   2
455000   0
456000   19
457000   36
458000   10
459000   2
460000   2
461000   27
462000   36
463000   8
464000   0
465000   2
466000   30
467000   34
468000   5
469000   1
470000   0
471000   23
472000   40
473000   4
474000   2
475000   2
476000   23
477000   37
478000   8
479000   2
480000   0
481000   29
482000   32
483000   6
484000   2
485000   3
486000   29
487000   46
488000   14
489000   2
490000   0
491000   30
492000   40
493000   8
494000   1
495000   0
496000   15
497000   30
498000   8
499000   0
500000   1
501000   30
502000   37
503000   9
504000   1
505000   1
506000   21
507000   45
508000   5
509000   1
510000   3
511000   14
512000   37
513000   5
514000   1
515000   0
516000   23
517000   37
518000   10
519000   3
520000   2
521000   20
522000   41
523000   0
524000   1
525000   2
526000   34
527000   33
528000   10
529000   0
530000   0
531000   21
532000   38
533000   10
534000   2
535000   0
536000   24
537000   29
538000   3
539000   3
540000   1
541000   23
542000   36
543000   2
544000   2
545000   2
546000   31
547000   48
548000   14
549000   1
550000   3
551000   15
552000   35
553000   5
554000   0
555000   1
556000   23
557000   31
558000   3
559000   0
560000   0
561000   21
562000   27
563000   6
564000   1
565000   1
566000   29
567000   34
568000   2
569000   0
570000   4
571000   34
572000   33
573000   4
574000   1
575000   1
576000   26
577000   34
578000   5
579000   0
580000   0
581000   25
582000   36
583000   6
584000   1
585000   1
586000   28
587000   27
588000   4
589000   3
590000   1
591000   25
592000   32
593000   5
594000   2
595000   0
596000   28
597000   33
598000   4
599000   2
600000   0
601000   21
602000   34
603000   7
604000   0
605000   0
606000   29
607000   34
608000   6
609000   1
610000   2
611000   23
612000   26
613000   5
614000   1
615000   0
616000   25
617000   36
618000   3
619000   2
620000   1
621000   31
622000   31
623000   5
624000   2
625000   0
626000   24
627000   22
628000   3
629000   1
630000   0
631000   28
632000   30
633000   10
634000   2
635000   1
636000   19
637000   39
638000   2
639000   0
640000   2
641000   29
642000   24
643000   5
644000   3
645000   2
646000   19
647000   33
648000   6
649000   1
650000   1
651000   24
652000   29
653000   7
654000   0
655000   1
656000   30
657000   34
658000   5
659000   0
660000   2
661000   24
662000   38
663000   2
664000   3
665000   0
666000   32
667000   32
668000   6
669000   0
670000   1
671000   17
672000   31
673000   11
674000   1
675000   1
676000   28
677000   26
678000   9
679000   0
680000   0
681000   24
682000   37
683000   6
684000   1
685000   1
686000   26
687000   24
688000   9
689000   0
690000   2
691000   26
692000   28
693000   7
694000   1
695000   2
696000   29
697000   41
698000   2
699000   3
700000   0
701000   23
702000   34
703000   6
704000   2
705000   0
706000   26
707000   25
708000   6
709000   4
710000   1
711000   29
712000   38
713000   3
714000   0
715000   0
716000   23
717000   34
718000   4
719000   0
720000   0
721000   10
722000   29
723000   6
724000   2
725000   1
726000   25
727000   31
728000   9
729000   2
730000   0
731000   32
732000   44
733000   8
734000   1
735000   2
736000   20
737000   30
738000   8
739000   4
740000   1
741000   27
742000   28
743000   11
744000   0
745000   1
746000   22
747000   33
748000   5
749000   0
750000   0
751000   24
752000   39
753000   7
754000   2
755000   1
756000   29
757000   28
758000   8
759000   1
760000   0
761000   20
762000   30
763000   4
764000   1
765000   1
766000   28
767000   29
768000   7
769000   1
770000   0
771000   31
772000   47
773000   3
774000   1
775000   1
776000   22
777000   29
778000   7
779000   1
780000   0
781000   24
782000   36
783000   9
784000   0
785000   1
786000   27
787000   36
788000   4
789000   2
790000   3
791000   21
792000   33
793000   5
794000   0
795000   1
796000   25
797000   32
798000   3
799000   1
800000   0
801000   17
802000   32
803000   7
804000   1
805000   1
806000   39
807000   39
808000   4
809000   2
810000   0
811000   29
812000   45
813000   2
814000   0
815000   0
816000   19
817000   34
818000   7
819000   0
820000   0
821000   19
822000   35
823000   7
824000   2
825000   0
826000   28
827000   37
828000   6
829000   2
830000   4
831000   25
832000   29
833000   2
834000   0
835000   0
836000   28
837000   33
838000   4
839000   0
840000   2
841000   25
842000   42
843000   3
844000   0
845000   1
846000   26
847000   38
848000   4
849000   0
850000   0
851000   29
852000   21
853000   7
854000   2
855000   2
856000   25
857000   27
858000   5
859000   0
860000   0
861000   26
862000   25
863000   8
864000   2
865000   0
866000   20
867000   29
868000   7
869000   3
870000   4
871000   26
872000   38
873000   6
874000   1
875000   0
876000   22
877000   24
878000   5
879000   0
880000   2
881000   26
882000   28
883000   4
884000   2
885000   0
886000   29
887000   28
888000   7
889000   0
890000   0
891000   29
892000   29
893000   3
894000   2
895000   2
896000   18
897000   38
898000   2
899000   1
900000   1
901000   27
902000   40
903000   5
904000   0
905000   2
906000   24
907000   27
908000   2
909000   2
910000   2
911000   20
912000   31
913000   3
914000   0
915000   0
916000   24
917000   33
918000   7
919000   4
920000   1
921000   18
922000   36
923000   3
924000   1
925000   1
926000   24
927000   33
928000   7
929000   1
930000   2
931000   23
932000   29
933000   7
934000   1
935000   0
936000   20
937000   31
938000   8
939000   2
940000   0
941000   28
942000   23
943000   6
944000   1
945000   2
946000   22
947000   38
948000   5
949000   0
950000   0
951000   28
952000   36
953000   9
954000   0
955000   1
956000   20
957000   19
958000   2
959000   1
960000   1
961000   25
962000   39
963000   7
964000   0
965000   3
966000   25
967000   42
968000   7
969000   1
970000   1
971000   28
972000   31
973000   4
974000   1
975000   1
976000   32
977000   38
978000   4
979000   0
980000   1
981000   18
982000   36
983000   6
984000   1
985000   0
986000   27
987000   32
988000   4
989000   1
990000   3
991000   26
992000   28
993000   6
994000   2
995000   1
996000   27
997000   39
998000   6
999000   0
1000000   2
1001000   36
1002000   34
1003000   8
1004000   1
1005000   1
1006000   22
1007000   25
1008000   4
1009000   1
1010000   0
1011000   25
1012000   37
1013000   9
1014000   3
1015000   3
1016000   25
1017000   34
1018000   8
1019000   0
1020000   2
1021000   29
1022000   30
1023000   6
1024000   1
1025000   0
1026000   21
1027000   25
1028000   3
1029000   1
1030000   1
1031000   23
1032000   37
1033000   5
1034000   2
1035000   2
1036000   18
1037000   44
1038000   2
1039000   2
1040000   2
1041000   22
1042000   45
1043000   6
1044000   0
1045000   0
1046000   30
1047000   30
1048000   10
1049000   2
1050000   2
1051000   24
1052000   28
1053000   5
1054000   2
1055000   1
1056000   22
1057000   29
1058000   3
1059000   1
1060000   0
1061000   23
1062000   41
1063000   7
1064000   1
1065000   0
1066000   26
1067000   28
1068000   5
1069000   1
1070000   0
1071000   22
1072000   32
1073000   5
1074000   0
1075000   1
1076000   24
1077000   27
1078000   6
1079000   1
1080000   0
1081000   24
1082000   41
1083000   3
1084000   2
1085000   0
1086000   25
1087000   31
1088000   10
1089000   3
1090000   3
1091000   24
1092000   38
1093000   5
1094000   3
1095000   1
1096000   25
1097000   35
1098000   7
1099000   2
1100000   0
1101000   23
1102000   29
1103000   8
1104000   2
1105000   1
1106000   31
1107000   27
1108000   7
1109000   2
1110000   2
1111000   22
1112000   48
1113000   2
1114000   5
1115000   1
1116000   23
1117000   29
1118000   4
1119000   0
1120000   0
1121000   25
1122000   31
1123000   10
1124000   0
1125000   0
1126000   20
1127000   38
1128000   5
1129000   0
1130000   0
1131000   23
1132000   30
1133000   11
1134000   2
1135000   1
1136000   27
1137000   34
1138000   0
1139000   3
1140000   1
1141000   24
1142000   46
1143000   7
1144000   1
1145000   1
1146000   27
1147000   41
1148000   4
1149000   1
1150000   2
1151000   30
1152000   31
1153000   4
1154000   0
1155000   0
1156000   18
1157000   41
1158000   6
1159000   0
1160000   0
1161000   23
1162000   46
1163000   2
1164000   2
1165000   0
1166000   30
1167000   31
1168000   5
1169000   1
1170000   2
1171000   29
1172000   30
1173000   8
1174000   1
1175000   0
1176000   30
1177000   29
1178000   9
1179000   0
1180000   0
1181000   19
1182000   29
1183000   8
1184000   2
1185000   3
1186000   25
1187000   27
1188000   6
1189000   1
1190000   0
1191000   19
1192000   24
1193000   3
1194000   0
1195000   1
1196000   25
1197000   23
1198000   3
1199000   2
1200000   1
1201000   26
1202000   40
1203000   7
1204000   1
1205000   0
1206000   31
1207000   34
1208000   6
1209000   0
1210000   0
1211000   30
1212000   32
1213000   8
1214000   0
1215000   1
1216000   25
1217000   32
1218000   6
1219000   2
1220000   0
1221000   32
1222000   37
1223000   5
1224000   0
1225000   0
1226000   27
1227000   20
1228000   4
1229000   0
1230000   1
1231000   33
1232000   29
1233000   4
1234000   0
1235000   1
1236000   19
1237000   28
1238000   8
1239000   0
1240000   0
1241000   19
1242000   31
1243000   6
1244000   0
1245000   1
1246000   18
1247000   32
1248000   4
1249000   4
1250000   1
1251000   19
1252000   20
1253000   9
1254000   0
1255000   2
1256000   30
1257000   36
1258000   3
1259000   1
1260000   1
1261000   33
1262000   40
1263000   6
1264000   1
1265000   1
1266000   28
1267000   36
1268000   3
1269000   0
1270000   1
1271000   35
1272000   27
1273000   7
1274000   1
1275000   1
1276000   24
1277000   40
1278000   4
1279000   1
1280000   0
1281000   27
1282000   37
1283000   7
1284000   1
1285000   1
1286000   33
1287000   34
1288000   3
1289000   0
1290000   0
1291000   24
1292000   34
1293000   2
1294000   0
1295000   2
1296000   28
1297000   34
1298000   5
1299000   2
1300000   3
1301000   28
1302000   25
1303000   7
1304000   1
1305000   0
1306000   30
1307000   35
1308000   5
1309000   2
1310000   0
1311000   23
1312000   46
1313000   6
1314000   0
1315000   1
1316000   21
1317000   38
1318000   6
1319000   0
1320000   1
1321000   16
1322000   33
1323000   8
1324000   1
1325000   2
1326000   24
1327000   31
1328000   2
1329000   2
1330000   0
1331000   21
1332000   38
1333000   7
1334000   0
1335000   1
1336000   19
1337000   37
1338000   8
1339000   0
1340000   1
1341000   21
1342000   24
1343000   10
1344000   0
1345000   2
1346000   24
1347000   27
1348000   11
1349000   1
1350000   2
1351000   32
1352000   41
1353000   3
1354000   0
1355000   1
1356000   18
1357000   47
1358000   4
1359000   0
1360000   2
1361000   36
1362000   39
1363000   6
1364000   0
1365000   0
1366000   28
1367000   39
1368000   3
1369000   0
1370000   1
1371000   29
1372000   34
1373000   7
1374000   3
1375000   0
1376000   31
1377000   26
1378000   6
1379000   0
1380000   0
1381000   19
1382000   29
1383000   2
1384000   1
1385000   0
1386000   14
1387000   32
1388000   3
1389000   1
1390000   0
1391000   21
1392000   30
1393000   6
1394000   2
1395000   2
1396000   19
1397000   31
1398000   7
1399000   1
1400000   3
1401000   21
1402000   18
1403000   7
1404000   0
1405000   1
1406000   27
1407000   29
1408000   4
1409000   3
1410000   1
1411000   25
1412000   42
1413000   6
1414000   0
1415000   0
1416000   26
1417000   32
1418000   12
1419000   1
1420000   0
1421000   15
1422000   33
1423000   7
1424000   0
1425000   0
1426000   23
1427000   29
1428000   6
1429000   2
1430000   1
1431000   21
1432000   29
1433000   6
1434000   0
1435000   1
1436000   24
1437000   29
1438000   2
1439000   3
1440000   2
1441000   19
1442000   26
1443000   3
1444000   0
1445000   2
1446000   20
1447000   45
1448000   6
1449000   0
1450000   1
1451000   18
1452000   32
1453000   7
1454000   1
1455000   0
1456000   31
1457000   34
1458000   3
1459000   2
1460000   1
1461000   23
1462000   35
1463000   8
1464000   1
1465000   0
1466000   24
1467000   30
1468000   3
1469000   1
1470000   0
1471000   21
1472000   33
1473000   2
1474000   1
1475000   1
1476000   24
1477000   36
1478000   7
1479000   2
1480000   1
1481000   20
1482000   39
1483000   8
1484000   0
1485000   0
1486000   32
1487000   29
1488000   4
1489000   2
1490000   1
1491000   23
1492000   46
1493000   5
1494000   0
1495000   2
1496000   24
1497000   18
1498000   7
1499000   2
1500000   1
1501000   22
1502000   29
1503000   1
1504000   2
1505000   1
1506000   24
1507000   26
1508000   5
1509000   3
1510000   1
1511000   21
1512000   32
1513000   5
1514000   2
1515000   1
1516000   24
1517000   31
1518000   9
1519000   1
1520000   0
1521000   17
1522000   31
1523000   7
1524000   0
1525000   0
1526000   21
1527000   38
1528000   7
1529000   2
1530000   0
1531000   17
1532000   31
1533000   3
1534000   0
1535000   1
1536000   28
1537000   29
1538000   9
1539000   2
1540000   0
1541000   29
1542000   39
1543000   6
1544000   3
1545000   1
1546000   25
1547000   36
1548000   8
1549000   2
1550000   1
1551000   17
1552000   34
1553000   6
1554000   0
1555000   1
1556000   21
1557000   36
1558000   6
1559000   1
1560000   1
1561000   21
1562000   37
1563000   5
1564000   1
1565000   1
1566000   22
1567000   25
1568000   7
1569000   1
1570000   1
1571000   23
1572000   38
1573000   8
1574000   2
1575000   1
1576000   29
1577000   33
1578000   5
1579000   0
1580000   1
1581000   27
1582000   33
1583000   8
1584000   5
1585000   1
1586000   25
1587000   30
1588000   6
1589000   2
1590000   1
1591000   17
1592000   29
1593000   4
1594000   1
1595000   3
1596000   19
1597000   23
1598000   5
1599000   3
1600000   1
1601000   18
1602000   43
1603000   3
1604000   3
1605000   0
1606000   27
1607000   35
1608000   6
1609000   3
1610000   1
1611000   21
1612000   37
1613000   2
1614000   0
1615000   1
1616000   26
1617000   28
1618000   5
1619000   0
1620000   1
1621000   22
1622000   39
1623000   5
1624000   0
1625000   1
1626000   29
1627000   38
1628000   4
1629000   1
1630000   1
1631000   26
1632000   35
1633000   5
1634000   0
1635000   1
1636000   21
1637000   49
1638000   5
1639000   1
1640000   2
1641000   29
1642000   31
1643000   7
1644000   0
1645000   1
1646000   20
1647000   47
1648000   7
1649000   3
1650000   2
1651000   30
1652000   28
1653000   6
1654000   1
1655000   1
1656000   32
1657000   31
1658000   4
1659000   1
1660000   1
1661000   25
1662000   32
1663000   7
1664000   0
1665000   2
1666000   26
1667000   22
1668000   8
1669000   1
1670000   0
1671000   16
1672000   27
1673000   5
1674000   3
1675000   1
1676000   34
1677000   37
1678000   3
1679000   2
1680000   1
1681000   27
1682000   35
1683000   10
1684000   2
1685000   2
1686000   23
1687000   28
1688000   9
1689000   2
1690000   2
1691000   27
1692000   37
1693000   4
1694000   3
1695000   1
1696000   29
1697000   32
1698000   7
1699000   1
1700000   0
1701000   27
1702000   36
1703000   12
1704000   0
1705000   0
1706000   21
1707000   30
1708000   12
1709000   1
1710000   0
1711000   23
1712000   40
1713000   8
1714000   2
1715000   0
1716000   20
1717000   20
1718000   6
1719000   2
1720000   1
1721000   15
1722000   37
1723000   4
1724000   2
1725000   1
1726000   24
1727000   37
1728000   6
1729000   2
1730000   3
1731000   25
1732000   46
1733000   8
1734000   2
1735000   0
1736000   22
1737000   24
1738000   4
1739000   2
1740000   1
1741000   20
1742000   36
1743000   8
1744000   1
1745000   5
1746000   21
1747000   33
1748000   8
1749000   1
1750000   1
1751000   24
1752000   37
1753000   14
1754000   0
1755000   3
1756000   33
1757000   33
1758000   4
1759000   4
1760000   1
1761000   28
1762000   35
1763000   5
1764000   3
1765000   0
1766000   23
1767000   30
1768000   8
1769000   0
1770000   2
1771000   28
1772000   42
1773000   3
1774000   2
1775000   0
1776000   28
1777000   27
1778000   3
1779000   0
1780000   1
1781000   24
1782000   37
1783000   3
1784000   0
1785000   1
1786000   22
1787000   33
1788000   5
1789000   1
1790000   1
1791000   28
1792000   37
1793000   3
1794000   0
1795000   2
1796000   23
1797000   25
1798000   6
1799000   2
1800000   1
1801000   21
1802000   40
1803000   4
1804000   1
1805000   3
1806000   24
1807000   33
1808000   8
1809000   0
1810000   2
1811000   23
1812000   28
1813000   4
1814000   0
1815000   0
1816000   19
1817000   35
1818000   4
1819000   4
1820000   2
1821000   26
1822000   40
1823000   6
1824000   6
1825000   1
1826000   26
1827000   45
1828000   9
1829000   1
1830000   2
1831000   20
1832000   33
1833000   3
1834000   0
1835000   1
1836000   18
1837000   27
1838000   3
1839000   2
1840000   0
1841000   15
1842000   33
1843000   4
1844000   0
1845000   1
1846000   18
1847000   32
1848000   4
1849000   1
1850000   3
1851000   33
1852000   39
1853000   8
1854000   1
1855000   1
1856000   22
1857000   41
1858000   5
1859000   2
1860000   0
1861000   27
1862000   31
1863000   6
1864000   0
1865000   1
1866000   20
1867000   35
1868000   9
1869000   0
1870000   1
1871000   28
1872000   24
1873000   9
1874000   2
1875000   1
1876000   18
1877000   34
1878000   4
1879000   1
1880000   3
1881000   28
1882000   41
1883000   8
1884000   1
1885000   3
1886000   32
1887000   27
1888000   4
1889000   1
1890000   0
1891000   18
1892000   38
1893000   3
1894000   1
1895000   2
1896000   25
1897000   42
1898000   4
1899000   1
1900000   1
1901000   19
1902000   33
1903000   8
1904000   3
1905000   3
1906000   27
1907000   33
1908000   4
1909000   2
1910000   2
1911000   27
1912000   25
1913000   8
1914000   4
1915000   1
1916000   23
1917000   33
1918000   9
1919000   0
1920000   1
1921000   20
1922000   37
1923000   4
1924000   2
1925000   1
1926000   31
1927000   39
1928000   8
1929000   0
1930000   0
1931000   26
1932000   45
1933000   7
1934000   0
1935000   2
1936000   28
1937000   42
1938000   3
1939000   0
1940000   3
1941000   25
1942000   25
1943000   5
1944000   1
1945000   1
1946000   24
1947000   37
1948000   6
1949000   1
1950000   2
1951000   21
1952000   46
1953000   8
1954000   3
1955000   2
1956000   20
1957000   38
1958000   5
1959000   3
1960000   4
1961000   20
1962000   40
1963000   6
1964000   3
1965000   1
1966000   29
1967000   36
1968000   5
1969000   0
1970000   0
1971000   23
1972000   29
1973000   8
1974000   2
1975000   2
1976000   27
1977000   34
1978000   5
1979000   0
1980000   0
1981000   27
1982000   33
1983000   3
1984000   0
1985000   1
1986000   29
1987000   33
1988000   11
1989000   1
1990000   0
1991000   29
1992000   34
1993000   7
1994000   0
1995000   1
1996000   26
1997000   32
1998000   3
1999000   0
2000000   0
2001000   26
2002000   34
2003000   5
2004000   0
2005000   0
2006000   20
2007000   35
2008000   5
2009000   0
2010000   4
2011000   26
2012000   36
2013000   5
2014000   1
2015000   2
2016000   30
2017000   26
2018000   6
2019000   0
2020000   0
2021000   31
2022000   45
2023000   5
2024000   2
2025000   2
2026000   28
2027000   36
2028000   3
2029000   2
2030000   2
2031000   29
2032000   33
2033000   5
2034000   4
2035000   1
2036000   32
2037000   39
2038000   4
2039000   0
2040000   1
2041000   30
2042000   32
2043000   7
2044000   1
2045000   0
2046000   23
2047000   27
2048000   6
2049000   1
2050000   1
2051000   27
2052000   29
2053000   9
2054000   1
2055000   0
2056000   23
2057000   39
2058000   8
2059000   0
2060000   0
2061000   27
2062000   33
2063000   11
2064000   1
2065000   0
2066000   29
2067000   32
2068000   8
2069000   1
2070000   0
2071000   36
2072000   28
2073000   7
2074000   0
2075000   0
2076000   27
2077000   22
2078000   7
2079000   1
2080000   3
2081000   18
2082000   23
2083000   4
2084000   4
2085000   0
2086000   24
2087000   38
2088000   5
2089000   0
2090000   4
2091000   21
2092000   34
2093000   1
2094000   2
2095000   1
2096000   20
2097000   36
2098000   4
2099000   1
2100000   0
2101000   29
2102000   25
2103000   3
2104000   0
2105000   1
2106000   33
2107000   34
2108000   6
2109000   3
2110000   0
2111000   23
2112000   45
2113000   11
2114000   0
2115000   2
2116000   23
2117000   34
2118000   5
2119000   2
2120000   0
2121000   33
2122000   34
2123000   8
2124000   1
2125000   2
2126000   33
2127000   30
2128000   5
2129000   1
2130000   1
2131000   29
2132000   36
2133000   4
2134000   1
2135000   4
2136000   27
2137000   33
2138000   5
2139000   0
2140000   0
2141000   20
2142000   37
2143000   4
2144000   2
2145000   0
2146000   17
2147000   32
2148000   3
2149000   0
2150000   0
2151000   25
2152000   32
2153000   8
2154000   0
2155000   0
2156000   29
2157000   36
2158000   5
2159000   1
2160000   2
2161000   21
2162000   34
2163000   2
2164000   1
2165000   1
2166000   29
2167000   25
2168000   9
2169000   1
2170000   2
2171000   24
2172000   38
2173000   3
2174000   2
2175000   2
2176000   18
2177000   32
2178000   8
2179000   2
2180000   0
2181000   37
2182000   28
2183000   12
2184000   4
2185000   2
2186000   22
2187000   39
2188000   6
2189000   2
2190000   0
2191000   25
2192000   48
2193000   8
2194000   1
2195000   1
2196000   27
2197000   39
2198000   2
2199000   1
2200000   0
2201000   31
2202000   37
2203000   6
2204000   2
2205000   0
2206000   27
2207000   32
2208000   7
2209000   0
2210000   3
2211000   20
2212000   33
2213000   7
2214000   0
2215000   3
2216000   28
2217000   29
2218000   3
2219000   2
2220000   0
2221000   19
2222000   33
2223000   6
2224000   1
2225000   2
2226000   25
2227000   34
2228000   4
2229000   0
2230000   1
2231000   27
2232000   29
2233000   2
2234000   1
2235000   0
2236000   21
2237000   28
2238000   11
2239000   0
2240000   0
2241000   24
2242000   29
2243000   3
2244000   0
2245000   2
2246000   28
2247000   24
2248000   4
2249000   0
2250000   1
2251000   25
2252000   34
2253000   7
2254000   4
2255000   3
2256000   20
2257000   37
2258000   4
2259000   3
2260000   1
2261000   28
2262000   38
2263000   7
2264000   2
2265000   2
2266000   24
2267000   31
2268000   7
2269000   1
2270000   1
2271000   27
2272000   33
2273000   5
2274000   1
2275000   1
2276000   22
2277000   28
2278000   4
2279000   1
2280000   4
2281000   23
2282000   27
2283000   4
2284000   3
2285000   2
2286000   24
2287000   30
2288000   9
2289000   3
2290000   2
2291000   29
2292000   38
2293000   5
2294000   1
2295000   0
2296000   20
2297000   39
2298000   4
2299000   1
2300000   1
2301000   27
2302000   35
2303000   2
2304000   4
2305000   2
2306000   29
2307000   31
2308000   11
2309000   1
2310000   2
2311000   22
2312000   20
2313000   8
2314000   0
2315000   1
2316000   20
2317000   38
2318000   7
2319000   0
2320000   1
2321000   29
2322000   28
2323000   8
2324000   0
2325000   0
2326000   18
2327000   26
2328000   7
2329000   1
2330000   1
2331000   24
2332000   21
2333000   4
2334000   0
2335000   1
2336000   22
2337000   40
2338000   4
2339000   3
2340000   2
2341000   30
2342000   36
2343000   6
2344000   0
2345000   0
2346000   31
2347000   31
2348000   7
2349000   0
2350000   1
2351000   30
2352000   28
2353000   7
2354000   1
2355000   1
2356000   34
2357000   45
2358000   9
2359000   2
2360000   4
2361000   25
2362000   37
2363000   6
2364000   0
2365000   1
2366000   27
2367000   34
2368000   5
2369000   1
2370000   0
2371000   28
2372000   29
2373000   9
2374000   2
2375000   1
2376000   14
2377000   35
2378000   10
2379000   2
2380000   1
2381000   27
2382000   47
2383000   8
2384000   2
2385000   1
2386000   38
2387000   31
2388000   9
2389000   1
2390000   0
2391000   17
2392000   35
2393000   11
2394000   0
2395000   1
2396000   28
2397000   36
2398000   3
2399000   2
2400000   0
2401000   32
2402000   39
2403000   4
2404000   1
2405000   0
2406000   36
2407000   37
2408000   10
2409000   1
2410000   1
2411000   26
2412000   36
2413000   9
2414000   1
2415000   1
2416000   26
2417000   37
2418000   9
2419000   0
2420000   0
2421000   25
2422000   32
2423000   7
2424000   3
2425000   0
2426000   24
2427000   33
2428000   11
2429000   3
2430000   0
2431000   20
2432000   32
2433000   6
2434000   1
2435000   0
2436000   34
2437000   31
2438000   10
2439000   2
2440000   1
2441000   23
2442000   32
2443000   7
2444000   0
2445000   2
2446000   28
2447000   45
2448000   5
2449000   2
2450000   2
2451000   24
2452000   22
2453000   6
2454000   0
2455000   3
2456000   24
2457000   32
2458000   4
2459000   1
2460000   2
2461000   22
2462000   40
2463000   3
2464000   0
2465000   0
2466000   29
2467000   34
2468000   11
2469000   2
2470000   0
2471000   31
2472000   33
2473000   5
2474000   1
2475000   1
2476000   28
2477000   35
2478000   4
2479000   4
2480000   4
2481000   18
2482000   29
2483000   3
2484000   2
2485000   1
2486000   34
2487000   38
2488000   7
2489000   1
2490000   3
2491000   33
2492000   36
2493000   7
2494000   1
2495000   2
2496000   27
2497000   30
2498000   9
2499000   2
2500000   1
2501000   22
2502000   22
2503000   9
2504000   0
2505000   0
2506000   25
2507000   28
2508000   3
2509000   1
2510000   0
2511000   32
2512000   34
2513000   6
2514000   2
2515000   1
2516000   29
2517000   31
2518000   5
2519000   3
2520000   2
2521000   31
2522000   28
2523000   5
2524000   0
2525000   2
2526000   35
2527000   32
2528000   3
2529000   2
2530000   4
2531000   29
2532000   32
2533000   5
2534000   1
2535000   0
2536000   24
2537000   48
2538000   7
2539000   2
2540000   4
2541000   25
2542000   22
2543000   5
2544000   2
2545000   1
2546000   32
2547000   25
2548000   5
2549000   1
2550000   2
2551000   21
2552000   41
2553000   5
2554000   1
2555000   3
2556000   18
2557000   37
2558000   4
2559000   2
2560000   0
2561000   25
2562000   39
2563000   8
2564000   1
2565000   0
2566000   28
2567000   36
2568000   10
2569000   1
2570000   2
2571000   18
2572000   32
2573000   4
2574000   0
2575000   1
2576000   32
2577000   39
2578000   4
2579000   1
2580000   1
2581000   31
2582000   42
2583000   6
2584000   4
2585000   3
2586000   28
2587000   28
2588000   6
2589000   3
2590000   1
2591000   24
2592000   40
2593000   5
2594000   2
2595000   3
2596000   23
2597000   20
2598000   6
2599000   1
2600000   0
2601000   26
2602000   25
2603000   6
2604000   1
2605000   2
2606000   28
2607000   39
2608000   10
2609000   2
2610000   2
2611000   20
2612000   37
2613000   5
2614000   0
2615000   0
2616000   40
2617000   36
2618000   6
2619000   2
2620000   1
2621000   31
2622000   35
2623000   10
2624000   2
2625000   0
2626000   17
2627000   44
2628000   4
2629000   1
2630000   1
2631000   23
2632000   33
2633000   4
2634000   0
2635000   1
2636000   21
2637000   37
2638000   3
2639000   1
2640000   2
2641000   24
2642000   31
2643000   8
2644000   0
2645000   0
2646000   24
2647000   34
2648000   7
2649000   3
2650000   3
2651000   17
2652000   33
2653000   5
2654000   0
2655000   2
2656000   29
2657000   34
2658000   3
2659000   2
2660000   0
2661000   18
2662000   37
2663000   7
2664000   4
2665000   0
2666000   29
2667000   25
2668000   5
2669000   0
2670000   1
2671000   25
2672000   35
2673000   8
2674000   0
2675000   2
2676000   26
2677000   31
2678000   10
2679000   0
2680000   0
2681000   21
2682000   33
2683000   5
2684000   1
2685000   1
2686000   26
2687000   37
2688000   6
2689000   1
2690000   1
2691000   29
2692000   35
2693000   9
2694000   2
2695000   0
2696000   38
2697000   32
2698000   9
2699000   1
2700000   2
2701000   34
2702000   39
2703000   9
2704000   4
2705000   3
2706000   27
2707000   29
2708000   4
2709000   0
2710000   0
2711000   21
2712000   34
2713000   6
2714000   0
2715000   2
2716000   31
2717000   38
2718000   3
2719000   1
2720000   0
2721000   26
2722000   32
2723000   2
2724000   1
2725000   1
2726000   24
2727000   32
2728000   7
2729000   1
2730000   1
2731000   28
2732000   22
2733000   5
2734000   2
2735000   1
2736000   34
2737000   34
2738000   5
2739000   1
2740000   0
2741000   20
2742000   38
2743000   8
2744000   0
2745000   1
2746000   30
2747000   41
2748000   7
2749000   1
2750000   0
2751000   32
2752000   43
2753000   6
2754000   0
2755000   0
2756000   23
2757000   36
2758000   6
2759000   1
2760000   3
2761000   35
2762000   40
2763000   2
2764000   1
2765000   0
2766000   20
2767000   43
2768000   2
2769000   1
2770000   1
2771000   27
2772000   31
2773000   9
2774000   2
2775000   2
2776000   34
2777000   34
2778000   8
2779000   2
2780000   1
2781000   33
2782000   31
2783000   10
2784000   0
2785000   0
2786000   17
2787000   38
2788000   8
2789000   1
2790000   0
2791000   24
2792000   32
2793000   4
2794000   2
2795000   1
2796000   28
2797000   40
2798000   7
2799000   0
2800000   3
2801000   35
2802000   34
2803000   5
2804000   1
2805000   1
2806000   29
2807000   34
2808000   5
2809000   0
2810000   1
2811000   16
2812000   41
2813000   2
2814000   3
2815000   1
2816000   29
2817000   30
2818000   9
2819000   2
2820000   1
2821000   28
2822000   35
2823000   4
2824000   2
2825000   1
2826000   27
2827000   37
2828000   7
2829000   0
2830000   2
2831000   24
2832000   35
2833000   6
2834000   2
2835000   1
2836000   29
2837000   37
2838000   4
2839000   1
2840000   0
2841000   21
2842000   29
2843000   7
2844000   1
2845000   0
2846000   17
2847000   38
2848000   5
2849000   1
2850000   1
2851000   34
2852000   45
2853000   3
2854000   1
2855000   2
2856000   29
2857000   39
2858000   10
2859000   3
2860000   2
2861000   26
2862000   35
2863000   3
2864000   1
2865000   3
2866000   26
2867000   29
2868000   3
2869000   3
2870000   1
2871000   35
2872000   32
2873000   6
2874000   1
2875000   5
2876000   28
2877000   28
2878000   7
2879000   5
2880000   2
2881000   19
2882000   35
2883000   7
2884000   0
2885000   2
2886000   21
2887000   34
2888000   10
2889000   1
2890000   1
2891000   19
2892000   36
2893000   1
2894000   0
2895000   2
2896000   33
2897000   47
2898000   4
2899000   2
2900000   1
2901000   17
2902000   37
2903000   4
2904000   0
2905000   0
2906000   26
2907000   28
2908000   4
2909000   0
2910000   1
2911000   35
2912000   29
2913000   13
2914000   2
2915000   0
2916000   29
2917000   28
2918000   6
2919000   3
2920000   2
2921000   26
2922000   31
2923000   7
2924000   1
2925000   2
2926000   29
2927000   36
2928000   10
2929000   0
2930000   0
2931000   29
2932000   38
2933000   8
2934000   2
2935000   1
2936000   26
2937000   34
2938000   7
2939000   3
2940000   2
2941000   34
2942000   34
2943000   9
2944000   2
2945000   1
2946000   17
2947000   35
2948000   10
2949000   0
2950000   2
2951000   24
2952000   36
2953000   6
2954000   1
2955000   2
2956000   19
2957000   37
2958000   4
2959000   3
2960000   0
2961000   26
2962000   40
2963000   2
2964000   1
2965000   1
2966000   33
2967000   28
2968000   4
2969000   0
2970000   2
2971000   32
2972000   30
2973000   2
2974000   0
2975000   1
2976000   29
2977000   42
2978000   7
2979000   0
2980000   5
2981000   29
2982000   40
2983000   4
2984000   5
2985000   4
2986000   30
2987000   38
2988000   11
2989000   1
2990000   0
2991000   38
2992000   38
2993000   4
2994000   3
2995000   1
2996000   24
2997000   28
2998000   4
2999000   0
3000000   0
3001000   24
3002000   33
3003000   9
3004000   0
3005000   1
3006000   21
3007000   33
3008000   4
3009000   1
3010000   2
3011000   33
3012000   41
3013000   13
3014000   2
3015000   1
3016000   21
3017000   34
3018000   9
3019000   0
3020000   1
3021000   40
3022000   34
3023000   7
3024000   2
3025000   1
3026000   24
3027000   27
3028000   8
3029000   0
3030000   2
3031000   29
3032000   32
3033000   14
3034000   1
3035000   1
3036000   27
3037000   38
3038000   12
3039000   0
3040000   1
3041000   26
3042000   32
3043000   4
3044000   0
3045000   0
3046000   27
3047000   43
3048000   5
3049000   1
3050000   4
3051000   30
3052000   46
3053000   10
3054000   1
3055000   4
3056000   31
3057000   29
3058000   6
3059000   1
3060000   1
3061000   29
3062000   39
3063000   8
3064000   0
3065000   1
3066000   33
3067000   36
3068000   6
3069000   2
3070000   0
3071000   34
3072000   52
3073000   8
3074000   1
3075000   0
3076000   22
3077000   27
3078000   3
3079000   1
3080000   1
3081000   29
3082000   43
3083000   6
3084000   0
3085000   0
3086000   20
3087000   44
3088000   9
3089000   1
3090000   2
3091000   29
3092000   46
3093000   7
3094000   0
3095000   1
3096000   32
3097000   35
3098000   9
3099000   2
3100000   0
3101000   24
3102000   40
3103000   2
3104000   1
3105000   5
3106000   26
3107000   45
3108000   10
3109000   1
3110000   2
3111000   27
3112000   50
3113000   2
3114000   1
3115000   1
3116000   29
3117000   35
3118000   6
3119000   1
3120000   1
3121000   27
3122000   34
3123000   6
3124000   2
3125000   2
3126000   22
3127000   35
3128000   11
3129000   1
3130000   0
3131000   29
3132000   41
3133000   3
3134000   1
3135000   0
3136000   23
3137000   46
3138000   4
3139000   2
3140000   1
3141000   29
3142000   49
3143000   7
3144000   2
3145000   1
3146000   33
3147000   42
3148000   6
3149000   1
3150000   1
3151000   26
3152000   40
3153000   5
3154000   1
3155000   0
3156000   25
3157000   35
3158000   9
3159000   1
3160000   0
3161000   29
3162000   43
3163000   5
3164000   4
3165000   1
3166000   30
3167000   29
3168000   4
3169000   0
3170000   1
3171000   32
3172000   41
3173000   5
3174000   2
3175000   1
3176000   32
3177000   48
3178000   6
3179000   0
3180000   3
3181000   29
3182000   38
3183000   1
3184000   4
3185000   2
3186000   32
3187000   35
3188000   6
3189000   2
3190000   0
3191000   30
3192000   47
3193000   9
3194000   1
3195000   1
3196000   22
3197000   32
3198000   7
3199000   0
3200000   2
3201000   26
3202000   47
3203000   6
3204000   1
3205000   0
3206000   18
3207000   32
3208000   10
3209000   1
3210000   0
3211000   22
3212000   41
3213000   8
3214000   1
3215000   1
3216000   26
3217000   37
3218000   7
3219000   0
3220000   0
3221000   32
3222000   28
3223000   6
3224000   1
3225000   2
3226000   20
3227000   45
3228000   7
3229000   1
3230000   0
3231000   31
3232000   42
3233000   4
3234000   0
3235000   2
3236000   34
3237000   41
3238000   2
3239000   1
3240000   2
3241000   25
3242000   31
3243000   7
3244000   1
3245000   0
3246000   27
3247000   35
3248000   6
3249000   1
3250000   2
3251000   22
3252000   37
3253000   8
3254000   1
3255000   0
3256000   26
3257000   36
3258000   9
3259000   2
3260000   2
3261000   26
3262000   33
3263000   8
3264000   2
3265000   4
3266000   23
3267000   41
3268000   7
3269000   2
3270000   0
3271000   34
3272000   44
3273000   10
3274000   0
3275000   0
3276000   32
3277000   31
3278000   4
3279000   1
3280000   2
3281000   27
3282000   47
3283000   4
3284000   1
3285000   1
3286000   20
3287000   38
3288000   11
3289000   1
3290000   2
3291000   32
3292000   37
3293000   10
3294000   2
3295000   1
3296000   21
3297000   40
3298000   11
3299000   1
3300000   0
3301000   29
3302000   32
3303000   3
3304000   0
3305000   0
3306000   31
3307000   41
3308000   6
3309000   3
3310000   2
3311000   28
3312000   46
3313000   3
3314000   2
3315000   0
3316000   29
3317000   29
3318000   2
3319000   0
3320000   2
3321000   30
3322000   42
3323000   5
3324000   0
3325000   1
3326000   32
3327000   29
3328000   4
3329000   1
3330000   0
3331000   21
3332000   37
3333000   4
3334000   1
3335000   4
3336000   26
3337000   41
3338000   10
3339000   1
3340000   2
3341000   25
3342000   33
3343000   5
3344000   2
3345000   0
3346000   30
3347000   41
3348000   5
3349000   0
3350000   1
3351000   36
3352000   28
3353000   8
3354000   1
3355000   0
3356000   26
3357000   39
3358000   7
3359000   1
3360000   2
3361000   29
3362000   45
3363000   9
3364000   0
3365000   2
3366000   22
3367000   35
3368000   4
3369000   1
3370000   0
3371000   34
3372000   49
3373000   4
3374000   0
3375000   2
3376000   35
3377000   24
3378000   10
3379000   0
3380000   2
3381000   35
3382000   42
3383000   3
3384000   0
3385000   1
3386000   19
3387000   37
3388000   5
3389000   0
3390000   2
3391000   29
3392000   39
3393000   5
3394000   2
3395000   0
3396000   29
3397000   25
3398000   3
3399000   0
3400000   1
3401000   29
3402000   34
3403000   3
3404000   0
3405000   2
3406000   26
3407000   36
3408000   10
3409000   0
3410000   1
3411000   33
3412000   37
3413000   6
3414000   3
3415000   2
3416000   26
3417000   27
3418000   7
3419000   1
3420000   1
3421000   34
3422000   28
3423000   5
3424000   2
3425000   0
3426000   29
3427000   29
3428000   8
3429000   0
3430000   0
3431000   19
3432000   35
3433000   4
3434000   0
3435000   1
3436000   13
3437000   32
3438000   13
3439000   0
3440000   1
3441000   25
3442000   47
3443000   9
3444000   0
3445000   0
3446000   23
3447000   28
3448000   7
3449000   1
3450000   0
3451000   24
3452000   49
3453000   4
3454000   1
3455000   3
3456000   26
3457000   41
3458000   13
3459000   2
3460000   0
3461000   23
3462000   41
3463000   6
3464000   2
3465000   0
3466000   38
3467000   33
3468000   10
3469000   1
3470000   1
3471000   30
3472000   28
3473000   4
3474000   3
3475000   1
3476000   32
3477000   34
3478000   2
3479000   3
3480000   3
3481000   22
3482000   40
3483000   7
3484000   1
3485000   0
3486000   28
3487000   39
3488000   8
3489000   2
3490000   2
3491000   25
3492000   39
3493000   9
3494000   4
3495000   1
3496000   29
3497000   44
3498000   10
3499000   1
3500000   0
3501000   37
3502000   35
3503000   9
3504000   1
3505000   3
3506000   32
3507000   42
3508000   10
3509000   1
3510000   2
3511000   23
3512000   47
3513000   7
3514000   2
3515000   1
3516000   26
3517000   33
3518000   7
3519000   0
3520000   1
3521000   34
3522000   40
3523000   7
3524000   1
3525000   1
3526000   31
3527000   42
3528000   9
3529000   1
3530000   3
3531000   26
3532000   38
3533000   10
3534000   1
3535000   0
3536000   36
3537000   37
3538000   6
3539000   2
3540000   0
3541000   34
3542000   44
3543000   6
3544000   2
3545000   3
3546000   34
3547000   42
3548000   7
3549000   3
3550000   1
3551000   28
3552000   41
3553000   9
3554000   1
3555000   2
3556000   25
3557000   47
3558000   6
3559000   0
3560000   1
3561000   29
3562000   40
3563000   3
3564000   0
3565000   4
3566000   25
3567000   29
3568000   5
3569000   2
3570000   0
3571000   27
3572000   36
3573000   10
3574000   0
3575000   0
3576000   31
3577000   29
3578000   8
3579000   1
3580000   2
3581000   25
3582000   35
3583000   6
3584000   0
3585000   2
3586000   23
3587000   36
3588000   9
3589000   2
3590000   1
3591000   36
3592000   37
3593000   9
3594000   2
3595000   1
3596000   27
3597000   42
3598000   5
3599000   0
3600000   2
3601000   25
3602000   36
3603000   7
3604000   5
3605000   1
3606000   35
3607000   48
3608000   9
3609000   4
3610000   0
3611000   26
3612000   41
3613000   3
3614000   0
3615000   0
3616000   34
3617000   38
3618000   8
3619000   2
3620000   1
3621000   32
3622000   26
3623000   5
3624000   1
3625000   0
3626000   22
3627000   55
3628000   5
3629000   1
3630000   0
3631000   32
3632000   44
3633000   8
3634000   2
3635000   1
3636000   28
3637000   48
3638000   6
3639000   1
3640000   2
3641000   18
3642000   44
3643000   7
3644000   1
3645000   2
3646000   30
3647000   39
3648000   6
3649000   0
3650000   1
3651000   30
3652000   36
3653000   6
3654000   0
3655000   1
3656000   32
3657000   42
3658000   3
3659000   4
3660000   2
3661000   31
3662000   29
3663000   5
3664000   3
3665000   1
3666000   23
3667000   46
3668000   7
3669000   1
3670000   1
3671000   32
3672000   35
3673000   6
3674000   1
3675000   0
3676000   33
3677000   40
3678000   7
3679000   0
3680000   1
3681000   39
3682000   32
3683000   3
3684000   1
3685000   2
3686000   24
3687000   47
3688000   9
3689000   0
3690000   1
3691000   24
3692000   49
3693000   6
3694000   1
3695000   0
3696000   33
3697000   49
3698000   6
3699000   1
3700000   3
3701000   34
3702000   27
3703000   9
3704000   3
3705000   0
3706000   18
3707000   40
3708000   5
3709000   0
3710000   0
3711000   19
3712000   47
3713000   4
3714000   2
3715000   2
3716000   33
3717000   44
3718000   7
3719000   0
3720000   6
3721000   34
3722000   54
3723000   6
3724000   1
3725000   0
3726000   24
3727000   43
3728000   6
3729000   1
3730000   1
3731000   32
3732000   40
3733000   9
3734000   1
3735000   1
3736000   28
3737000   35
3738000   11
3739000   1
3740000   0
3741000   22
3742000   28
3743000   7
3744000   2
3745000   1
3746000   28
3747000   34
3748000   6
3749000   1
3750000   3
3751000   24
3752000   36
3753000   6
3754000   3
3755000   0
3756000   31
3757000   43
3758000   7
3759000   0
3760000   1
3761000   32
3762000   43
3763000   7
3764000   1
3765000   0
3766000   25
3767000   37
3768000   5
3769000   1
3770000   4
3771000   26
3772000   46
3773000   7
3774000   4
3775000   0
3776000   32
3777000   48
3778000   6
3779000   0
3780000   2
3781000   32
3782000   42
3783000   4
3784000   2
3785000   2
3786000   33
3787000   46
3788000   4
3789000   2
3790000   2
3791000   28
3792000   47
3793000   5
3794000   3
3795000   0
3796000   30
3797000   35
3798000   4
3799000   1
3800000   4
3801000   15
3802000   53
3803000   12
3804000   4
3805000   2
3806000   18
3807000   32
3808000   4
3809000   4
3810000   3
3811000   25
3812000   51
3813000   7
3814000   1
3815000   0
3816000   29
3817000   40
3818000   1
3819000   1
3820000   2
3821000   23
3822000   34
3823000   6
3824000   1
3825000   2
3826000   35
3827000   36
3828000   7
3829000   2
3830000   3
3831000   30
3832000   38
3833000   4
3834000   0
3835000   0
3836000   25
3837000   42
3838000   11
3839000   3
3840000   2
3841000   21
3842000   49
3843000   3
3844000   1
3845000   2
3846000   20
3847000   38
3848000   8
3849000   2
3850000   1
3851000   30
3852000   34
3853000   8
3854000   4
3855000   1
3856000   25
3857000   46
3858000   12
3859000   1
3860000   1
3861000   25
3862000   35
3863000   5
3864000   2
3865000   1
3866000   29
3867000   41
3868000   7
3869000   0
3870000   1
3871000   35
3872000   38
3873000   8
3874000   3
3875000   4
3876000   32
3877000   36
3878000   4
3879000   2
3880000   0
3881000   34
3882000   51
3883000   4
3884000   3
3885000   3
3886000   31
3887000   33
3888000   7
3889000   1
3890000   3
3891000   21
3892000   41
3893000   8
3894000   5
3895000   1
3896000   31
3897000   48
3898000   7
3899000   1
3900000   2
3901000   20
3902000   44
3903000   8
3904000   0
3905000   2
3906000   30
3907000   29
3908000   4
3909000   2
3910000   1
3911000   30
3912000   39
3913000   2
3914000   0
3915000   4
3916000   26
3917000   35
3918000   11
3919000   0
3920000   2
3921000   30
3922000   35
3923000   8
3924000   0
3925000   1
3926000   27
3927000   39
3928000   6
3929000   2
3930000   3
3931000   30
3932000   49
3933000   3
3934000   2
3935000   1
3936000   25
3937000   39
3938000   5
3939000   0
3940000   3
3941000   38
3942000   41
3943000   3
3944000   3
3945000   3
3946000   31
3947000   40
3948000   14
3949000   0
3950000   0
3951000   23
3952000   36
3953000   9
3954000   1
3955000   0
3956000   33
3957000   26
3958000   3
3959000   0
3960000   2
3961000   30
3962000   34
3963000   10
3964000   1
3965000   0
3966000   24
3967000   47
3968000   2
3969000   1
3970000   0
3971000   34
3972000   33
3973000   7
3974000   2
3975000   0
3976000   34
3977000   36
3978000   2
3979000   0
3980000   3
3981000   28
3982000   36
3983000   4
3984000   3
3985000   0
3986000   36
3987000   27
3988000   10
3989000   1
3990000   0
3991000   26
3992000   38
3993000   6
3994000   2
3995000   2
3996000   26
3997000   39
3998000   5
3999000   1
4000000   3
4001000   37
4002000   46
4003000   9
4004000   1
4005000   0
4006000   27
4007000   50
4008000   4
4009000   2
4010000   1
4011000   35
4012000   30
4013000   11
4014000   0
4015000   2
4016000   23
4017000   30
4018000   9
4019000   1
4020000   3
4021000   27
4022000   40
4023000   10
4024000   1
4025000   1
4026000   33
4027000   52
4028000   5
4029000   0
4030000   0
4031000   27
4032000   47
4033000   7
4034000   0
4035000   0
4036000   20
4037000   31
4038000   9
4039000   1
4040000   3
4041000   40
4042000   44
4043000   7
4044000   2
4045000   3
4046000   27
4047000   42
4048000   2
4049000   0
4050000   1
4051000   21
4052000   36
4053000   3
4054000   0
4055000   2
4056000   25
4057000   31
4058000   9
4059000   0
4060000   4
4061000   33
4062000   41
4063000   7
4064000   2
4065000   1
4066000   30
4067000   34
4068000   8
4069000   0
4070000   2
4071000   29
4072000   39
4073000   7
4074000   2
4075000   0
4076000   33
4077000   29
4078000   8
4079000   1
4080000   0
4081000   23
4082000   38
4083000   4
4084000   2
4085000   0
4086000   38
4087000   44
4088000   11
4089000   3
4090000   0
4091000   23
4092000   50
4093000   9
4094000   2
4095000   0
4096000   25
4097000   41
4098000   6
4099000   2
4100000   1
4101000   29
4102000   44
4103000   8
4104000   3
4105000   0
4106000   27
4107000   40
4108000   8
4109000   2
4110000   1
4111000   37
4112000   29
4113000   3
4114000   2
4115000   2
4116000   38
4117000   42
4118000   8
4119000   2
4120000   0
4121000   33
4122000   40
4123000   5
4124000   3
4125000   5
4126000   33
4127000   42
4128000   8
4129000   1
4130000   1
4131000   35
4132000   54
4133000   7
4134000   3
4135000   1
4136000   26
4137000   49
4138000   6
4139000   2
4140000   3
4141000   32
4142000   48
4143000   9
4144000   2
4145000   3
4146000   38
4147000   54
4148000   6
4149000   3
4150000   3
4151000   27
4152000   39
4153000   5
4154000   3
4155000   1
4156000   20
4157000   26
4158000   6
4159000   0
4160000   0
4161000   31
4162000   39
4163000   2
4164000   1
4165000   3
4166000   29
4167000   41
4168000   5
4169000   2
4170000   3
4171000   34
4172000   42
4173000   6
4174000   0
4175000   2
4176000   34
4177000   42
4178000   8
4179000   2
4180000   0
4181000   32
4182000   46
4183000   5
4184000   1
4185000   2
4186000   37
4187000   42
4188000   6
4189000   1
4190000   1
4191000   31
4192000   38
4193000   12
4194000   1
4195000   1
4196000   30
4197000   41
4198000   5
4199000   1
4200000   1
4201000   32
4202000   36
4203000   7
4204000   1
4205000   2
4206000   23
4207000   40
4208000   6
4209000   5
4210000   1
4211000   34
4212000   44
4213000   8
4214000   1
4215000   1
4216000   20
4217000   37
4218000   3
4219000   1
4220000   0
4221000   28
4222000   58
4223000   1
4224000   1
4225000   0
4226000   27
4227000   36
4228000   4
4229000   2
4230000   2
4231000   30
4232000   40
4233000   9
4234000   2
4235000   1
4236000   36
4237000   29
4238000   9
4239000   1
4240000   2
4241000   31
4242000   43
4243000   4
4244000   5
4245000   0
4246000   33
4247000   40
4248000   7
4249000   4
4250000   1
4251000   23
4252000   48
4253000   7
4254000   3
4255000   1
4256000   38
4257000   52
4258000   8
4259000   3
4260000   0
4261000   33
4262000   36
4263000   6
4264000   2
4265000   3
4266000   26
4267000   42
4268000   10
4269000   0
4270000   1
4271000   26
4272000   42
4273000   12
4274000   2
4275000   2
4276000   33
4277000   46
4278000   10
4279000   2
4280000   2
4281000   25
4282000   39
4283000   5
4284000   1
4285000   2
4286000   30
4287000   45
4288000   9
4289000   1
4290000   2
4291000   36
4292000   52
4293000   11
4294000   1
4295000   3
4296000   39
4297000   46
4298000   5
4299000   0
4300000   0
4301000   30
4302000   33
4303000   3
4304000   3
4305000   0
4306000   21
4307000   46
4308000   7
4309000   3
4310000   2
4311000   39
4312000   43
4313000   6
4314000   1
4315000   1
4316000   20
4317000   42
4318000   9
4319000   2
4320000   2
4321000   35
4322000   39
4323000   7
4324000   5
4325000   0
4326000   30
4327000   33
4328000   5
4329000   2
4330000   3
4331000   21
4332000   55
4333000   11
4334000   0
4335000   3
4336000   32
4337000   41
4338000   5
4339000   4
4340000   1
4341000   25
4342000   39
4343000   7
4344000   2
4345000   0
4346000   27
4347000   43
4348000   5
4349000   1
4350000   1
4351000   38
4352000   39
4353000   11
4354000   1
4355000   1
4356000   23
4357000   38
4358000   7
4359000   1
4360000   1
4361000   23
4362000   47
4363000   9
4364000   1
4365000   2
4366000   31
4367000   40
4368000   9
4369000   2
4370000   1
4371000   26
4372000   42
4373000   8
4374000   0
4375000   4
4376000   38
4377000   42
4378000   7
4379000   1
4380000   2
4381000   27
4382000   30
4383000   10
4384000   0
4385000   3
4386000   39
4387000   41
4388000   7
4389000   1
4390000   1
4391000   29
4392000   36
4393000   9
4394000   0
4395000   1
4396000   28
4397000   42
4398000   3
4399000   2
4400000   2
4401000   31
4402000   50
4403000   6
4404000   2
4405000   1
4406000   37
4407000   44
4408000   7
4409000   3
4410000   5
4411000   22
4412000   42
4413000   3
4414000   4
4415000   2
4416000   21
4417000   42
4418000   7
4419000   0
4420000   0
4421000   21
4422000   29
4423000   11
4424000   1
4425000   1
4426000   26
4427000   43
4428000   1
4429000   1
4430000   3
4431000   23
4432000   44
4433000   6
4434000   1
4435000   3
4436000   35
4437000   43
4438000   7
4439000   2
4440000   1
4441000   24
4442000   26
4443000   11
4444000   0
4445000   1
4446000   21
4447000   38
4448000   5
4449000   0
4450000   1
4451000   35
4452000   46
4453000   4
4454000   2
4455000   1
4456000   34
4457000   37
4458000   4
4459000   1
4460000   4
4461000   38
4462000   51
4463000   13
4464000   2
4465000   2
4466000   32
4467000   44
4468000   11
4469000   2
4470000   2
4471000   34
4472000   49
4473000   9
4474000   4
4475000   2
4476000   39
4477000   43
4478000   6
4479000   1
4480000   1
4481000   34
4482000   34
4483000   9
4484000   2
4485000   0
4486000   34
4487000   44
4488000   6
4489000   2
4490000   0
4491000   26
4492000   44
4493000   8
4494000   1
4495000   1
4496000   30
4497000   42
4498000   3
4499000   1
4500000   1
4501000   28
4502000   48
4503000   9
4504000   4
4505000   2
4506000   39
4507000   44
4508000   3
4509000   1
4510000   1
4511000   33
4512000   47
4513000   7
4514000   1
4515000   0
4516000   38
4517000   30
4518000   4
4519000   0
4520000   0
4521000   40
4522000   30
4523000   3
4524000   0
4525000   2
4526000   32
4527000   39
4528000   9
4529000   1
4530000   1
4531000   27
4532000   52
4533000   8
4534000   0
4535000   1
4536000   33
4537000   34
4538000   13
4539000   2
4540000   1
4541000   22
4542000   50
4543000   6
4544000   1
4545000   1
4546000   36
4547000   61
4548000   5
4549000   2
4550000   1
4551000   38
4552000   43
4553000   11
4554000   1
4555000   2
4556000   20
4557000   50
4558000   10
4559000   4
4560000   2
4561000   33
4562000   39
4563000   8
4564000   3
4565000   1
4566000   27
4567000   42
4568000   6
4569000   1
4570000   0
4571000   24
4572000   49
4573000   5
4574000   4
4575000   1
4576000   27
4577000   40
4578000   5
4579000   2
4580000   0
4581000   27
4582000   40
4583000   10
4584000   0
4585000   4
4586000   26
4587000   41
4588000   6
4589000   1
4590000   3
4591000   40
4592000   40
4593000   9
4594000   2
4595000   3
4596000   36
4597000   38
4598000   8
4599000   1
4600000   1
4601000   33
4602000   43
4603000   9
4604000   0
4605000   1
4606000   36
4607000   38
4608000   8
4609000   1
4610000   1
4611000   32
4612000   44
4613000   9
4614000   3
4615000   1
4616000   21
4617000   26
4618000   5
4619000   3
4620000   1
4621000   36
4622000   50
4623000   7
4624000   2
4625000   1
4626000   32
4627000   49
4628000   9
4629000   1
4630000   0
4631000   30
4632000   39
4633000   10
4634000   2
4635000   2
4636000   39
4637000   47
4638000   11
4639000   4
4640000   2
4641000   31
4642000   54
4643000   9
4644000   1
4645000   0
4646000   36
4647000   45
4648000   4
4649000   0
4650000   2
4651000   40
4652000   38
4653000   7
4654000   0
4655000   0
4656000   38
4657000   49
4658000   6
4659000   1
4660000   2
4661000   29
4662000   54
4663000   7
4664000   0
4665000   3
4666000   34
4667000   39
4668000   11
4669000   1
4670000   2
4671000   35
4672000   50
4673000   5
4674000   2
4675000   1
4676000   29
4677000   49
4678000   11
4679000   2
4680000   0
4681000   23
4682000   43
4683000   8
4684000   1
4685000   2
4686000   33
4687000   41
4688000   4
4689000   0
4690000   0
4691000   33
4692000   39
4693000   13
4694000   2
4695000   0
4696000   33
4697000   34
4698000   5
4699000   0
4700000   2
4701000   31
4702000   47
4703000   12
4704000   4
4705000   0
4706000   30
4707000   49
4708000   8
4709000   4
4710000   2
4711000   24
4712000   45
4713000   3
4714000   4
4715000   1
4716000   38
4717000   36
4718000   9
4719000   0
4720000   1
4721000   34
4722000   34
4723000   5
4724000   3
4725000   2
4726000   31
4727000   42
4728000   6
4729000   2
4730000   2
4731000   29
4732000   47
4733000   12
4734000   1
4735000   2
4736000   29
4737000   42
4738000   4
4739000   2
4740000   4
4741000   27
4742000   42
4743000   5
4744000   1
4745000   0
4746000   20
4747000   43
4748000   15
4749000   0
4750000   2
4751000   32
4752000   44
4753000   5
4754000   1
4755000   0
4756000   36
4757000   42
4758000   7
4759000   1
4760000   1
4761000   35
4762000   30
4763000   6
4764000   1
4765000   1
4766000   24
4767000   33
4768000   9
4769000   1
4770000   0
4771000   29
4772000   39
4773000   5
4774000   1
4775000   4
4776000   25
4777000   45
4778000   8
4779000   3
4780000   1
4781000   32
4782000   48
4783000   8
4784000   5
4785000   5
4786000   40
4787000   44
4788000   4
4789000   4
4790000   2
4791000   34
4792000   55
4793000   11
4794000   2
4795000   0
4796000   29
4797000   56
4798000   8
4799000   0
4800000   2
4801000   34
4802000   42
4803000   8
4804000   0
4805000   1
4806000   30
4807000   51
4808000   6
4809000   3
4810000   3
4811000   36
4812000   37
4813000   2
4814000   0
4815000   1
4816000   32
4817000   44
4818000   6
4819000   1
4820000   1
4821000   43
4822000   48
4823000   12
4824000   0
4825000   3
4826000   38
4827000   48
4828000   12
4829000   2
4830000   2
4831000   21
4832000   51
4833000   6
4834000   6
4835000   1
4836000   31
4837000   42
4838000   7
4839000   3
4840000   3
4841000   36
4842000   37
4843000   6
4844000   1
4845000   1
4846000   38
4847000   46
4848000   10
4849000   6
4850000   1
4851000   19
4852000   30
4853000   5
4854000   2
4855000   1
4856000   34
4857000   40
4858000   9
4859000   3
4860000   1
4861000   25
4862000   37
4863000   5
4864000   1
4865000   2
4866000   31
4867000   38
4868000   6
4869000   0
4870000   1
4871000   25
4872000   48
4873000   6
4874000   1
4875000   3
4876000   23
4877000   55
4878000   8
4879000   2
4880000   2
4881000   35
4882000   55
4883000   9
4884000   0
4885000   1
4886000   28
4887000   38
4888000   8
4889000   4
4890000   3
4891000   30
4892000   43
4893000   5
4894000   2
4895000   3
4896000   37
4897000   52
4898000   8
4899000   0
4900000   0
4901000   38
4902000   55
4903000   7
4904000   1
4905000   0
4906000   31
4907000   47
4908000   7
4909000   3
4910000   3
4911000   34
4912000   45
4913000   13
4914000   1
4915000   5
4916000   31
4917000   51
4918000   5
4919000   2
4920000   1
4921000   31
4922000   44
4923000   2
4924000   2
4925000   0
4926000   27
4927000   43
4928000   8
4929000   6
4930000   0
4931000   35
4932000   52
4933000   10
4934000   1
4935000   1
4936000   29
4937000   50
4938000   5
4939000   2
4940000   2
4941000   21
4942000   43
4943000   10
4944000   0
4945000   2
4946000   27
4947000   38
4948000   15
4949000   1
4950000   3
4951000   41
4952000   49
4953000   4
4954000   1
4955000   2
4956000   27
4957000   55
4958000   8
4959000   2
4960000   2
4961000   35
4962000   47
4963000   7
4964000   0
4965000   1
4966000   30
4967000   51
4968000   2
4969000   4
4970000   0
4971000   37
4972000   36
4973000   5
4974000   4
4975000   3
4976000   32
4977000   39
4978000   9
4979000   4
4980000   1
4981000   36
4982000   46
4983000   4
4984000   1
4985000   1
4986000   27
4987000   36
4988000   10
4989000   2
4990000   1
4991000   35
4992000   38
4993000   11
4994000   0
4995000   0
4996000   41
4997000   43
4998000   9
4999000   1
5000000   0
5001000   36
5002000   46
5003000   7
5004000   3
5005000   2
5006000   28
5007000   46
5008000   7
5009000   2
5010000   1
5011000   35
5012000   50
5013000   6
5014000   3
5015000   1
5016000   23
5017000   50
5018000   8
5019000   1
5020000   2
5021000   25
5022000   38
5023000   5
5024000   0
5025000   3
5026000   32
5027000   37
5028000   3
5029000   2
5030000   0
5031000   31
5032000   42
5033000   10
5034000   0
5035000   5
5036000   32
5037000   42
5038000   9
5039000   0
5040000   1
5041000   31
5042000   49
5043000   8
5044000   1
5045000   0
5046000   43
5047000   40
5048000   4
5049000   2
5050000   1
5051000   25
5052000   45
5053000   8
5054000   2
5055000   2
5056000   31
5057000   40
5058000   3
5059000   2
5060000   1
5061000   39
5062000   39
5063000   8
5064000   0
5065000   3
5066000   29
5067000   66
5068000   9
5069000   0
5070000   1
5071000   29
5072000   43
5073000   6
5074000   2
5075000   3
5076000   40
5077000   40
5078000   11
5079000   2
5080000   1
5081000   28
5082000   46
5083000   7
5084000   3
5085000   4
5086000   38
5087000   43
5088000   8
5089000   2
5090000   2
5091000   36
5092000   42
5093000   5
5094000   1
5095000   3
5096000   29
5097000   55
5098000   6
5099000   1
5100000   4
5101000   48
5102000   34
5103000   4
5104000   3
5105000   1
5106000   34
5107000   44
5108000   8
5109000   1
5110000   2
5111000   32
5112000   65
5113000   8
5114000   1
5115000   2
5116000   34
5117000   52
5118000   4
5119000   0
5120000   2
5121000   34
5122000   41
5123000   5
5124000   4
5125000   1
5126000   31
5127000   37
5128000   4
5129000   0
5130000   1
5131000   32
5132000   49
5133000   5
5134000   2
5135000   0
5136000   37
5137000   45
5138000   7
5139000   4
5140000   3
5141000   36
5142000   45
5143000   14
5144000   0
5145000   2
5146000   39
5147000   43
5148000   11
5149000   2
5150000   2
5151000   36
5152000   48
5153000   10
5154000   2
5155000   2
5156000   43
5157000   40
5158000   8
5159000   4
5160000   2
5161000   29
5162000   49
5163000   18
5164000   1
5165000   0
5166000   43
5167000   36
5168000   9
5169000   0
5170000   2
5171000   38
5172000   49
5173000   6
5174000   3
5175000   0
5176000   34
5177000   55
5178000   7
5179000   1
5180000   3
5181000   22
5182000   53
5183000   4
5184000   1
5185000   5
5186000   39
5187000   58
5188000   7
5189000   1
5190000   1
5191000   29
5192000   46
5193000   9
5194000   7
5195000   1
5196000   30
5197000   40
5198000   7
5199000   2
5200000   1
5201000   26
5202000   28
5203000   9
5204000   2
5205000   1
5206000   37
5207000   44
5208000   4
5209000   1
5210000   1
5211000   34
5212000   44
5213000   4
5214000   2
5215000   2
5216000   34
5217000   36
5218000   8
5219000   1
5220000   1
5221000   35
5222000   35
5223000   5
5224000   0
5225000   1
5226000   26
5227000   44
5228000   5
5229000   4
5230000   0
5231000   41
5232000   50
5233000   10
5234000   2
5235000   1
5236000   47
5237000   54
5238000   8
5239000   1
5240000   0
5241000   34
5242000   43
5243000   4
5244000   0
5245000   2
5246000   38
5247000   45
5248000   12
5249000   1
5250000   5
5251000   28
5252000   48
5253000   6
5254000   1
5255000   2
5256000   29
5257000   45
5258000   8
5259000   0
5260000   3
5261000   37
5262000   41
5263000   10
5264000   1
5265000   2
5266000   31
5267000   44
5268000   9
5269000   1
5270000   1
5271000   32
5272000   37
5273000   11
5274000   0
5275000   1
5276000   36
5277000   37
5278000   11
5279000   1
5280000   0
5281000   26
5282000   51
5283000   11
5284000   1
5285000   0
5286000   33
5287000   50
5288000   13
5289000   1
5290000   2
5291000   33
5292000   48
5293000   4
5294000   1
5295000   3
5296000   34
5297000   38
5298000   4
5299000   1
5300000   2
5301000   33
5302000   49
5303000   7
5304000   1
5305000   2
5306000   25
5307000   46
5308000   2
5309000   4
5310000   2
5311000   30
5312000   36
5313000   8
5314000   1
5315000   2
5316000   32
5317000   48
5318000   7
5319000   3
5320000   1
5321000   25
5322000   43
5323000   8
5324000   1
5325000   3
5326000   33
5327000   39
5328000   4
5329000   1
5330000   5
5331000   27
5332000   40
5333000   11
5334000   0
5335000   4
5336000   33
5337000   38
5338000   6
5339000   1
5340000   5
5341000   35
5342000   45
5343000   8
5344000   1
5345000   2
5346000   27
5347000   39
5348000   8
5349000   0
5350000   0
5351000   31
5352000   49
5353000   8
5354000   2
5355000   1
5356000   35
5357000   48
5358000   4
5359000   2
5360000   2
5361000   27
5362000   43
5363000   16
5364000   1
5365000   2
5366000   31
5367000   32
5368000   5
5369000   2
5370000   2
5371000   36
5372000   44
5373000   5
5374000   5
5375000   2
5376000   32
5377000   49
5378000   6
5379000   4
5380000   2
5381000   29
5382000   37
5383000   6
5384000   1
5385000   1
5386000   29
5387000   43
5388000   8
5389000   2
5390000   2
5391000   30
5392000   44
5393000   8
5394000   1
5395000   2
5396000   35
5397000   56
5398000   10
5399000   0
5400000   2
5401000   30
5402000   37
5403000   6
5404000   0
5405000   1
5406000   32
5407000   50
5408000   13
5409000   0
5410000   2
5411000   26
5412000   36
5413000   6
5414000   0
5415000   2
5416000   36
5417000   49
5418000   9
5419000   2
5420000   4
5421000   40
5422000   40
5423000   7
5424000   0
5425000   0
5426000   31
5427000   46
5428000   9
5429000   2
5430000   1
5431000   29
5432000   35
5433000   9
5434000   2
5435000   1
5436000   54
5437000   48
5438000   9
5439000   1
5440000   1
5441000   35
5442000   44
5443000   3
5444000   1
5445000   4
5446000   34
5447000   53
5448000   8
5449000   3
5450000   2
5451000   31
5452000   65
5453000   10
5454000   1
5455000   3
5456000   29
5457000   44
5458000   9
5459000   2
5460000   3
5461000   27
5462000   55
5463000   9
5464000   2
5465000   2
5466000   36
5467000   44
5468000   8
5469000   0
5470000   0
5471000   30
5472000   43
5473000   6
5474000   0
5475000   2
5476000   32
5477000   43
5478000   5
5479000   1
5480000   1
5481000   29
5482000   49
5483000   9
5484000   2
5485000   1
5486000   40
5487000   42
5488000   5
5489000   1
5490000   0
5491000   34
5492000   37
5493000   10
5494000   3
5495000   2
5496000   37
5497000   42
5498000   11
5499000   2
5500000   0
5501000   30
5502000   42
5503000   6
5504000   1
5505000   0
5506000   36
5507000   49
5508000   15
5509000   2
5510000   4
5511000   37
5512000   56
5513000   6
5514000   3
5515000   2
5516000   33
5517000   52
5518000   5
5519000   2
5520000   2
5521000   35
5522000   35
5523000   9
5524000   3
5525000   4
5526000   35
5527000   46
5528000   7
5529000   2
5530000   0
5531000   32
5532000   53
5533000   10
5534000   0
5535000   1
5536000   29
5537000   50
5538000   8
5539000   1
5540000   2
5541000   32
5542000   44
5543000   10
5544000   2
5545000   3
5546000   31
5547000   58
5548000   6
5549000   1
5550000   2
5551000   32
5552000   41
5553000   4
5554000   3
5555000   2
5556000   48
5557000   44
5558000   5
5559000   2
5560000   2
5561000   37
5562000   38
5563000   8
5564000   1
5565000   0
5566000   31
5567000   58
5568000   5
5569000   5
5570000   1
5571000   37
5572000   35
5573000   6
5574000   3
5575000   1
5576000   33
5577000   30
5578000   9
5579000   2
5580000   4
5581000   36
5582000   39
5583000   13
5584000   1
5585000   0
5586000   31
5587000   44
5588000   8
5589000   2
5590000   3
5591000   33
5592000   56
5593000   5
5594000   1
5595000   1
5596000   36
5597000   45
5598000   13
5599000   1
5600000   0
5601000   38
5602000   44
5603000   2
5604000   3
5605000   2
5606000   38
5607000   42
5608000   11
5609000   1
5610000   1
5611000   32
5612000   41
5613000   6
5614000   3
5615000   6
5616000   36
5617000   38
5618000   6
5619000   1
5620000   3
5621000   42
5622000   44
5623000   4
5624000   1
5625000   0
5626000   43
5627000   48
5628000   11
5629000   0
5630000   4
5631000   34
5632000   62
5633000   8
5634000   2
5635000   0
5636000   27
5637000   39
5638000   12
5639000   3
5640000   1
5641000   34
5642000   43
5643000   4
5644000   1
5645000   2
5646000   38
5647000   50
5648000   8
5649000   4
5650000   3
5651000   41
5652000   50
5653000   5
5654000   1
5655000   6
5656000   39
5657000   62
5658000   10
5659000   0
5660000   2
5661000   41
5662000   38
5663000   10
5664000   2
5665000   1
5666000   37
5667000   41
5668000   6
5669000   4
5670000   1
5671000   39
5672000   34
5673000   8
5674000   3
5675000   0
5676000   30
5677000   45
5678000   10
5679000   1
5680000   1
5681000   29
5682000   44
5683000   6
5684000   0
5685000   0
5686000   33
5687000   39
5688000   5
5689000   2
5690000   1
5691000   31
5692000   62
5693000   7
5694000   1
5695000   0
5696000   35
5697000   45
5698000   10
5699000   3
5700000   1
5701000   34
5702000   29
5703000   7
5704000   1
5705000   3
5706000   46
5707000   42
5708000   5
5709000   6
5710000   2
5711000   27
5712000   39
5713000   7
5714000   1
5715000   2
5716000   30
5717000   53
5718000   11
5719000   1
5720000   1
5721000   37
5722000   56
5723000   8
5724000   4
5725000   3
5726000   46
5727000   57
5728000   4
5729000   1
5730000   2
5731000   33
5732000   54
5733000   8
5734000   1
5735000   0
5736000   35
5737000   39
5738000   11
5739000   3
5740000   4
5741000   30
5742000   42
5743000   5
5744000   1
5745000   0
5746000   31
5747000   50
5748000   5
5749000   2
5750000   1
5751000   40
5752000   37
5753000   9
5754000   1
5755000   2
5756000   28
5757000   46
5758000   4
5759000   3
5760000   0
5761000   47
5762000   50
5763000   10
5764000   1
5765000   1
5766000   25
5767000   40
5768000   8
5769000   1
5770000   1
5771000   32
5772000   53
5773000   8
5774000   2
5775000   3
5776000   19
5777000   37
5778000   4
5779000   2
5780000   0
5781000   33
5782000   47
5783000   7
5784000   1
5785000   2
5786000   42
5787000   46
5788000   5
5789000   3
5790000   1
5791000   21
5792000   54
5793000   7
5794000   1
5795000   3
5796000   34
5797000   39
5798000   7
5799000   1
5800000   4
5801000   32
5802000   42
5803000   5
5804000   1
5805000   0
5806000   43
5807000   47
5808000   11
5809000   2
5810000   2
5811000   40
5812000   50
5813000   9
5814000   2
5815000   1
5816000   39
5817000   43
5818000   8
5819000   0
5820000   3
5821000   37
5822000   42
5823000   8
5824000   1
5825000   1
5826000   41
5827000   50
5828000   9
5829000   0
5830000   1
5831000   32
5832000   55
5833000   11
5834000   4
5835000   3
5836000   47
5837000   44
5838000   8
5839000   3
5840000   2
5841000   37
5842000   44
5843000   8
5844000   2
5845000   0
5846000   32
5847000   49
5848000   7
5849000   1
5850000   3
5851000   38
5852000   50
5853000   7
5854000   1
5855000   1
5856000   38
5857000   38
5858000   7
5859000   2
5860000   2
5861000   50
5862000   45
5863000   13
5864000   1
5865000   3
5866000   29
5867000   50
5868000   11
5869000   0
5870000   1
5871000   26
5872000   37
5873000   7
5874000   0
5875000   2
5876000   34
5877000   41
5878000   5
5879000   2
5880000   2
5881000   28
5882000   58
5883000   11
5884000   2
5885000   3
5886000   35
5887000   44
5888000   14
5889000   2
5890000   1
5891000   33
5892000   43
5893000   10
5894000   3
5895000   1
5896000   39
5897000   50
5898000   7
5899000   3
5900000   0
5901000   29
5902000   59
5903000   14
5904000   0
5905000   3
5906000   49
5907000   49
5908000   9
5909000   5
5910000   1
5911000   30
5912000   51
5913000   8
5914000   1
5915000   1
5916000   32
5917000   44
5918000   9
5919000   2
5920000   4
5921000   30
5922000   56
5923000   8
5924000   2
5925000   2
5926000   33
5927000   53
5928000   9
5929000   0
5930000   1
5931000   39
5932000   49
5933000   5
5934000   2
5935000   4
5936000   44
5937000   44
5938000   4
5939000   3
5940000   1
5941000   43
5942000   40
5943000   6
5944000   4
5945000   2
5946000   32
5947000   50
5948000   12
5949000   0
5950000   0
5951000   41
5952000   40
5953000   4
5954000   1
5955000   1
5956000   43
5957000   43
5958000   13
5959000   3
5960000   1
5961000   38
5962000   52
5963000   12
5964000   4
5965000   1
5966000   41
5967000   59
5968000   5
5969000   0
5970000   2
5971000   28
5972000   50
5973000   10
5974000   0
5975000   4
5976000   39
5977000   50
5978000   10
5979000   1
5980000   0
5981000   25
5982000   37
5983000   7
5984000   1
5985000   0
5986000   35
5987000   45
5988000   8
5989000   2
5990000   3
5991000   37
5992000   46
5993000   6
5994000   0
5995000   0
5996000   29
5997000   59
5998000   10
5999000   4
6000000   0
6001000   36
6002000   52
6003000   12
6004000   4
6005000   2
6006000   40
6007000   39
6008000   3
6009000   2
6010000   1
6011000   36
6012000   48
6013000   8
6014000   3
6015000   1
6016000   31
6017000   46
6018000   13
6019000   3
6020000   3
6021000   36
6022000   51
6023000   10
6024000   1
6025000   0
6026000   32
6027000   49
6028000   11
6029000   0
6030000   3
6031000   33
6032000   44
6033000   11
6034000   1
6035000   2
6036000   31
6037000   66
6038000   11
6039000   2
6040000   2
6041000   32
6042000   31
6043000   9
6044000   1
6045000   1
6046000   30
6047000   42
6048000   7
6049000   0
6050000   2
6051000   35
6052000   38
6053000   11
6054000   2
6055000   1
6056000   46
6057000   38
6058000   9
6059000   1
6060000   1
6061000   40
6062000   36
6063000   11
6064000   3
6065000   1
6066000   41
6067000   39
6068000   2
6069000   3
6070000   2
6071000   45
6072000   42
6073000   7
6074000   1
6075000   1
6076000   20
6077000   40
6078000   10
6079000   0
6080000   3
6081000   31
6082000   54
6083000   6
6084000   1
6085000   1
6086000   32
6087000   47
6088000   6
6089000   2
6090000   3
6091000   29
6092000   61
6093000   7
6094000   0
6095000   2
6096000   41
6097000   46
6098000   7
6099000   4
6100000   0
6101000   21
6102000   52
6103000   12
6104000   2
6105000   2
6106000   40
6107000   42
6108000   9
6109000   2
6110000   0
6111000   28
6112000   46
6113000   9
6114000   1
6115000   0
6116000   38
6117000   41
6118000   18
6119000   1
6120000   3
6121000   31
6122000   45
6123000   7
6124000   1
6125000   1
6126000   29
6127000   46
6128000   6
6129000   3
6130000   2
6131000   36
6132000   56
6133000   4
6134000   1
6135000   1
6136000   26
6137000   45
6138000   9
6139000   2
6140000   7
6141000   41
6142000   57
6143000   6
6144000   1
6145000   0
6146000   29
6147000   39
6148000   6
6149000   2
6150000   2
6151000   37
6152000   43
6153000   9
6154000   5
6155000   3
6156000   32
6157000   46
6158000   5
6159000   1
6160000   2
6161000   43
6162000   47
6163000   7
6164000   3
6165000   4
6166000   38
6167000   37
6168000   9
6169000   1
6170000   2
6171000   37
6172000   53
6173000   8
6174000   2
6175000   2
6176000   30
6177000   54
6178000   6
6179000   2
6180000   0
6181000   33
6182000   60
6183000   4
6184000   1
6185000   3
6186000   30
6187000   56
6188000   7
6189000   0
6190000   2
6191000   33
6192000   50
6193000   8
6194000   6
6195000   1
6196000   37
6197000   60
6198000   6
6199000   2
6200000   1
6201000   42
6202000   48
6203000   6
6204000   1
6205000   3
6206000   30
6207000   40
6208000   7
6209000   0
6210000   1
6211000   33
6212000   54
6213000   5
6214000   2
6215000   1
6216000   41
6217000   48
6218000   10
6219000   3
6220000   2
6221000   36
6222000   48
6223000   10
6224000   2
6225000   3
6226000   35
6227000   42
6228000   5
6229000   2
6230000   2
6231000   30
6232000   45
6233000   10
6234000   1
6235000   2
6236000   40
6237000   40
6238000   5
6239000   2
6240000   2
6241000   23
6242000   42
6243000   13
6244000   3
6245000   2
6246000   35
6247000   38
6248000   9
6249000   1
6250000   4
6251000   35
6252000   38
6253000   10
6254000   0
6255000   0
6256000   33
6257000   61
6258000   12
6259000   1
6260000   2
6261000   41
6262000   53
6263000   14
6264000   0
6265000   3
6266000   35
6267000   54
6268000   7
6269000   3
6270000   7
6271000   34
6272000   42
6273000   4
6274000   0
6275000   3
6276000   45
6277000   41
6278000   5
6279000   3
6280000   4
6281000   28
6282000   45
6283000   11
6284000   1
6285000   0
6286000   51
6287000   41
6288000   8
6289000   1
6290000   1
6291000   34
6292000   47
6293000   12
6294000   3
6295000   0
6296000   34
6297000   45
6298000   9
6299000   5
6300000   0
6301000   39
6302000   39
6303000   7
6304000   1
6305000   1
6306000   32
6307000   60
6308000   8
6309000   6
6310000   0
6311000   52
6312000   38
6313000   6
6314000   1
6315000   0
6316000   31
6317000   59
6318000   11
6319000   2
6320000   0
6321000   44
6322000   60
6323000   6
6324000   2
6325000   1
6326000   29
6327000   42
6328000   11
6329000   5
6330000   2
6331000   29
6332000   41
6333000   6
6334000   2
6335000   2
6336000   36
6337000   48
6338000   9
6339000   2
6340000   0
6341000   34
6342000   51
6343000   7
6344000   2
6345000   2
