0 202615
1000 202594
2000 202579
3000 202556
4000 202540
5000 202654
6000 202635
7000 202610
8000 202582
9000 202565
10000 202686
11000 202666
12000 202650
13000 202625
14000 202604
15000 202713
16000 202691
17000 202672
18000 202646
19000 202617
20000 202725
21000 202698
22000 202675
23000 202650
24000 202613
25000 202736
26000 202721
27000 202693
28000 202672
29000 202642
30000 202744
31000 202715
32000 202689
33000 202661
34000 202630
35000 202723
36000 202695
37000 202669
38000 202637
39000 202616
40000 202704
41000 202678
42000 202646
43000 202628
44000 202597
45000 202676
46000 202644
47000 202621
48000 202584
49000 202544
50000 202625
51000 202597
52000 202569
53000 202557
54000 202535
55000 202609
56000 202588
57000 202565
58000 202534
59000 202503
60000 202602
61000 202565
62000 202532
63000 202508
64000 202490
65000 202583
66000 202554
67000 202521
68000 202494
69000 202460
70000 202530
71000 202502
72000 202474
73000 202432
74000 202397
75000 202457
76000 202419
77000 202380
78000 202344
79000 202314
80000 202390
81000 202347
82000 202316
83000 202291
84000 202270
85000 202338
86000 202318
87000 202292
88000 202276
89000 202255
90000 202327
91000 202302
92000 202281
93000 202254
94000 202224
95000 202288
96000 202262
97000 202240
98000 202209
99000 202182
100000 202255
101000 202235
102000 202203
103000 202181
104000 202155
105000 202249
106000 202220
107000 202203
108000 202174
109000 202155
110000 202235
111000 202215
112000 202192
113000 202166
114000 202137
115000 202212
116000 202189
117000 202165
118000 202139
119000 202131
120000 202196
121000 202166
122000 202139
123000 202116
124000 202099
125000 202163
126000 202138
127000 202123
128000 202102
129000 202076
130000 202141
131000 202122
132000 202091
133000 202055
134000 202024
135000 202087
136000 202063
137000 202035
138000 202010
139000 201988
140000 202039
141000 202018
142000 201991
143000 201964
144000 201942
145000 201997
146000 201981
147000 201949
148000 201926
149000 201897
150000 201948
151000 201923
152000 201892
153000 201872
154000 201835
155000 201887
156000 201859
157000 201837
158000 201809
159000 201780
160000 201842
161000 201819
162000 201794
163000 201766
164000 201734
165000 201779
166000 201760
167000 201735
168000 201717
169000 201688
170000 201773
171000 201755
172000 201731
173000 201698
174000 201675
175000 201752
176000 201731
177000 201707
178000 201676
179000 201652
180000 201702
181000 201677
182000 201660
183000 201638
184000 201622
185000 201677
186000 201640
187000 201620
188000 201600
189000 201574
190000 201637
191000 201598
192000 201562
193000 201541
194000 201512
195000 201585
196000 201564
197000 201537
198000 201502
199000 201479
200000 201526
201000 201503
202000 201481
203000 201460
204000 201434
205000 201513
206000 201488
207000 201465
208000 201439
209000 201413
210000 201466
211000 201446
212000 201427
213000 201401
214000 201385
215000 201453
216000 201431
217000 201402
218000 201384
219000 201363
220000 201432
221000 201406
222000 201385
223000 201360
224000 201339
225000 201392
226000 201365
227000 201336
228000 201314
229000 201290
230000 201339
231000 201321
232000 201301
233000 201280
234000 201262
235000 201328
236000 201309
237000 201284
238000 201267
239000 201235
240000 201292
241000 201267
242000 201252
243000 201224
244000 201203
245000 201269
246000 201244
247000 201226
248000 201196
249000 201174
250000 201227
251000 201212
252000 201189
253000 201167
254000 201140
255000 201206
256000 201191
257000 201172
258000 201147
259000 201120
260000 201207
261000 201178
262000 201157
263000 201140
264000 201120
265000 201188
266000 201169
267000 201149
268000 201123
269000 201104
270000 201161
271000 201145
272000 201132
273000 201111
274000 201085
275000 201145
276000 201128
277000 201100
278000 201081
279000 201050
280000 201123
281000 201102
282000 201088
283000 201065
284000 201041
285000 201098
286000 201079
287000 201052
288000 201027
289000 201009
290000 201074
291000 201043
292000 201016
293000 200996
294000 200977
295000 201026
296000 201001
297000 200976
298000 200950
299000 200921
300000 200969
301000 200948
302000 200920
303000 200893
304000 200872
305000 200928
306000 200906
307000 200886
308000 200862
309000 200837
310000 200890
311000 200867
312000 200852
313000 200819
314000 200803
315000 200844
316000 200821
317000 200795
318000 200770
319000 200753
320000 200833
321000 200807
322000 200784
323000 200752
324000 200731
325000 200806
326000 200784
327000 200767
328000 200748
329000 200729
330000 200793
331000 200777
332000 200756
333000 200735
334000 200719
335000 200789
336000 200765
337000 200739
338000 200712
339000 200692
340000 200763
341000 200745
342000 200726
343000 200706
344000 200689
345000 200748
346000 200725
347000 200701
348000 200670
349000 200645
350000 200705
351000 200688
352000 200669
353000 200647
354000 200627
355000 200680
356000 200662
357000 200638
358000 200612
359000 200587
360000 200644
361000 200632
362000 200612
363000 200587
364000 200564
365000 200624
366000 200607
367000 200581
368000 200568
369000 200548
370000 200613
371000 200594
372000 200567
373000 200548
374000 200527
375000 200597
376000 200578
377000 200558
378000 200535
379000 200517
380000 200599
381000 200580
382000 200554
383000 200529
384000 200495
385000 200577
386000 200546
387000 200519
388000 200490
389000 200470
390000 200543
391000 200519
392000 200497
393000 200484
394000 200456
395000 200512
396000 200497
397000 200477
398000 200453
399000 200431
400000 200503
401000 200488
402000 200466
403000 200448
404000 200427
405000 200502
406000 200485
407000 200465
408000 200444
409000 200416
410000 200481
411000 200461
412000 200443
413000 200421
414000 200396
415000 200447
416000 200429
417000 200415
418000 200399
419000 200381
420000 200445
421000 200428
422000 200403
423000 200386
424000 200372
425000 200418
426000 200394
427000 200366
428000 200332
429000 200308
430000 200373
431000 200355
432000 200339
433000 200319
434000 200299
435000 200363
436000 200342
437000 200321
438000 200302
439000 200278
440000 200337
441000 200318
442000 200310
443000 200289
444000 200274
445000 200335
446000 200312
447000 200287
448000 200267
449000 200239
450000 200288
451000 200269
452000 200248
453000 200225
454000 200207
455000 200273
456000 200249
457000 200228
458000 200209
459000 200194
460000 200253
461000 200232
462000 200205
463000 200177
464000 200158
465000 200192
466000 200162
467000 200148
468000 200134
469000 200114
470000 200176
471000 200149
472000 200123
473000 200101
474000 200085
475000 200144
476000 200118
477000 200097
478000 200082
479000 200059
480000 200121
481000 200098
482000 200081
483000 200058
484000 200040
485000 200101
486000 200083
487000 200064
488000 200050
489000 200025
490000 200074
491000 200053
492000 200034
493000 200012
494000 199994
495000 200050
496000 200029
497000 199999
498000 199968
499000 199948
500000 200011
501000 199990
502000 199979
503000 199962
504000 199943
505000 199999
506000 199981
507000 199956
508000 199936
509000 199910
510000 199962
511000 199939
512000 199918
513000 199894
514000 199878
515000 199946
516000 199929
517000 199908
518000 199897
519000 199862
520000 199923
521000 199896
522000 199870
523000 199848
524000 199832
525000 199896
526000 199875
527000 199862
528000 199842
529000 199825
530000 199872
531000 199843
532000 199822
533000 199805
534000 199791
535000 199840
536000 199826
537000 199807
538000 199789
539000 199761
540000 199816
541000 199791
542000 199772
543000 199746
544000 199725
545000 199796
546000 199779
547000 199755
548000 199730
549000 199710
550000 199761
551000 199742
552000 199716
553000 199700
554000 199677
555000 199740
556000 199723
557000 199710
558000 199685
559000 199666
560000 199716
561000 199697
562000 199676
563000 199657
564000 199637
565000 199707
566000 199691
567000 199677
568000 199654
569000 199642
570000 199709
571000 199694
572000 199673
573000 199647
574000 199618
575000 199674
576000 199656
577000 199638
578000 199619
579000 199597
580000 199641
581000 199610
582000 199593
583000 199566
584000 199547
585000 199590
586000 199572
587000 199552
588000 199533
589000 199512
590000 199561
591000 199534
592000 199508
593000 199488
594000 199470
595000 199525
596000 199507
597000 199489
598000 199465
599000 199441
600000 199499
601000 199485
602000 199461
603000 199445
604000 199414
605000 199486
606000 199464
607000 199436
608000 199422
609000 199386
610000 199438
611000 199421
612000 199392
613000 199374
614000 199350
615000 199420
616000 199402
617000 199386
618000 199367
619000 199349
620000 199421
621000 199404
622000 199385
623000 199365
624000 199347
625000 199410
626000 199385
627000 199365
628000 199345
629000 199323
630000 199373
631000 199345
632000 199318
633000 199297
634000 199272
635000 199316
636000 199303
637000 199280
638000 199265
639000 199248
640000 199298
641000 199276
642000 199245
643000 199224
644000 199205
645000 199251
646000 199234
647000 199215
648000 199189
649000 199168
650000 199223
651000 199206
652000 199191
653000 199172
654000 199155
655000 199218
656000 199197
657000 199167
658000 199152
659000 199140
660000 199207
661000 199189
662000 199167
663000 199144
664000 199118
665000 199185
666000 199170
667000 199159
668000 199138
669000 199115
670000 199180
671000 199164
672000 199140
673000 199109
674000 199090
675000 199169
676000 199154
677000 199140
678000 199125
679000 199107
680000 199189
681000 199179
682000 199155
683000 199133
684000 199117
685000 199176
686000 199155
687000 199130
688000 199107
689000 199090
690000 199141
691000 199117
692000 199082
693000 199060
694000 199032
695000 199092
696000 199071
697000 199045
698000 199030
699000 199012
700000 199049
701000 199031
702000 199011
703000 198993
704000 198969
705000 199032
706000 199004
707000 198986
708000 198967
709000 198951
710000 199011
711000 198987
712000 198965
713000 198939
714000 198904
715000 198957
716000 198932
717000 198906
718000 198883
719000 198857
720000 198893
721000 198872
722000 198855
723000 198843
724000 198824
725000 198884
726000 198867
727000 198847
728000 198828
729000 198806
730000 198874
731000 198846
732000 198822
733000 198795
734000 198774
735000 198829
736000 198808
737000 198794
738000 198775
739000 198754
740000 198790
741000 198777
742000 198760
743000 198739
744000 198720
745000 198761
746000 198739
747000 198719
748000 198697
749000 198678
750000 198736
751000 198708
752000 198689
753000 198667
754000 198642
755000 198690
756000 198666
757000 198654
758000 198633
759000 198610
760000 198674
761000 198656
762000 198641
763000 198626
764000 198603
765000 198663
766000 198644
767000 198627
768000 198607
769000 198583
770000 198655
771000 198638
772000 198612
773000 198594
774000 198572
775000 198636
776000 198617
777000 198594
778000 198567
779000 198544
780000 198585
781000 198575
782000 198560
783000 198541
784000 198514
785000 198565
786000 198549
787000 198519
788000 198503
789000 198487
790000 198564
791000 198526
792000 198507
793000 198487
794000 198465
795000 198519
796000 198493
797000 198464
798000 198440
799000 198429
800000 198518
801000 198502
802000 198477
803000 198451
804000 198430
805000 198482
806000 198465
807000 198445
808000 198422
809000 198405
810000 198459
811000 198434
812000 198418
813000 198393
814000 198368
815000 198432
816000 198413
817000 198390
818000 198371
819000 198348
820000 198410
821000 198388
822000 198358
823000 198342
824000 198319
825000 198380
826000 198350
827000 198332
828000 198305
829000 198284
830000 198353
831000 198329
832000 198305
833000 198292
834000 198272
835000 198337
836000 198317
837000 198297
838000 198283
839000 198261
840000 198326
841000 198304
842000 198286
843000 198266
844000 198247
845000 198305
846000 198286
847000 198259
848000 198245
849000 198219
850000 198270
851000 198248
852000 198230
853000 198209
854000 198185
855000 198244
856000 198227
857000 198198
858000 198182
859000 198158
860000 198206
861000 198185
862000 198167
863000 198150
864000 198131
865000 198186
866000 198159
867000 198132
868000 198114
869000 198092
870000 198139
871000 198117
872000 198097
873000 198073
874000 198062
875000 198116
876000 198102
877000 198079
878000 198059
879000 198038
880000 198095
881000 198065
882000 198047
883000 198025
884000 198001
885000 198068
886000 198046
887000 198023
888000 198000
889000 197981
890000 198044
891000 198026
892000 198009
893000 197988
894000 197962
895000 197997
896000 197970
897000 197955
898000 197927
899000 197896
900000 197938
901000 197918
902000 197902
903000 197877
904000 197856
905000 197906
906000 197881
907000 197858
908000 197831
909000 197809
910000 197880
911000 197857
912000 197841
913000 197816
914000 197799
915000 197874
916000 197860
917000 197838
918000 197814
919000 197796
920000 197860
921000 197840
922000 197821
923000 197792
924000 197764
925000 197814
926000 197802
927000 197792
928000 197770
929000 197752
930000 197799
931000 197777
932000 197757
933000 197744
934000 197722
935000 197779
936000 197747
937000 197717
938000 197691
939000 197666
940000 197706
941000 197686
942000 197666
943000 197647
944000 197627
945000 197687
946000 197666
947000 197644
948000 197622
949000 197601
950000 197647
951000 197626
952000 197608
953000 197588
954000 197571
955000 197624
956000 197611
957000 197587
958000 197565
959000 197547
960000 197596
961000 197577
962000 197551
963000 197530
964000 197510
965000 197553
966000 197521
967000 197502
968000 197480
969000 197456
970000 197519
971000 197500
972000 197480
973000 197458
974000 197434
975000 197494
976000 197471
977000 197448
978000 197425
979000 197408
980000 197471
981000 197453
982000 197430
983000 197398
984000 197375
985000 197437
986000 197418
987000 197401
988000 197376
989000 197344
990000 197402
991000 197381
992000 197363
993000 197349
994000 197327
995000 197397
996000 197366
997000 197349
998000 197328
999000 197309
1000000 197364
1001000 197340
1002000 197319
1003000 197296
1004000 197272
1005000 197331
1006000 197310
1007000 197292
1008000 197271
1009000 197250
1010000 197302
1011000 197280
1012000 197259
1013000 197239
1014000 197212
1015000 197267
1016000 197243
1017000 197220
1018000 197204
1019000 197186
1020000 197255
1021000 197233
1022000 197222
1023000 197197
1024000 197172
1025000 197240
1026000 197208
1027000 197189
1028000 197163
1029000 197139
1030000 197184
1031000 197160
1032000 197144
1033000 197126
1034000 197102
1035000 197156
1036000 197139
1037000 197128
1038000 197100
1039000 197086
1040000 197130
1041000 197103
1042000 197077
1043000 197054
1044000 197037
1045000 197112
1046000 197080
1047000 197058
1048000 197032
1049000 197010
1050000 197084
1051000 197066
1052000 197045
1053000 197017
1054000 196989
1055000 197068
1056000 197035
1057000 197019
1058000 196998
1059000 196972
1060000 197041
1061000 197022
1062000 197012
1063000 197003
1064000 196976
1065000 197040
1066000 197014
1067000 196996
1068000 196973
1069000 196954
1070000 197002
1071000 196976
1072000 196954
1073000 196941
1074000 196923
1075000 196974
1076000 196956
1077000 196939
1078000 196918
1079000 196902
1080000 196961
1081000 196938
1082000 196914
1083000 196891
1084000 196867
1085000 196925
1086000 196910
1087000 196889
1088000 196864
1089000 196841
1090000 196892
1091000 196875
1092000 196862
1093000 196839
1094000 196815
1095000 196865
1096000 196837
1097000 196811
1098000 196785
1099000 196759
1100000 196792
1101000 196776
1102000 196751
1103000 196723
1104000 196701
1105000 196775
1106000 196754
1107000 196733
1108000 196711
1109000 196688
1110000 196741
1111000 196722
1112000 196702
1113000 196675
1114000 196663
1115000 196725
1116000 196706
1117000 196693
1118000 196674
1119000 196658
1120000 196710
1121000 196685
1122000 196663
1123000 196642
1124000 196618
1125000 196670
1126000 196646
1127000 196620
1128000 196599
1129000 196574
1130000 196644
1131000 196630
1132000 196610
1133000 196594
1134000 196568
1135000 196613
1136000 196588
1137000 196560
1138000 196532
1139000 196515
1140000 196579
1141000 196554
1142000 196526
1143000 196502
1144000 196483
1145000 196541
1146000 196520
1147000 196495
1148000 196481
1149000 196451
1150000 196497
1151000 196469
1152000 196450
1153000 196431
1154000 196411
1155000 196463
1156000 196438
1157000 196416
1158000 196402
1159000 196383
1160000 196438
1161000 196421
1162000 196403
1163000 196385
1164000 196364
1165000 196431
1166000 196414
1167000 196401
1168000 196385
1169000 196368
1170000 196423
1171000 196393
1172000 196375
1173000 196351
1174000 196327
1175000 196374
1176000 196346
1177000 196329
1178000 196303
1179000 196280
1180000 196334
1181000 196314
1182000 196287
1183000 196270
1184000 196244
1185000 196302
1186000 196282
1187000 196267
1188000 196247
1189000 196221
1190000 196280
1191000 196261
1192000 196244
1193000 196217
1194000 196202
1195000 196260
1196000 196238
1197000 196211
1198000 196188
1199000 196168
1200000 196219
1201000 196195
1202000 196166
1203000 196139
1204000 196116
1205000 196181
1206000 196157
1207000 196143
1208000 196125
1209000 196095
1210000 196159
1211000 196140
1212000 196118
1213000 196097
1214000 196074
1215000 196125
1216000 196100
1217000 196077
1218000 196062
1219000 196039
1220000 196110
1221000 196090
1222000 196065
1223000 196044
1224000 196025
1225000 196094
1226000 196068
1227000 196046
1228000 196034
1229000 196015
1230000 196090
1231000 196066
1232000 196042
1233000 196022
1234000 195995
1235000 196040
1236000 196014
1237000 195995
1238000 195976
1239000 195950
1240000 195986
1241000 195964
1242000 195949
1243000 195925
1244000 195898
1245000 195966
1246000 195939
1247000 195919
1248000 195893
1249000 195876
1250000 195931
1251000 195908
1252000 195888
1253000 195876
1254000 195855
1255000 195911
1256000 195887
1257000 195869
1258000 195846
1259000 195826
1260000 195896
1261000 195866
1262000 195844
1263000 195825
1264000 195806
1265000 195848
1266000 195824
1267000 195809
1268000 195790
1269000 195770
1270000 195840
1271000 195823
1272000 195804
1273000 195788
1274000 195767
1275000 195835
1276000 195814
1277000 195789
1278000 195771
1279000 195743
1280000 195794
1281000 195780
1282000 195761
1283000 195732
1284000 195701
1285000 195756
1286000 195720
1287000 195694
1288000 195676
1289000 195657
1290000 195695
1291000 195673
1292000 195650
1293000 195625
1294000 195599
1295000 195657
1296000 195634
1297000 195617
1298000 195596
1299000 195578
1300000 195633
1301000 195614
1302000 195586
1303000 195564
1304000 195545
1305000 195602
1306000 195581
1307000 195567
1308000 195541
1309000 195528
1310000 195600
1311000 195581
1312000 195562
1313000 195530
1314000 195505
1315000 195551
1316000 195529
1317000 195510
1318000 195489
1319000 195470
1320000 195521
1321000 195499
1322000 195483
1323000 195464
1324000 195443
1325000 195510
1326000 195489
1327000 195474
1328000 195447
1329000 195420
1330000 195472
1331000 195458
1332000 195439
1333000 195418
1334000 195398
1335000 195455
1336000 195437
1337000 195412
1338000 195395
1339000 195376
1340000 195434
1341000 195404
1342000 195379
1343000 195355
1344000 195338
1345000 195373
1346000 195347
1347000 195324
1348000 195301
1349000 195280
1350000 195349
1351000 195324
1352000 195308
1353000 195279
1354000 195259
1355000 195302
1356000 195277
1357000 195259
1358000 195235
1359000 195209
1360000 195272
1361000 195248
1362000 195222
1363000 195202
1364000 195180
1365000 195232
1366000 195214
1367000 195183
1368000 195154
1369000 195130
1370000 195189
1371000 195174
1372000 195158
1373000 195133
1374000 195106
1375000 195168
1376000 195143
1377000 195114
1378000 195089
1379000 195071
1380000 195135
1381000 195117
1382000 195099
1383000 195077
1384000 195052
1385000 195112
1386000 195089
1387000 195068
1388000 195047
1389000 195018
1390000 195067
1391000 195040
1392000 195011
1393000 194982
1394000 194961
1395000 195009
1396000 194988
1397000 194963
1398000 194950
1399000 194935
1400000 194997
1401000 194977
1402000 194950
1403000 194930
1404000 194908
1405000 194983
1406000 194966
1407000 194951
1408000 194930
1409000 194906
1410000 194967
1411000 194948
1412000 194926
1413000 194904
1414000 194877
1415000 194932
1416000 194913
1417000 194892
1418000 194869
1419000 194847
1420000 194885
1421000 194863
1422000 194849
1423000 194831
1424000 194809
1425000 194863
1426000 194851
1427000 194836
1428000 194822
1429000 194801
1430000 194849
1431000 194827
1432000 194801
1433000 194784
1434000 194768
1435000 194840
1436000 194817
1437000 194793
1438000 194773
1439000 194747
1440000 194821
1441000 194798
1442000 194778
1443000 194758
1444000 194737
1445000 194802
1446000 194778
1447000 194755
1448000 194729
1449000 194705
1450000 194755
1451000 194727
1452000 194705
1453000 194693
1454000 194671
1455000 194746
1456000 194724
1457000 194702
1458000 194676
1459000 194656
1460000 194718
1461000 194694
1462000 194675
1463000 194648
1464000 194619
1465000 194680
1466000 194665
1467000 194641
1468000 194615
1469000 194596
1470000 194663
1471000 194637
1472000 194622
1473000 194603
1474000 194588
1475000 194647
1476000 194621
1477000 194603
1478000 194594
1479000 194567
1480000 194633
1481000 194612
1482000 194588
1483000 194572
1484000 194549
1485000 194604
1486000 194581
1487000 194566
1488000 194546
1489000 194525
1490000 194594
1491000 194570
1492000 194549
1493000 194530
1494000 194506
1495000 194570
1496000 194551
1497000 194525
1498000 194505
1499000 194487
1500000 194551
1501000 194535
1502000 194514
1503000 194499
1504000 194478
1505000 194535
1506000 194515
1507000 194492
1508000 194473
1509000 194451
1510000 194523
1511000 194499
1512000 194470
1513000 194455
1514000 194440
1515000 194489
1516000 194464
1517000 194449
1518000 194425
1519000 194409
1520000 194461
1521000 194439
1522000 194420
1523000 194402
1524000 194386
1525000 194447
1526000 194434
1527000 194409
1528000 194387
1529000 194372
1530000 194443
1531000 194414
1532000 194393
1533000 194366
1534000 194343
1535000 194397
1536000 194363
1537000 194340
1538000 194312
1539000 194297
1540000 194364
1541000 194340
1542000 194317
1543000 194296
1544000 194279
1545000 194334
1546000 194317
1547000 194290
1548000 194273
1549000 194248
1550000 194307
1551000 194283
1552000 194257
1553000 194235
1554000 194212
1555000 194273
1556000 194247
1557000 194226
1558000 194201
1559000 194187
1560000 194252
1561000 194233
1562000 194222
1563000 194201
1564000 194184
1565000 194244
1566000 194226
1567000 194212
1568000 194192
1569000 194174
1570000 194220
1571000 194196
1572000 194166
1573000 194147
1574000 194128
1575000 194195
1576000 194169
1577000 194151
1578000 194136
1579000 194117
1580000 194177
1581000 194155
1582000 194133
1583000 194110
1584000 194088
1585000 194138
1586000 194121
1587000 194089
1588000 194061
1589000 194043
1590000 194109
1591000 194090
1592000 194065
1593000 194043
1594000 194015
1595000 194077
1596000 194061
1597000 194041
1598000 194018
1599000 193990
1600000 194037
1601000 194019
1602000 194002
1603000 193982
1604000 193961
1605000 194005
1606000 193988
1607000 193973
1608000 193949
1609000 193923
1610000 193980
1611000 193955
1612000 193941
1613000 193918
1614000 193908
1615000 193982
1616000 193957
1617000 193931
1618000 193913
1619000 193897
1620000 193981
1621000 193955
1622000 193935
1623000 193915
1624000 193900
1625000 193961
1626000 193940
1627000 193922
1628000 193911
1629000 193884
1630000 193961
1631000 193936
1632000 193902
1633000 193876
1634000 193846
1635000 193918
1636000 193894
1637000 193870
1638000 193849
1639000 193834
1640000 193907
1641000 193888
1642000 193876
1643000 193846
1644000 193822
1645000 193886
1646000 193864
1647000 193849
1648000 193825
1649000 193811
1650000 193856
1651000 193831
1652000 193813
1653000 193798
1654000 193772
1655000 193836
1656000 193827
1657000 193808
1658000 193788
1659000 193766
1660000 193844
1661000 193817
1662000 193800
1663000 193772
1664000 193752
1665000 193803
1666000 193781
1667000 193758
1668000 193733
1669000 193704
1670000 193765
1671000 193742
1672000 193717
1673000 193690
1674000 193651
1675000 193723
1676000 193700
1677000 193680
1678000 193655
1679000 193640
1680000 193701
1681000 193675
1682000 193652
1683000 193635
1684000 193616
1685000 193663
1686000 193644
1687000 193613
1688000 193580
1689000 193558
1690000 193620
1691000 193606
1692000 193580
1693000 193563
1694000 193549
1695000 193612
1696000 193580
1697000 193556
1698000 193531
1699000 193517
1700000 193568
1701000 193542
1702000 193516
1703000 193501
1704000 193479
1705000 193542
1706000 193531
1707000 193506
1708000 193487
1709000 193465
1710000 193519
1711000 193502
1712000 193472
1713000 193449
1714000 193432
1715000 193486
1716000 193466
1717000 193450
1718000 193430
1719000 193402
1720000 193471
1721000 193449
1722000 193432
1723000 193403
1724000 193381
1725000 193451
1726000 193423
1727000 193401
1728000 193383
1729000 193367
1730000 193407
1731000 193394
1732000 193376
1733000 193359
1734000 193345
1735000 193412
1736000 193396
1737000 193374
1738000 193353
1739000 193325
1740000 193385
1741000 193365
1742000 193345
1743000 193319
1744000 193295
1745000 193359
1746000 193341
1747000 193314
1748000 193296
1749000 193282
1750000 193327
1751000 193308
1752000 193293
1753000 193271
1754000 193254
1755000 193309
1756000 193279
1757000 193257
1758000 193231
1759000 193210
1760000 193262
1761000 193248
1762000 193228
1763000 193208
1764000 193184
1765000 193247
1766000 193230
1767000 193203
1768000 193183
1769000 193155
1770000 193213
1771000 193192
1772000 193176
1773000 193155
1774000 193134
1775000 193201
1776000 193182
1777000 193163
1778000 193142
1779000 193120
1780000 193185
1781000 193162
1782000 193147
1783000 193110
1784000 193092
1785000 193154
1786000 193140
1787000 193124
1788000 193105
1789000 193086
1790000 193136
1791000 193115
1792000 193086
1793000 193067
1794000 193049
1795000 193124
1796000 193100
1797000 193079
1798000 193058
1799000 193033
1800000 193099
1801000 193074
1802000 193060
1803000 193035
1804000 193011
1805000 193078
1806000 193060
1807000 193042
1808000 193015
1809000 192992
1810000 193048
1811000 193032
1812000 193019
1813000 193006
1814000 192983
1815000 193045
1816000 193023
1817000 193000
1818000 192978
1819000 192960
1820000 193038
1821000 193017
1822000 193005
1823000 192991
1824000 192961
1825000 193055
1826000 193041
1827000 193007
1828000 192983
1829000 192962
1830000 193012
1831000 192988
1832000 192961
1833000 192941
1834000 192921
1835000 192997
1836000 192973
1837000 192948
1838000 192928
1839000 192909
1840000 192968
1841000 192949
1842000 192931
1843000 192913
1844000 192888
1845000 192974
1846000 192962
1847000 192938
1848000 192917
1849000 192890
1850000 192933
1851000 192910
1852000 192888
1853000 192871
1854000 192856
1855000 192910
1856000 192888
1857000 192869
1858000 192850
1859000 192827
1860000 192891
1861000 192874
1862000 192851
1863000 192825
1864000 192803
1865000 192857
1866000 192840
1867000 192819
1868000 192796
1869000 192773
1870000 192831
1871000 192811
1872000 192795
1873000 192773
1874000 192755
1875000 192830
1876000 192814
1877000 192790
1878000 192765
1879000 192747
1880000 192796
1881000 192779
1882000 192756
1883000 192741
1884000 192713
1885000 192759
1886000 192737
1887000 192718
1888000 192693
1889000 192670
1890000 192727
1891000 192697
1892000 192677
1893000 192656
1894000 192637
1895000 192701
1896000 192677
1897000 192654
1898000 192619
1899000 192598
1900000 192654
1901000 192634
1902000 192614
1903000 192599
1904000 192579
1905000 192644
1906000 192624
1907000 192595
1908000 192570
1909000 192550
1910000 192605
1911000 192580
1912000 192557
1913000 192544
1914000 192521
1915000 192575
1916000 192554
1917000 192534
1918000 192512
1919000 192490
1920000 192567
1921000 192555
1922000 192538
1923000 192517
1924000 192487
1925000 192546
1926000 192521
1927000 192494
1928000 192465
1929000 192437
1930000 192496
1931000 192481
1932000 192455
1933000 192429
1934000 192406
1935000 192471
1936000 192456
1937000 192435
1938000 192411
1939000 192380
1940000 192460
1941000 192430
1942000 192413
1943000 192398
1944000 192373
1945000 192437
1946000 192420
1947000 192400
1948000 192375
1949000 192356
1950000 192419
1951000 192401
1952000 192381
1953000 192353
1954000 192329
1955000 192397
1956000 192385
1957000 192354
1958000 192332
1959000 192309
1960000 192383
1961000 192369
1962000 192346
1963000 192328
1964000 192306
1965000 192372
1966000 192348
1967000 192324
1968000 192303
1969000 192285
1970000 192341
1971000 192322
1972000 192304
1973000 192284
1974000 192270
1975000 192337
1976000 192318
1977000 192304
1978000 192282
1979000 192256
1980000 192313
1981000 192295
1982000 192268
1983000 192244
1984000 192229
1985000 192286
1986000 192266
1987000 192244
1988000 192221
1989000 192193
1990000 192255
1991000 192232
1992000 192211
1993000 192186
1994000 192160
1995000 192218
1996000 192196
1997000 192184
1998000 192165
1999000 192142
2000000 192209
2001000 192190
2002000 192162
2003000 192136
2004000 192120
2005000 192168
2006000 192150
2007000 192132
2008000 192118
2009000 192091
2010000 192172
2011000 192150
2012000 192127
2013000 192104
2014000 192079
2015000 192125
2016000 192109
2017000 192089
2018000 192074
2019000 192049
2020000 192116
2021000 192100
2022000 192080
2023000 192059
2024000 192035
2025000 192095
2026000 192073
2027000 192053
2028000 192033
2029000 192008
2030000 192079
2031000 192068
2032000 192055
2033000 192042
2034000 192012
2035000 192074
2036000 192051
2037000 192028
2038000 192004
2039000 191981
2040000 192026
2041000 192007
2042000 191980
2043000 191962
2044000 191935
2045000 191978
2046000 191945
2047000 191921
2048000 191900
2049000 191884
2050000 191940
2051000 191925
2052000 191908
2053000 191892
2054000 191868
2055000 191935
2056000 191912
2057000 191894
2058000 191873
2059000 191847
2060000 191908
2061000 191891
2062000 191872
2063000 191857
2064000 191839
2065000 191895
2066000 191873
2067000 191858
2068000 191833
2069000 191808
2070000 191853
2071000 191834
2072000 191804
2073000 191783
2074000 191766
2075000 191841
2076000 191823
2077000 191794
2078000 191771
2079000 191756
2080000 191820
2081000 191801
2082000 191777
2083000 191761
2084000 191738
2085000 191809
2086000 191791
2087000 191772
2088000 191750
2089000 191722
2090000 191779
2091000 191762
2092000 191742
2093000 191726
2094000 191704
2095000 191771
2096000 191747
2097000 191729
2098000 191712
2099000 191684
2100000 191757
2101000 191735
2102000 191709
2103000 191689
2104000 191664
2105000 191731
2106000 191709
2107000 191691
2108000 191661
2109000 191643
2110000 191711
2111000 191700
2112000 191683
2113000 191668
2114000 191648
2115000 191725
2116000 191710
2117000 191681
2118000 191662
2119000 191638
2120000 191689
2121000 191667
2122000 191645
2123000 191627
2124000 191604
2125000 191690
2126000 191671
2127000 191652
2128000 191636
2129000 191610
2130000 191671
2131000 191646
2132000 191633
2133000 191609
2134000 191591
2135000 191644
2136000 191624
2137000 191607
2138000 191584
2139000 191559
2140000 191625
2141000 191600
2142000 191581
2143000 191559
2144000 191533
2145000 191588
2146000 191567
2147000 191543
2148000 191516
2149000 191489
2150000 191545
2151000 191526
2152000 191506
2153000 191486
2154000 191463
2155000 191521
2156000 191504
2157000 191483
2158000 191466
2159000 191448
2160000 191525
2161000 191503
2162000 191473
2163000 191450
2164000 191435
2165000 191487
2166000 191469
2167000 191444
2168000 191425
2169000 191408
2170000 191465
2171000 191452
2172000 191425
2173000 191406
2174000 191383
2175000 191462
2176000 191434
2177000 191419
2178000 191403
2179000 191381
2180000 191432
2181000 191421
2182000 191388
2183000 191363
2184000 191342
2185000 191408
2186000 191391
2187000 191362
2188000 191342
2189000 191330
2190000 191385
2191000 191363
2192000 191343
2193000 191318
2194000 191297
2195000 191351
2196000 191326
2197000 191309
2198000 191280
2199000 191251
2200000 191314
2201000 191293
2202000 191275
2203000 191261
2204000 191252
2205000 191308
2206000 191288
2207000 191266
2208000 191242
2209000 191224
2210000 191286
2211000 191268
2212000 191250
2213000 191235
2214000 191216
2215000 191257
2216000 191229
2217000 191215
2218000 191189
2219000 191169
2220000 191248
2221000 191233
2222000 191213
2223000 191198
2224000 191182
2225000 191256
2226000 191233
2227000 191207
2228000 191180
2229000 191158
2230000 191230
2231000 191209
2232000 191191
2233000 191171
2234000 191143
2235000 191214
2236000 191195
2237000 191176
2238000 191153
2239000 191126
2240000 191175
2241000 191152
2242000 191128
2243000 191112
2244000 191093
2245000 191151
2246000 191134
2247000 191111
2248000 191098
2249000 191073
2250000 191140
2251000 191125
2252000 191101
2253000 191091
2254000 191070
2255000 191126
2256000 191114
2257000 191087
2258000 191071
2259000 191046
2260000 191103
2261000 191080
2262000 191053
2263000 191030
2264000 191001
2265000 191051
2266000 191032
2267000 191004
2268000 190986
2269000 190962
2270000 191036
2271000 191004
2272000 190985
2273000 190968
2274000 190940
2275000 190988
2276000 190964
2277000 190949
2278000 190931
2279000 190921
2280000 191004
2281000 190982
2282000 190958
2283000 190936
2284000 190920
2285000 190999
2286000 190982
2287000 190971
2288000 190947
2289000 190926
2290000 191002
2291000 190976
2292000 190952
2293000 190933
2294000 190905
2295000 190955
2296000 190930
2297000 190909
2298000 190888
2299000 190870
2300000 190933
2301000 190918
2302000 190893
2303000 190877
2304000 190852
2305000 190912
2306000 190889
2307000 190869
2308000 190844
2309000 190832
2310000 190900
2311000 190883
2312000 190864
2313000 190857
2314000 190844
2315000 190937
2316000 190917
2317000 190905
2318000 190880
2319000 190858
2320000 190929
2321000 190903
2322000 190885
2323000 190865
2324000 190840
2325000 190909
2326000 190889
2327000 190874
2328000 190866
2329000 190847
2330000 190904
2331000 190881
2332000 190860
2333000 190840
2334000 190820
2335000 190884
2336000 190854
2337000 190836
2338000 190806
2339000 190783
2340000 190864
2341000 190841
2342000 190814
2343000 190797
2344000 190779
2345000 190845
2346000 190826
2347000 190797
2348000 190777
2349000 190752
2350000 190815
2351000 190798
2352000 190784
2353000 190761
2354000 190745
2355000 190820
2356000 190795
2357000 190774
2358000 190756
2359000 190733
2360000 190816
2361000 190795
2362000 190777
2363000 190758
2364000 190748
2365000 190829
2366000 190807
2367000 190783
2368000 190760
2369000 190740
2370000 190812
2371000 190795
2372000 190773
2373000 190752
2374000 190735
2375000 190809
2376000 190792
2377000 190758
2378000 190739
2379000 190713
2380000 190812
2381000 190798
2382000 190773
2383000 190751
2384000 190735
2385000 190802
2386000 190771
2387000 190745
2388000 190718
2389000 190701
2390000 190765
2391000 190731
2392000 190712
2393000 190693
2394000 190669
2395000 190731
2396000 190708
2397000 190685
2398000 190665
2399000 190642
2400000 190710
2401000 190687
2402000 190671
2403000 190651
2404000 190628
2405000 190688
2406000 190667
2407000 190649
2408000 190631
2409000 190602
2410000 190685
2411000 190664
2412000 190648
2413000 190636
2414000 190615
2415000 190702
2416000 190679
2417000 190652
2418000 190626
2419000 190600
2420000 190672
2421000 190649
2422000 190628
2423000 190610
2424000 190595
2425000 190660
2426000 190631
2427000 190614
2428000 190588
2429000 190570
2430000 190616
2431000 190596
2432000 190579
2433000 190556
2434000 190541
2435000 190606
2436000 190592
2437000 190567
2438000 190549
2439000 190530
2440000 190600
2441000 190586
2442000 190571
2443000 190551
2444000 190526
2445000 190599
2446000 190573
2447000 190551
2448000 190534
2449000 190519
2450000 190578
2451000 190552
2452000 190529
2453000 190509
2454000 190482
2455000 190549
2456000 190531
2457000 190513
2458000 190489
2459000 190462
2460000 190517
2461000 190501
2462000 190485
2463000 190456
2464000 190443
2465000 190519
2466000 190500
2467000 190478
2468000 190457
2469000 190434
2470000 190501
2471000 190476
2472000 190456
2473000 190430
2474000 190415
2475000 190466
2476000 190442
2477000 190423
2478000 190404
2479000 190392
2480000 190466
2481000 190444
2482000 190416
2483000 190394
2484000 190374
2485000 190454
2486000 190434
2487000 190410
2488000 190389
2489000 190375
2490000 190441
2491000 190411
2492000 190387
2493000 190370
2494000 190352
2495000 190429
2496000 190413
2497000 190391
2498000 190370
2499000 190357
2500000 190438
2501000 190417
2502000 190402
2503000 190383
2504000 190368
2505000 190443
2506000 190421
2507000 190402
2508000 190381
2509000 190362
2510000 190444
2511000 190428
2512000 190409
2513000 190388
2514000 190358
2515000 190430
2516000 190413
2517000 190394
2518000 190367
2519000 190347
2520000 190414
2521000 190389
2522000 190369
2523000 190342
2524000 190325
2525000 190374
2526000 190352
2527000 190340
2528000 190323
2529000 190302
2530000 190372
2531000 190347
2532000 190336
2533000 190320
2534000 190293
2535000 190355
2536000 190337
2537000 190323
2538000 190301
2539000 190270
2540000 190348
2541000 190332
2542000 190309
2543000 190290
2544000 190269
2545000 190328
2546000 190295
2547000 190266
2548000 190238
2549000 190219
2550000 190270
2551000 190248
2552000 190231
2553000 190203
2554000 190189
2555000 190269
2556000 190238
2557000 190214
2558000 190187
2559000 190167
2560000 190231
2561000 190217
2562000 190198
2563000 190180
2564000 190159
2565000 190218
2566000 190200
2567000 190174
2568000 190157
2569000 190134
2570000 190204
2571000 190191
2572000 190171
2573000 190151
2574000 190133
2575000 190209
2576000 190180
2577000 190161
2578000 190135
2579000 190110
2580000 190185
2581000 190164
2582000 190141
2583000 190123
2584000 190104
2585000 190169
2586000 190152
2587000 190135
2588000 190114
2589000 190097
2590000 190154
2591000 190128
2592000 190112
2593000 190099
2594000 190068
2595000 190125
2596000 190102
2597000 190077
2598000 190058
2599000 190030
2600000 190096
2601000 190079
2602000 190056
2603000 190032
2604000 190015
2605000 190112
2606000 190094
2607000 190067
2608000 190043
2609000 190024
2610000 190080
2611000 190049
2612000 190029
2613000 190013
2614000 189993
2615000 190077
2616000 190064
2617000 190039
2618000 190018
2619000 190002
2620000 190050
2621000 190030
2622000 190009
2623000 189996
2624000 189980
2625000 190056
2626000 190034
2627000 190018
2628000 190000
2629000 189974
2630000 190055
2631000 190031
2632000 190014
2633000 189997
2634000 189981
2635000 190057
2636000 190034
2637000 190004
2638000 189989
2639000 189961
2640000 190021
2641000 190000
2642000 189975
2643000 189954
2644000 189942
2645000 190024
2646000 190001
2647000 189978
2648000 189951
2649000 189928
2650000 189996
2651000 189980
2652000 189959
2653000 189939
2654000 189917
2655000 189998
2656000 189966
2657000 189952
2658000 189926
2659000 189901
2660000 189969
2661000 189951
2662000 189925
2663000 189906
2664000 189886
2665000 189939
2666000 189921
2667000 189900
2668000 189887
2669000 189857
2670000 189934
2671000 189920
2672000 189899
2673000 189873
2674000 189853
2675000 189915
2676000 189890
2677000 189860
2678000 189845
2679000 189825
2680000 189898
2681000 189874
2682000 189858
2683000 189837
2684000 189820
2685000 189875
2686000 189860
2687000 189841
2688000 189815
2689000 189785
2690000 189846
2691000 189829
2692000 189807
2693000 189780
2694000 189761
2695000 189834
2696000 189811
2697000 189788
2698000 189777
2699000 189755
2700000 189824
2701000 189809
2702000 189790
2703000 189767
2704000 189743
2705000 189818
2706000 189800
2707000 189777
2708000 189753
2709000 189731
2710000 189807
2711000 189785
2712000 189767
2713000 189746
2714000 189725
2715000 189793
2716000 189774
2717000 189745
2718000 189722
2719000 189701
2720000 189781
2721000 189754
2722000 189733
2723000 189716
2724000 189698
2725000 189761
2726000 189742
2727000 189717
2728000 189698
2729000 189676
2730000 189745
2731000 189727
2732000 189701
2733000 189680
2734000 189656
2735000 189722
2736000 189698
2737000 189678
2738000 189657
2739000 189641
2740000 189716
2741000 189694
2742000 189679
2743000 189658
2744000 189635
2745000 189698
2746000 189679
2747000 189667
2748000 189643
2749000 189624
2750000 189682
2751000 189663
2752000 189642
2753000 189616
2754000 189602
2755000 189665
2756000 189644
2757000 189614
2758000 189596
2759000 189579
2760000 189657
2761000 189637
2762000 189614
2763000 189601
2764000 189578
2765000 189653
2766000 189635
2767000 189616
2768000 189589
2769000 189569
2770000 189645
2771000 189630
2772000 189609
2773000 189586
2774000 189560
2775000 189613
2776000 189592
2777000 189571
2778000 189553
2779000 189536
2780000 189593
2781000 189567
2782000 189554
2783000 189535
2784000 189517
2785000 189580
2786000 189561
2787000 189537
2788000 189513
2789000 189497
2790000 189581
2791000 189554
2792000 189530
2793000 189509
2794000 189485
2795000 189558
2796000 189530
2797000 189509
2798000 189486
2799000 189465
2800000 189515
2801000 189502
2802000 189481
2803000 189454
2804000 189425
2805000 189511
2806000 189495
2807000 189474
2808000 189455
2809000 189443
2810000 189504
2811000 189482
2812000 189464
2813000 189443
2814000 189427
2815000 189476
2816000 189456
2817000 189435
2818000 189411
2819000 189392
2820000 189452
2821000 189431
2822000 189417
2823000 189394
2824000 189373
2825000 189463
2826000 189434
2827000 189415
2828000 189389
2829000 189371
2830000 189461
2831000 189436
2832000 189417
2833000 189401
2834000 189378
2835000 189443
2836000 189418
2837000 189399
2838000 189377
2839000 189359
2840000 189406
2841000 189391
2842000 189373
2843000 189355
2844000 189330
2845000 189402
2846000 189393
2847000 189365
2848000 189341
2849000 189315
2850000 189390
2851000 189377
2852000 189356
2853000 189334
2854000 189322
2855000 189380
2856000 189364
2857000 189341
2858000 189320
2859000 189303
2860000 189378
2861000 189362
2862000 189339
2863000 189318
2864000 189298
2865000 189360
2866000 189329
2867000 189308
2868000 189292
2869000 189273
2870000 189349
2871000 189322
2872000 189304
2873000 189280
2874000 189253
2875000 189316
2876000 189289
2877000 189267
2878000 189247
2879000 189218
2880000 189294
2881000 189272
2882000 189257
2883000 189237
2884000 189215
2885000 189294
2886000 189275
2887000 189254
2888000 189227
2889000 189207
2890000 189275
2891000 189255
2892000 189234
2893000 189218
2894000 189200
2895000 189290
2896000 189268
2897000 189252
2898000 189233
2899000 189210
2900000 189295
2901000 189279
2902000 189253
2903000 189236
2904000 189213
2905000 189278
2906000 189251
2907000 189230
2908000 189209
2909000 189193
2910000 189272
2911000 189250
2912000 189231
2913000 189210
2914000 189193
2915000 189277
2916000 189258
2917000 189246
2918000 189230
2919000 189209
2920000 189272
2921000 189247
2922000 189233
2923000 189205
2924000 189181
2925000 189256
2926000 189239
2927000 189222
2928000 189205
2929000 189190
2930000 189265
2931000 189247
2932000 189227
2933000 189201
2934000 189177
2935000 189250
2936000 189238
2937000 189214
2938000 189191
2939000 189164
2940000 189230
2941000 189205
2942000 189188
2943000 189156
2944000 189137
2945000 189190
2946000 189166
2947000 189141
2948000 189118
2949000 189098
2950000 189162
2951000 189140
2952000 189122
2953000 189102
2954000 189085
2955000 189150
2956000 189130
2957000 189112
2958000 189096
2959000 189073
2960000 189139
2961000 189117
2962000 189088
2963000 189067
2964000 189048
2965000 189112
2966000 189093
2967000 189071
2968000 189049
2969000 189028
2970000 189100
2971000 189083
2972000 189061
2973000 189030
2974000 189008
2975000 189085
2976000 189065
2977000 189042
2978000 189015
2979000 188989
2980000 189059
2981000 189042
2982000 189026
2983000 189006
2984000 188983
2985000 189039
2986000 189016
2987000 189006
2988000 188988
2989000 188967
2990000 189043
2991000 189022
2992000 189008
2993000 188984
2994000 188957
2995000 189029
2996000 189010
2997000 188991
2998000 188967
2999000 188939
3000000 188995
3001000 188983
3002000 188973
3003000 188953
3004000 188939
3005000 189004
3006000 188982
3007000 188962
3008000 188939
3009000 188921
3010000 188986
3011000 188964
3012000 188942
3013000 188918
3014000 188896
3015000 188940
3016000 188918
3017000 188904
3018000 188886
3019000 188869
3020000 188952
3021000 188929
3022000 188908
3023000 188891
3024000 188875
3025000 188949
3026000 188932
3027000 188913
3028000 188902
3029000 188868
3030000 188926
3031000 188901
3032000 188880
3033000 188861
3034000 188833
3035000 188915
3036000 188888
3037000 188868
3038000 188850
3039000 188830
3040000 188908
3041000 188886
3042000 188860
3043000 188838
3044000 188808
3045000 188884
3046000 188863
3047000 188840
3048000 188811
3049000 188783
3050000 188873
3051000 188852
3052000 188830
3053000 188810
3054000 188789
3055000 188854
3056000 188837
3057000 188818
3058000 188801
3059000 188782
3060000 188849
3061000 188824
3062000 188810
3063000 188789
3064000 188769
3065000 188856
3066000 188842
3067000 188817
3068000 188797
3069000 188781
3070000 188845
3071000 188837
3072000 188813
3073000 188792
3074000 188778
3075000 188846
3076000 188828
3077000 188810
3078000 188787
3079000 188759
3080000 188823
3081000 188802
3082000 188784
3083000 188768
3084000 188751
3085000 188825
3086000 188805
3087000 188781
3088000 188758
3089000 188746
3090000 188804
3091000 188784
3092000 188772
3093000 188744
3094000 188722
3095000 188783
3096000 188768
3097000 188747
3098000 188723
3099000 188703
3100000 188763
3101000 188752
3102000 188733
3103000 188713
3104000 188697
3105000 188783
3106000 188752
3107000 188732
3108000 188715
3109000 188697
3110000 188792
3111000 188776
3112000 188752
3113000 188724
3114000 188701
3115000 188779
3116000 188756
3117000 188740
3118000 188720
3119000 188698
3120000 188754
3121000 188743
3122000 188725
3123000 188702
3124000 188680
3125000 188745
3126000 188729
3127000 188705
3128000 188684
3129000 188668
3130000 188754
3131000 188732
3132000 188702
3133000 188680
3134000 188663
3135000 188741
3136000 188711
3137000 188693
3138000 188676
3139000 188662
3140000 188721
3141000 188692
3142000 188672
3143000 188653
3144000 188629
3145000 188724
3146000 188705
3147000 188687
3148000 188662
3149000 188642
3150000 188709
3151000 188690
3152000 188670
3153000 188652
3154000 188626
3155000 188722
3156000 188707
3157000 188683
3158000 188669
3159000 188652
3160000 188743
3161000 188713
3162000 188695
3163000 188684
3164000 188659
3165000 188723
3166000 188700
3167000 188671
3168000 188658
3169000 188636
3170000 188698
3171000 188673
3172000 188654
3173000 188631
3174000 188615
3175000 188700
3176000 188685
3177000 188663
3178000 188642
3179000 188626
3180000 188692
3181000 188670
3182000 188650
3183000 188628
3184000 188603
3185000 188675
3186000 188647
3187000 188629
3188000 188609
3189000 188593
3190000 188648
3191000 188622
3192000 188593
3193000 188564
3194000 188550
3195000 188614
3196000 188597
3197000 188576
3198000 188559
3199000 188545
3200000 188621
3201000 188594
3202000 188570
3203000 188550
3204000 188527
3205000 188598
3206000 188583
3207000 188569
3208000 188546
3209000 188536
3210000 188598
3211000 188583
3212000 188550
3213000 188539
3214000 188519
3215000 188599
3216000 188584
3217000 188565
3218000 188539
3219000 188519
3220000 188583
3221000 188566
3222000 188546
3223000 188525
3224000 188508
3225000 188571
3226000 188541
3227000 188516
3228000 188492
3229000 188475
3230000 188568
3231000 188537
3232000 188518
3233000 188496
3234000 188471
3235000 188533
3236000 188496
3237000 188482
3238000 188461
3239000 188433
3240000 188496
3241000 188484
3242000 188461
3243000 188441
3244000 188423
3245000 188501
3246000 188473
3247000 188454
3248000 188436
3249000 188412
3250000 188487
3251000 188467
3252000 188448
3253000 188431
3254000 188415
3255000 188485
3256000 188464
3257000 188440
3258000 188421
3259000 188406
3260000 188474
3261000 188460
3262000 188441
3263000 188429
3264000 188400
3265000 188468
3266000 188454
3267000 188431
3268000 188419
3269000 188402
3270000 188482
3271000 188461
3272000 188448
3273000 188433
3274000 188401
3275000 188473
3276000 188447
3277000 188431
3278000 188416
3279000 188397
3280000 188464
3281000 188442
3282000 188415
3283000 188393
3284000 188367
3285000 188447
3286000 188426
3287000 188407
3288000 188378
3289000 188360
3290000 188446
3291000 188431
3292000 188408
3293000 188390
3294000 188371
3295000 188455
3296000 188438
3297000 188410
3298000 188392
3299000 188372
3300000 188432
3301000 188413
3302000 188383
3303000 188364
3304000 188346
3305000 188396
3306000 188375
3307000 188358
3308000 188342
3309000 188331
3310000 188405
3311000 188392
3312000 188376
3313000 188359
3314000 188338
3315000 188393
3316000 188371
3317000 188356
3318000 188331
3319000 188308
3320000 188376
3321000 188350
3322000 188331
3323000 188307
3324000 188288
3325000 188379
3326000 188359
3327000 188338
3328000 188323
3329000 188303
3330000 188375
3331000 188358
3332000 188334
3333000 188314
3334000 188295
3335000 188345
3336000 188319
3337000 188291
3338000 188276
3339000 188254
3340000 188307
3341000 188283
3342000 188263
3343000 188249
3344000 188225
3345000 188294
3346000 188276
3347000 188254
3348000 188242
3349000 188222
3350000 188280
3351000 188256
3352000 188238
3353000 188220
3354000 188198
3355000 188278
3356000 188258
3357000 188240
3358000 188215
3359000 188197
3360000 188278
3361000 188250
3362000 188225
3363000 188207
3364000 188196
3365000 188268
3366000 188259
3367000 188242
3368000 188221
3369000 188196
3370000 188266
3371000 188245
3372000 188223
3373000 188196
3374000 188172
3375000 188249
3376000 188225
3377000 188207
3378000 188179
3379000 188156
3380000 188217
3381000 188207
3382000 188185
3383000 188170
3384000 188148
3385000 188234
3386000 188219
3387000 188203
3388000 188180
3389000 188170
3390000 188236
3391000 188219
3392000 188199
3393000 188169
3394000 188149
3395000 188217
3396000 188192
3397000 188175
3398000 188165
3399000 188142
3400000 188223
3401000 188202
3402000 188183
3403000 188166
3404000 188147
3405000 188216
3406000 188187
3407000 188169
3408000 188150
3409000 188130
3410000 188220
3411000 188200
3412000 188183
3413000 188160
3414000 188136
3415000 188222
3416000 188201
3417000 188183
3418000 188164
3419000 188147
3420000 188224
3421000 188200
3422000 188180
3423000 188153
3424000 188139
3425000 188210
3426000 188191
3427000 188169
3428000 188147
3429000 188129
3430000 188206
3431000 188181
3432000 188157
3433000 188142
3434000 188118
3435000 188191
3436000 188166
3437000 188141
3438000 188118
3439000 188099
3440000 188159
3441000 188139
3442000 188116
3443000 188097
3444000 188088
3445000 188175
3446000 188155
3447000 188138
3448000 188118
3449000 188094
3450000 188185
3451000 188168
3452000 188148
3453000 188126
3454000 188111
3455000 188192
3456000 188171
3457000 188143
3458000 188120
3459000 188107
3460000 188188
3461000 188166
3462000 188144
3463000 188119
3464000 188102
3465000 188187
3466000 188167
3467000 188146
3468000 188125
3469000 188106
3470000 188170
3471000 188154
3472000 188139
3473000 188118
3474000 188094
3475000 188182
3476000 188163
3477000 188136
3478000 188121
3479000 188107
3480000 188206
3481000 188184
3482000 188157
3483000 188142
3484000 188125
3485000 188208
3486000 188184
3487000 188168
3488000 188152
3489000 188130
3490000 188218
3491000 188191
3492000 188171
3493000 188153
3494000 188130
3495000 188206
3496000 188175
3497000 188154
3498000 188137
3499000 188117
3500000 188189
3501000 188164
3502000 188155
3503000 188132
3504000 188116
3505000 188189
3506000 188167
3507000 188144
3508000 188125
3509000 188104
3510000 188173
3511000 188149
3512000 188131
3513000 188107
3514000 188078
3515000 188157
3516000 188141
3517000 188113
3518000 188100
3519000 188078
3520000 188169
3521000 188139
3522000 188129
3523000 188116
3524000 188095
3525000 188169
3526000 188153
3527000 188136
3528000 188117
3529000 188097
3530000 188183
3531000 188167
3532000 188140
3533000 188116
3534000 188104
3535000 188180
3536000 188163
3537000 188137
3538000 188114
3539000 188094
3540000 188161
3541000 188141
3542000 188127
3543000 188110
3544000 188082
3545000 188141
3546000 188126
3547000 188108
3548000 188080
3549000 188054
3550000 188130
3551000 188117
3552000 188098
3553000 188079
3554000 188052
3555000 188140
3556000 188114
3557000 188094
3558000 188079
3559000 188055
3560000 188114
3561000 188093
3562000 188070
3563000 188058
3564000 188042
3565000 188109
3566000 188094
3567000 188073
3568000 188050
3569000 188033
3570000 188112
3571000 188085
3572000 188063
3573000 188044
3574000 188023
3575000 188084
3576000 188061
3577000 188046
3578000 188029
3579000 188007
3580000 188072
3581000 188051
3582000 188037
3583000 188015
3584000 187990
3585000 188055
3586000 188036
3587000 188024
3588000 187999
3589000 187980
3590000 188051
3591000 188033
3592000 188012
3593000 187990
3594000 187972
3595000 188052
3596000 188034
3597000 188008
3598000 187985
3599000 187970
3600000 188050
3601000 188018
3602000 187996
3603000 187975
3604000 187959
3605000 188023
3606000 188003
3607000 187978
3608000 187960
3609000 187935
3610000 188000
3611000 187977
3612000 187955
3613000 187932
3614000 187914
3615000 188000
3616000 187978
3617000 187958
3618000 187946
3619000 187921
3620000 188012
3621000 187994
3622000 187976
3623000 187962
3624000 187943
3625000 188033
3626000 188013
3627000 187998
3628000 187977
3629000 187959
3630000 188032
3631000 188013
3632000 187989
3633000 187965
3634000 187946
3635000 188020
3636000 188008
3637000 187988
3638000 187976
3639000 187950
3640000 188015
3641000 187992
3642000 187971
3643000 187953
3644000 187921
3645000 187990
3646000 187963
3647000 187939
3648000 187917
3649000 187881
3650000 187963
3651000 187946
3652000 187925
3653000 187906
3654000 187886
3655000 187956
3656000 187933
3657000 187919
3658000 187904
3659000 187883
3660000 187960
3661000 187950
3662000 187936
3663000 187903
3664000 187885
3665000 187956
3666000 187932
3667000 187910
3668000 187889
3669000 187862
3670000 187939
3671000 187911
3672000 187883
3673000 187865
3674000 187845
3675000 187929
3676000 187907
3677000 187896
3678000 187880
3679000 187856
3680000 187938
3681000 187922
3682000 187904
3683000 187879
3684000 187863
3685000 187940
3686000 187918
3687000 187899
3688000 187869
3689000 187854
3690000 187908
3691000 187886
3692000 187862
3693000 187841
3694000 187823
3695000 187899
3696000 187886
3697000 187864
3698000 187844
3699000 187824
3700000 187896
3701000 187875
3702000 187845
3703000 187829
3704000 187813
3705000 187880
3706000 187859
3707000 187836
3708000 187818
3709000 187792
3710000 187871
3711000 187847
3712000 187818
3713000 187795
3714000 187775
3715000 187850
3716000 187831
3717000 187817
3718000 187796
3719000 187779
3720000 187842
3721000 187820
3722000 187804
3723000 187784
3724000 187765
3725000 187840
3726000 187814
3727000 187799
3728000 187785
3729000 187770
3730000 187858
3731000 187834
3732000 187810
3733000 187782
3734000 187754
3735000 187834
3736000 187810
3737000 187794
3738000 187773
3739000 187752
3740000 187832
3741000 187807
3742000 187787
3743000 187764
3744000 187746
3745000 187803
3746000 187783
3747000 187762
3748000 187747
3749000 187725
3750000 187783
3751000 187755
3752000 187737
3753000 187720
3754000 187705
3755000 187792
3756000 187767
3757000 187753
3758000 187734
3759000 187715
3760000 187798
3761000 187778
3762000 187757
3763000 187737
3764000 187716
3765000 187780
3766000 187762
3767000 187731
3768000 187718
3769000 187690
3770000 187757
3771000 187731
3772000 187716
3773000 187694
3774000 187674
3775000 187760
3776000 187741
3777000 187721
3778000 187704
3779000 187686
3780000 187767
3781000 187744
3782000 187725
3783000 187709
3784000 187695
3785000 187778
3786000 187754
3787000 187732
3788000 187710
3789000 187692
3790000 187760
3791000 187739
3792000 187715
3793000 187693
3794000 187676
3795000 187757
3796000 187740
3797000 187720
3798000 187692
3799000 187678
3800000 187762
3801000 187741
3802000 187723
3803000 187711
3804000 187697
3805000 187773
3806000 187754
3807000 187734
3808000 187716
3809000 187701
3810000 187791
3811000 187770
3812000 187749
3813000 187726
3814000 187710
3815000 187801
3816000 187789
3817000 187774
3818000 187756
3819000 187738
3820000 187809
3821000 187794
3822000 187774
3823000 187756
3824000 187743
3825000 187805
3826000 187785
3827000 187762
3828000 187741
3829000 187729
3830000 187788
3831000 187775
3832000 187758
3833000 187744
3834000 187722
3835000 187798
3836000 187779
3837000 187759
3838000 187745
3839000 187723
3840000 187797
3841000 187777
3842000 187760
3843000 187740
3844000 187718
3845000 187798
3846000 187774
3847000 187751
3848000 187729
3849000 187706
3850000 187782
3851000 187759
3852000 187743
3853000 187717
3854000 187700
3855000 187773
3856000 187752
3857000 187734
3858000 187719
3859000 187704
3860000 187784
3861000 187769
3862000 187749
3863000 187725
3864000 187701
3865000 187790
3866000 187777
3867000 187762
3868000 187745
3869000 187723
3870000 187792
3871000 187770
3872000 187757
3873000 187743
3874000 187731
3875000 187809
3876000 187791
3877000 187769
3878000 187747
3879000 187729
3880000 187807
3881000 187782
3882000 187767
3883000 187737
3884000 187718
3885000 187780
3886000 187759
3887000 187744
3888000 187728
3889000 187707
3890000 187777
3891000 187752
3892000 187728
3893000 187697
3894000 187674
3895000 187731
3896000 187710
3897000 187701
3898000 187685
3899000 187662
3900000 187752
3901000 187727
3902000 187712
3903000 187696
3904000 187678
3905000 187742
3906000 187728
3907000 187718
3908000 187703
3909000 187686
3910000 187774
3911000 187756
3912000 187743
3913000 187721
3914000 187703
3915000 187778
3916000 187763
3917000 187743
3918000 187724
3919000 187701
3920000 187783
3921000 187757
3922000 187744
3923000 187723
3924000 187706
3925000 187800
3926000 187772
3927000 187751
3928000 187727
3929000 187703
3930000 187790
3931000 187771
3932000 187752
3933000 187729
3934000 187701
3935000 187788
3936000 187769
3937000 187751
3938000 187734
3939000 187707
3940000 187780
3941000 187757
3942000 187740
3943000 187709
3944000 187684
3945000 187757
3946000 187734
3947000 187718
3948000 187688
3949000 187672
3950000 187769
3951000 187756
3952000 187737
3953000 187725
3954000 187699
3955000 187779
3956000 187751
3957000 187734
3958000 187713
3959000 187692
3960000 187764
3961000 187740
3962000 187716
3963000 187700
3964000 187685
3965000 187757
3966000 187739
3967000 187726
3968000 187710
3969000 187683
3970000 187766
3971000 187749
3972000 187726
3973000 187703
3974000 187680
3975000 187763
3976000 187746
3977000 187722
3978000 187702
3979000 187677
3980000 187750
3981000 187736
3982000 187720
3983000 187705
3984000 187680
3985000 187750
3986000 187728
3987000 187706
3988000 187686
3989000 187669
3990000 187720
3991000 187704
3992000 187684
3993000 187667
3994000 187637
3995000 187709
3996000 187677
3997000 187655
3998000 187630
3999000 187608
4000000 187671
4001000 187652
4002000 187642
4003000 187622
4004000 187602
4005000 187690
4006000 187680
4007000 187662
4008000 187640
4009000 187626
4010000 187696
4011000 187674
4012000 187651
4013000 187633
4014000 187611
4015000 187677
4016000 187656
4017000 187632
4018000 187616
4019000 187605
4020000 187690
4021000 187675
4022000 187660
4023000 187642
4024000 187619
4025000 187710
4026000 187693
4027000 187672
4028000 187651
4029000 187627
4030000 187721
4031000 187706
4032000 187673
4033000 187647
4034000 187626
4035000 187696
4036000 187674
4037000 187652
4038000 187629
4039000 187606
4040000 187688
4041000 187662
4042000 187646
4043000 187630
4044000 187602
4045000 187686
4046000 187665
4047000 187655
4048000 187643
4049000 187622
4050000 187685
4051000 187665
4052000 187650
4053000 187627
4054000 187607
4055000 187703
4056000 187688
4057000 187670
4058000 187652
4059000 187632
4060000 187708
4061000 187688
4062000 187670
4063000 187649
4064000 187633
4065000 187714
4066000 187694
4067000 187672
4068000 187645
4069000 187634
4070000 187734
4071000 187713
4072000 187691
4073000 187675
4074000 187658
4075000 187743
4076000 187724
4077000 187709
4078000 187683
4079000 187666
4080000 187745
4081000 187730
4082000 187706
4083000 187689
4084000 187673
4085000 187760
4086000 187734
4087000 187715
4088000 187704
4089000 187683
4090000 187767
4091000 187748
4092000 187731
4093000 187715
4094000 187691
4095000 187758
4096000 187736
4097000 187718
4098000 187700
4099000 187688
4100000 187769
4101000 187751
4102000 187736
4103000 187716
4104000 187704
4105000 187773
4106000 187757
4107000 187735
4108000 187714
4109000 187698
4110000 187773
4111000 187751
4112000 187730
4113000 187714
4114000 187690
4115000 187758
4116000 187740
4117000 187719
4118000 187697
4119000 187674
4120000 187742
4121000 187728
4122000 187707
4123000 187696
4124000 187681
4125000 187750
4126000 187741
4127000 187727
4128000 187702
4129000 187682
4130000 187781
4131000 187760
4132000 187750
4133000 187725
4134000 187711
4135000 187771
4136000 187752
4137000 187736
4138000 187717
4139000 187697
4140000 187779
4141000 187752
4142000 187732
4143000 187709
4144000 187685
4145000 187761
4146000 187740
4147000 187719
4148000 187696
4149000 187673
4150000 187765
4151000 187752
4152000 187737
4153000 187715
4154000 187699
4155000 187771
4156000 187746
4157000 187729
4158000 187707
4159000 187689
4160000 187768
4161000 187752
4162000 187731
4163000 187709
4164000 187682
4165000 187764
4166000 187747
4167000 187729
4168000 187713
4169000 187691
4170000 187762
4171000 187742
4172000 187713
4173000 187692
4174000 187673
4175000 187743
4176000 187722
4177000 187700
4178000 187677
4179000 187652
4180000 187717
4181000 187694
4182000 187673
4183000 187663
4184000 187645
4185000 187725
4186000 187710
4187000 187695
4188000 187681
4189000 187662
4190000 187729
4191000 187706
4192000 187671
4193000 187654
4194000 187636
4195000 187710
4196000 187690
4197000 187669
4198000 187649
4199000 187622
4200000 187687
4201000 187658
4202000 187646
4203000 187633
4204000 187616
4205000 187676
4206000 187663
4207000 187636
4208000 187618
4209000 187600
4210000 187679
4211000 187659
4212000 187643
4213000 187630
4214000 187610
4215000 187687
4216000 187662
4217000 187648
4218000 187626
4219000 187606
4220000 187691
4221000 187672
4222000 187654
4223000 187639
4224000 187626
4225000 187708
4226000 187690
4227000 187664
4228000 187645
4229000 187626
4230000 187717
4231000 187699
4232000 187686
4233000 187664
4234000 187642
4235000 187736
4236000 187715
4237000 187698
4238000 187674
4239000 187661
4240000 187742
4241000 187717
4242000 187687
4243000 187672
4244000 187652
4245000 187722
4246000 187695
4247000 187669
4248000 187652
4249000 187632
4250000 187721
4251000 187704
4252000 187690
4253000 187670
4254000 187651
4255000 187754
4256000 187726
4257000 187703
4258000 187684
4259000 187653
4260000 187734
4261000 187713
4262000 187699
4263000 187679
4264000 187658
4265000 187753
4266000 187739
4267000 187723
4268000 187705
4269000 187682
4270000 187767
4271000 187745
4272000 187723
4273000 187700
4274000 187684
4275000 187781
4276000 187766
4277000 187745
4278000 187731
4279000 187712
4280000 187804
4281000 187779
4282000 187757
4283000 187732
4284000 187708
4285000 187791
4286000 187771
4287000 187753
4288000 187732
4289000 187706
4290000 187780
4291000 187764
4292000 187731
4293000 187712
4294000 187689
4295000 187786
4296000 187763
4297000 187745
4298000 187718
4299000 187706
4300000 187777
4301000 187759
4302000 187736
4303000 187719
4304000 187702
4305000 187769
4306000 187745
4307000 187727
4308000 187711
4309000 187691
4310000 187762
4311000 187739
4312000 187719
4313000 187699
4314000 187682
4315000 187784
4316000 187762
4317000 187739
4318000 187721
4319000 187706
4320000 187769
4321000 187745
4322000 187725
4323000 187707
4324000 187692
4325000 187777
4326000 187754
4327000 187737
4328000 187727
4329000 187708
4330000 187801
4331000 187785
4332000 187768
4333000 187749
4334000 187735
4335000 187820
4336000 187797
4337000 187774
4338000 187754
4339000 187739
4340000 187816
4341000 187794
4342000 187771
4343000 187752
4344000 187730
4345000 187821
4346000 187797
4347000 187783
4348000 187765
4349000 187749
4350000 187823
4351000 187806
4352000 187782
4353000 187763
4354000 187743
4355000 187832
4356000 187816
4357000 187800
4358000 187784
4359000 187764
4360000 187858
4361000 187837
4362000 187820
4363000 187794
4364000 187776
4365000 187863
4366000 187844
4367000 187817
4368000 187798
4369000 187771
4370000 187836
4371000 187807
4372000 187780
4373000 187748
4374000 187731
4375000 187813
4376000 187798
4377000 187784
4378000 187768
4379000 187747
4380000 187815
4381000 187787
4382000 187769
4383000 187747
4384000 187725
4385000 187794
4386000 187771
4387000 187754
4388000 187734
4389000 187715
4390000 187791
4391000 187770
4392000 187742
4393000 187723
4394000 187699
4395000 187792
4396000 187771
4397000 187754
4398000 187731
4399000 187705
4400000 187792
4401000 187770
4402000 187751
4403000 187731
4404000 187711
4405000 187815
4406000 187795
4407000 187773
4408000 187757
4409000 187735
4410000 187815
4411000 187798
4412000 187778
4413000 187757
4414000 187740
4415000 187818
4416000 187796
4417000 187774
4418000 187758
4419000 187741
4420000 187820
4421000 187804
4422000 187783
4423000 187761
4424000 187739
4425000 187815
4426000 187803
4427000 187791
4428000 187769
4429000 187755
4430000 187812
4431000 187792
4432000 187773
4433000 187756
4434000 187734
4435000 187803
4436000 187788
4437000 187770
4438000 187744
4439000 187721
4440000 187793
4441000 187774
4442000 187748
4443000 187728
4444000 187703
4445000 187793
4446000 187770
4447000 187750
4448000 187726
4449000 187708
4450000 187784
4451000 187768
4452000 187754
4453000 187733
4454000 187711
4455000 187775
4456000 187758
4457000 187741
4458000 187723
4459000 187706
4460000 187795
4461000 187775
4462000 187749
4463000 187739
4464000 187718
4465000 187797
4466000 187779
4467000 187763
4468000 187742
4469000 187717
4470000 187801
4471000 187772
4472000 187754
4473000 187735
4474000 187711
4475000 187784
4476000 187765
4477000 187744
4478000 187731
4479000 187710
4480000 187792
4481000 187773
4482000 187748
4483000 187726
4484000 187719
4485000 187822
4486000 187801
4487000 187781
4488000 187753
4489000 187736
4490000 187819
4491000 187796
4492000 187782
4493000 187764
4494000 187740
4495000 187805
4496000 187784
4497000 187759
4498000 187738
4499000 187720
4500000 187798
4501000 187778
4502000 187758
4503000 187731
4504000 187710
4505000 187803
4506000 187788
4507000 187770
4508000 187756
4509000 187732
4510000 187811
4511000 187798
4512000 187772
4513000 187757
4514000 187734
4515000 187799
4516000 187773
4517000 187760
4518000 187740
4519000 187715
4520000 187810
4521000 187786
4522000 187767
4523000 187752
4524000 187729
4525000 187803
4526000 187784
4527000 187767
4528000 187750
4529000 187734
4530000 187829
4531000 187804
4532000 187793
4533000 187773
4534000 187755
4535000 187833
4536000 187807
4537000 187791
4538000 187765
4539000 187751
4540000 187847
4541000 187825
4542000 187810
4543000 187792
4544000 187775
4545000 187859
4546000 187830
4547000 187811
4548000 187788
4549000 187770
4550000 187850
4551000 187831
4552000 187806
4553000 187784
4554000 187763
4555000 187834
4556000 187817
4557000 187799
4558000 187778
4559000 187767
4560000 187838
4561000 187808
4562000 187783
4563000 187762
4564000 187747
4565000 187822
4566000 187796
4567000 187776
4568000 187762
4569000 187745
4570000 187829
4571000 187808
4572000 187784
4573000 187770
4574000 187754
4575000 187848
4576000 187828
4577000 187802
4578000 187776
4579000 187755
4580000 187844
4581000 187821
4582000 187805
4583000 187791
4584000 187764
4585000 187846
4586000 187822
4587000 187807
4588000 187788
4589000 187764
4590000 187859
4591000 187840
4592000 187822
4593000 187803
4594000 187784
4595000 187847
4596000 187829
4597000 187809
4598000 187790
4599000 187762
4600000 187854
4601000 187836
4602000 187814
4603000 187797
4604000 187775
4605000 187844
4606000 187830
4607000 187809
4608000 187783
4609000 187765
4610000 187849
4611000 187829
4612000 187812
4613000 187793
4614000 187773
4615000 187859
4616000 187841
4617000 187817
4618000 187796
4619000 187777
4620000 187856
4621000 187837
4622000 187815
4623000 187794
4624000 187778
4625000 187877
4626000 187853
4627000 187833
4628000 187820
4629000 187793
4630000 187875
4631000 187858
4632000 187840
4633000 187813
4634000 187798
4635000 187880
4636000 187860
4637000 187839
4638000 187811
4639000 187785
4640000 187875
4641000 187851
4642000 187832
4643000 187815
4644000 187791
4645000 187863
4646000 187854
4647000 187837
4648000 187820
4649000 187807
4650000 187901
4651000 187878
4652000 187862
4653000 187846
4654000 187818
4655000 187894
4656000 187880
4657000 187865
4658000 187843
4659000 187824
4660000 187880
4661000 187868
4662000 187850
4663000 187831
4664000 187806
4665000 187884
4666000 187863
4667000 187852
4668000 187833
4669000 187819
4670000 187900
4671000 187879
4672000 187858
4673000 187839
4674000 187814
4675000 187884
4676000 187864
4677000 187841
4678000 187824
4679000 187808
4680000 187894
4681000 187869
4682000 187842
4683000 187823
4684000 187806
4685000 187877
4686000 187862
4687000 187844
4688000 187824
4689000 187806
4690000 187885
4691000 187865
4692000 187839
4693000 187816
4694000 187794
4695000 187875
4696000 187858
4697000 187838
4698000 187813
4699000 187797
4700000 187899
4701000 187881
4702000 187860
4703000 187832
4704000 187811
4705000 187886
4706000 187865
4707000 187840
4708000 187816
4709000 187796
4710000 187890
4711000 187870
4712000 187839
4713000 187817
4714000 187802
4715000 187875
4716000 187855
4717000 187839
4718000 187826
4719000 187806
4720000 187870
4721000 187844
4722000 187830
4723000 187809
4724000 187796
4725000 187893
4726000 187873
4727000 187848
4728000 187831
4729000 187817
4730000 187886
4731000 187872
4732000 187857
4733000 187835
4734000 187818
4735000 187916
4736000 187891
4737000 187880
4738000 187852
4739000 187835
4740000 187901
4741000 187879
4742000 187853
4743000 187831
4744000 187808
4745000 187875
4746000 187851
4747000 187837
4748000 187814
4749000 187782
4750000 187856
4751000 187842
4752000 187832
4753000 187815
4754000 187800
4755000 187863
4756000 187849
4757000 187824
4758000 187800
4759000 187781
4760000 187873
4761000 187842
4762000 187820
4763000 187809
4764000 187791
4765000 187905
4766000 187898
4767000 187879
4768000 187850
4769000 187833
4770000 187909
4771000 187892
4772000 187878
4773000 187861
4774000 187842
4775000 187912
4776000 187896
4777000 187876
4778000 187861
4779000 187838
4780000 187919
4781000 187895
4782000 187874
4783000 187856
4784000 187836
4785000 187915
4786000 187899
4787000 187882
4788000 187864
4789000 187847
4790000 187916
4791000 187893
4792000 187878
4793000 187860
4794000 187837
4795000 187926
4796000 187908
4797000 187889
4798000 187871
4799000 187855
4800000 187927
4801000 187899
4802000 187883
4803000 187862
4804000 187838
4805000 187918
4806000 187885
4807000 187869
4808000 187851
4809000 187830
4810000 187911
4811000 187888
4812000 187861
4813000 187845
4814000 187826
4815000 187920
4816000 187897
4817000 187881
4818000 187860
4819000 187836
4820000 187910
4821000 187890
4822000 187873
4823000 187858
4824000 187837
4825000 187920
4826000 187906
4827000 187884
4828000 187870
4829000 187859
4830000 187933
4831000 187915
4832000 187897
4833000 187877
4834000 187859
4835000 187949
4836000 187928
4837000 187913
4838000 187888
4839000 187868
4840000 187947
4841000 187923
4842000 187899
4843000 187871
4844000 187859
4845000 187938
4846000 187916
4847000 187883
4848000 187854
4849000 187825
4850000 187917
4851000 187897
4852000 187883
4853000 187863
4854000 187840
4855000 187917
4856000 187905
4857000 187884
4858000 187861
4859000 187838
4860000 187921
4861000 187900
4862000 187883
4863000 187861
4864000 187840
4865000 187926
4866000 187911
4867000 187892
4868000 187878
4869000 187857
4870000 187949
4871000 187933
4872000 187921
4873000 187898
4874000 187880
4875000 187977
4876000 187964
4877000 187944
4878000 187919
4879000 187901
4880000 187986
4881000 187961
4882000 187941
4883000 187926
4884000 187900
4885000 187981
4886000 187960
4887000 187937
4888000 187920
4889000 187897
4890000 187980
4891000 187953
4892000 187924
4893000 187913
4894000 187898
4895000 187973
4896000 187955
4897000 187937
4898000 187918
4899000 187900
4900000 187973
4901000 187959
4902000 187943
4903000 187923
4904000 187902
4905000 187963
4906000 187941
4907000 187922
4908000 187904
4909000 187884
4910000 187975
4911000 187956
4912000 187940
4913000 187921
4914000 187907
4915000 188022
4916000 187997
4917000 187981
4918000 187969
4919000 187946
4920000 188029
4921000 188011
4922000 187995
4923000 187972
4924000 187951
4925000 188038
4926000 188018
4927000 188002
4928000 187993
4929000 187972
4930000 188056
4931000 188037
4932000 188013
4933000 187992
4934000 187968
4935000 188065
4936000 188041
4937000 188016
4938000 187998
4939000 187980
4940000 188065
4941000 188050
4942000 188029
4943000 188003
4944000 187987
4945000 188074
4946000 188053
4947000 188042
4948000 188017
4949000 187990
4950000 188081
4951000 188062
4952000 188040
4953000 188015
4954000 188000
4955000 188062
4956000 188043
4957000 188021
4958000 188006
4959000 187992
4960000 188084
4961000 188064
4962000 188037
4963000 188017
4964000 187993
4965000 188079
4966000 188061
4967000 188041
4968000 188021
4969000 188002
4970000 188093
4971000 188077
4972000 188060
4973000 188038
4974000 188021
4975000 188106
4976000 188089
4977000 188075
4978000 188057
4979000 188038
4980000 188121
4981000 188105
4982000 188091
4983000 188070
4984000 188047
4985000 188104
4986000 188080
4987000 188058
4988000 188050
4989000 188035
4990000 188103
4991000 188082
4992000 188063
4993000 188049
4994000 188035
4995000 188122
4996000 188094
4997000 188078
4998000 188059
4999000 188041
5000000 188132
5001000 188115
5002000 188091
5003000 188076
5004000 188049
5005000 188126
5006000 188103
5007000 188088
5008000 188069
5009000 188047
5010000 188128
5011000 188103
5012000 188082
5013000 188060
5014000 188038
5015000 188118
5016000 188104
5017000 188086
5018000 188073
5019000 188047
5020000 188125
5021000 188106
5022000 188087
5023000 188077
5024000 188054
5025000 188133
5026000 188108
5027000 188084
5028000 188069
5029000 188050
5030000 188138
5031000 188123
5032000 188099
5033000 188084
5034000 188069
5035000 188163
5036000 188149
5037000 188132
5038000 188105
5039000 188089
5040000 188172
5041000 188154
5042000 188137
5043000 188112
5044000 188082
5045000 188170
5046000 188154
5047000 188137
5048000 188109
5049000 188091
5050000 188162
5051000 188143
5052000 188126
5053000 188106
5054000 188083
5055000 188155
5056000 188134
5057000 188112
5058000 188094
5059000 188072
5060000 188171
5061000 188159
5062000 188138
5063000 188111
5064000 188088
5065000 188173
5066000 188156
5067000 188132
5068000 188108
5069000 188091
5070000 188167
5071000 188139
5072000 188127
5073000 188105
5074000 188080
5075000 188167
5076000 188148
5077000 188128
5078000 188113
5079000 188094
5080000 188172
5081000 188161
5082000 188145
5083000 188119
5084000 188105
5085000 188193
5086000 188165
5087000 188139
5088000 188121
5089000 188094
5090000 188190
5091000 188173
5092000 188154
5093000 188141
5094000 188122
5095000 188220
5096000 188203
5097000 188173
5098000 188154
5099000 188128
5100000 188216
5101000 188203
5102000 188184
5103000 188163
5104000 188148
5105000 188242
5106000 188220
5107000 188210
5108000 188190
5109000 188178
5110000 188282
5111000 188262
5112000 188234
5113000 188223
5114000 188199
5115000 188296
5116000 188271
5117000 188247
5118000 188226
5119000 188210
5120000 188286
5121000 188265
5122000 188251
5123000 188234
5124000 188219
5125000 188315
5126000 188297
5127000 188272
5128000 188251
5129000 188228
5130000 188295
5131000 188274
5132000 188248
5133000 188230
5134000 188204
5135000 188283
5136000 188271
5137000 188253
5138000 188239
5139000 188201
5140000 188303
5141000 188280
5142000 188266
5143000 188240
5144000 188223
5145000 188298
5146000 188278
5147000 188256
5148000 188238
5149000 188215
5150000 188328
5151000 188310
5152000 188288
5153000 188265
5154000 188251
5155000 188360
5156000 188340
5157000 188326
5158000 188306
5159000 188292
5160000 188371
5161000 188349
5162000 188333
5163000 188314
5164000 188297
5165000 188403
5166000 188383
5167000 188366
5168000 188346
5169000 188328
5170000 188432
5171000 188411
5172000 188394
5173000 188376
5174000 188360
5175000 188454
5176000 188441
5177000 188417
5178000 188399
5179000 188375
5180000 188447
5181000 188426
5182000 188409
5183000 188394
5184000 188373
5185000 188454
5186000 188429
5187000 188410
5188000 188394
5189000 188376
5190000 188470
5191000 188447
5192000 188418
5193000 188395
5194000 188373
5195000 188456
5196000 188442
5197000 188420
5198000 188394
5199000 188370
5200000 188472
5201000 188450
5202000 188428
5203000 188403
5204000 188380
5205000 188475
5206000 188459
5207000 188441
5208000 188413
5209000 188393
5210000 188482
5211000 188470
5212000 188446
5213000 188428
5214000 188413
5215000 188482
5216000 188461
5217000 188440
5218000 188418
5219000 188389
5220000 188462
5221000 188447
5222000 188427
5223000 188411
5224000 188390
5225000 188459
5226000 188437
5227000 188423
5228000 188402
5229000 188388
5230000 188501
5231000 188482
5232000 188459
5233000 188445
5234000 188429
5235000 188500
5236000 188483
5237000 188460
5238000 188441
5239000 188424
5240000 188520
5241000 188497
5242000 188480
5243000 188459
5244000 188439
5245000 188530
5246000 188510
5247000 188490
5248000 188470
5249000 188446
5250000 188522
5251000 188507
5252000 188491
5253000 188470
5254000 188456
5255000 188546
5256000 188529
5257000 188508
5258000 188486
5259000 188473
5260000 188570
5261000 188549
5262000 188533
5263000 188517
5264000 188497
5265000 188587
5266000 188565
5267000 188541
5268000 188524
5269000 188505
5270000 188574
5271000 188559
5272000 188542
5273000 188517
5274000 188499
5275000 188596
5276000 188571
5277000 188551
5278000 188532
5279000 188511
5280000 188612
5281000 188590
5282000 188575
5283000 188552
5284000 188527
5285000 188631
5286000 188615
5287000 188594
5288000 188577
5289000 188560
5290000 188636
5291000 188623
5292000 188604
5293000 188582
5294000 188558
5295000 188643
5296000 188619
5297000 188599
5298000 188581
5299000 188560
5300000 188650
5301000 188626
5302000 188613
5303000 188595
5304000 188583
5305000 188667
5306000 188644
5307000 188630
5308000 188611
5309000 188594
5310000 188669
5311000 188648
5312000 188631
5313000 188603
5314000 188589
5315000 188665
5316000 188647
5317000 188632
5318000 188611
5319000 188586
5320000 188681
5321000 188665
5322000 188646
5323000 188630
5324000 188611
5325000 188701
5326000 188685
5327000 188659
5328000 188646
5329000 188623
5330000 188694
5331000 188677
5332000 188651
5333000 188627
5334000 188614
5335000 188689
5336000 188669
5337000 188653
5338000 188633
5339000 188613
5340000 188702
5341000 188686
5342000 188666
5343000 188645
5344000 188631
5345000 188705
5346000 188686
5347000 188663
5348000 188640
5349000 188623
5350000 188688
5351000 188664
5352000 188648
5353000 188634
5354000 188614
5355000 188701
5356000 188673
5357000 188657
5358000 188636
5359000 188619
5360000 188695
5361000 188676
5362000 188657
5363000 188647
5364000 188622
5365000 188722
5366000 188706
5367000 188686
5368000 188669
5369000 188651
5370000 188732
5371000 188712
5372000 188696
5373000 188684
5374000 188671
5375000 188771
5376000 188753
5377000 188738
5378000 188719
5379000 188704
5380000 188776
5381000 188753
5382000 188732
5383000 188714
5384000 188698
5385000 188798
5386000 188775
5387000 188754
5388000 188737
5389000 188710
5390000 188800
5391000 188775
5392000 188755
5393000 188736
5394000 188716
5395000 188807
5396000 188786
5397000 188765
5398000 188736
5399000 188717
5400000 188792
5401000 188771
5402000 188748
5403000 188731
5404000 188711
5405000 188775
5406000 188753
5407000 188740
5408000 188726
5409000 188716
5410000 188815
5411000 188791
5412000 188771
5413000 188760
5414000 188745
5415000 188840
5416000 188814
5417000 188791
5418000 188777
5419000 188758
5420000 188854
5421000 188831
5422000 188814
5423000 188793
5424000 188766
5425000 188844
5426000 188829
5427000 188809
5428000 188796
5429000 188765
5430000 188862
5431000 188843
5432000 188818
5433000 188798
5434000 188779
5435000 188856
5436000 188840
5437000 188811
5438000 188792
5439000 188774
5440000 188849
5441000 188835
5442000 188808
5443000 188793
5444000 188778
5445000 188868
5446000 188845
5447000 188824
5448000 188795
5449000 188782
5450000 188881
5451000 188864
5452000 188846
5453000 188833
5454000 188818
5455000 188914
5456000 188902
5457000 188876
5458000 188859
5459000 188845
5460000 188953
5461000 188931
5462000 188911
5463000 188890
5464000 188869
5465000 188971
5466000 188948
5467000 188929
5468000 188909
5469000 188896
5470000 188980
5471000 188962
5472000 188945
5473000 188922
5474000 188899
5475000 188998
5476000 188973
5477000 188952
5478000 188929
5479000 188912
5480000 188998
5481000 188986
5482000 188962
5483000 188937
5484000 188916
5485000 189012
5486000 188986
5487000 188963
5488000 188939
5489000 188928
5490000 189000
5491000 188982
5492000 188968
5493000 188948
5494000 188931
5495000 189028
5496000 189017
5497000 189002
5498000 188985
5499000 188965
5500000 189050
5501000 189025
5502000 189003
5503000 188980
5504000 188966
5505000 189064
5506000 189048
5507000 189023
5508000 189001
5509000 188977
5510000 189072
5511000 189052
5512000 189030
5513000 189008
5514000 188986
5515000 189065
5516000 189041
5517000 189029
5518000 189010
5519000 188989
5520000 189088
5521000 189067
5522000 189049
5523000 189027
5524000 189005
5525000 189109
5526000 189097
5527000 189075
5528000 189050
5529000 189036
5530000 189121
5531000 189106
5532000 189078
5533000 189061
5534000 189046
5535000 189122
5536000 189103
5537000 189085
5538000 189062
5539000 189046
5540000 189126
5541000 189108
5542000 189090
5543000 189066
5544000 189045
5545000 189125
5546000 189105
5547000 189093
5548000 189071
5549000 189051
5550000 189146
5551000 189126
5552000 189107
5553000 189086
5554000 189066
5555000 189170
5556000 189146
5557000 189131
5558000 189117
5559000 189093
5560000 189176
5561000 189156
5562000 189139
5563000 189124
5564000 189102
5565000 189209
5566000 189185
5567000 189165
5568000 189148
5569000 189131
5570000 189241
5571000 189221
5572000 189206
5573000 189187
5574000 189161
5575000 189243
5576000 189223
5577000 189202
5578000 189181
5579000 189156
5580000 189239
5581000 189220
5582000 189192
5583000 189175
5584000 189160
5585000 189234
5586000 189212
5587000 189189
5588000 189174
5589000 189155
5590000 189236
5591000 189216
5592000 189203
5593000 189181
5594000 189162
5595000 189247
5596000 189221
5597000 189205
5598000 189179
5599000 189158
5600000 189254
5601000 189239
5602000 189219
5603000 189200
5604000 189177
5605000 189264
5606000 189248
5607000 189228
5608000 189214
5609000 189196
5610000 189302
5611000 189290
5612000 189275
5613000 189258
5614000 189238
5615000 189307
5616000 189286
5617000 189261
5618000 189240
5619000 189218
5620000 189331
5621000 189309
5622000 189282
5623000 189263
5624000 189253
5625000 189333
5626000 189317
5627000 189294
5628000 189269
5629000 189250
5630000 189339
5631000 189313
5632000 189297
5633000 189284
5634000 189270
5635000 189340
5636000 189317
5637000 189300
5638000 189277
5639000 189252
5640000 189347
5641000 189329
5642000 189315
5643000 189290
5644000 189275
5645000 189348
5646000 189326
5647000 189309
5648000 189290
5649000 189264
5650000 189358
5651000 189337
5652000 189317
5653000 189298
5654000 189279
5655000 189374
5656000 189359
5657000 189338
5658000 189315
5659000 189296
5660000 189400
5661000 189376
5662000 189359
5663000 189341
5664000 189330
5665000 189427
5666000 189406
5667000 189382
5668000 189354
5669000 189332
5670000 189420
5671000 189397
5672000 189379
5673000 189369
5674000 189348
5675000 189449
5676000 189432
5677000 189418
5678000 189397
5679000 189369
5680000 189446
5681000 189432
5682000 189408
5683000 189393
5684000 189373
5685000 189465
5686000 189444
5687000 189427
5688000 189404
5689000 189385
5690000 189499
5691000 189481
5692000 189459
5693000 189444
5694000 189426
5695000 189513
5696000 189496
5697000 189471
5698000 189445
5699000 189428
5700000 189530
5701000 189514
5702000 189497
5703000 189481
5704000 189455
5705000 189520
5706000 189500
5707000 189483
5708000 189461
5709000 189439
5710000 189515
5711000 189496
5712000 189477
5713000 189455
5714000 189436
5715000 189537
5716000 189524
5717000 189500
5718000 189480
5719000 189467
5720000 189578
5721000 189553
5722000 189533
5723000 189506
5724000 189486
5725000 189600
5726000 189587
5727000 189566
5728000 189551
5729000 189526
5730000 189621
5731000 189601
5732000 189583
5733000 189558
5734000 189542
5735000 189637
5736000 189612
5737000 189593
5738000 189573
5739000 189552
5740000 189652
5741000 189626
5742000 189606
5743000 189576
5744000 189560
5745000 189658
5746000 189640
5747000 189624
5748000 189604
5749000 189583
5750000 189669
5751000 189655
5752000 189631
5753000 189613
5754000 189590
5755000 189681
5756000 189661
5757000 189648
5758000 189629
5759000 189617
5760000 189709
5761000 189690
5762000 189677
5763000 189660
5764000 189644
5765000 189729
5766000 189711
5767000 189693
5768000 189665
5769000 189646
5770000 189749
5771000 189731
5772000 189707
5773000 189691
5774000 189667
5775000 189747
5776000 189731
5777000 189708
5778000 189681
5779000 189660
5780000 189747
5781000 189727
5782000 189708
5783000 189681
5784000 189660
5785000 189756
5786000 189736
5787000 189712
5788000 189691
5789000 189675
5790000 189783
5791000 189757
5792000 189734
5793000 189721
5794000 189694
5795000 189795
5796000 189773
5797000 189755
5798000 189732
5799000 189714
5800000 189804
5801000 189783
5802000 189768
5803000 189752
5804000 189731
5805000 189838
5806000 189820
5807000 189799
5808000 189780
5809000 189767
5810000 189861
5811000 189839
5812000 189819
5813000 189804
5814000 189787
5815000 189876
5816000 189861
5817000 189848
5818000 189826
5819000 189809
5820000 189918
5821000 189898
5822000 189877
5823000 189863
5824000 189843
5825000 189940
5826000 189914
5827000 189896
5828000 189884
5829000 189860
5830000 189952
5831000 189932
5832000 189906
5833000 189885
5834000 189857
5835000 189964
5836000 189946
5837000 189925
5838000 189908
5839000 189891
5840000 189968
5841000 189948
5842000 189934
5843000 189923
5844000 189905
5845000 190001
5846000 189981
5847000 189966
5848000 189944
5849000 189924
5850000 189995
5851000 189974
5852000 189956
5853000 189945
5854000 189927
5855000 190025
5856000 190004
5857000 189978
5858000 189961
5859000 189941
5860000 190035
5861000 190016
5862000 189994
5863000 189980
5864000 189961
5865000 190039
5866000 190024
5867000 190007
5868000 189996
5869000 189969
5870000 190059
5871000 190038
5872000 190022
5873000 190006
5874000 189990
5875000 190080
5876000 190060
5877000 190030
5878000 190007
5879000 189984
5880000 190055
5881000 190033
5882000 190010
5883000 189992
5884000 189969
5885000 190070
5886000 190052
5887000 190033
5888000 190009
5889000 189992
5890000 190087
5891000 190068
5892000 190039
5893000 190006
5894000 189986
5895000 190088
5896000 190067
5897000 190048
5898000 190028
5899000 190009
5900000 190101
5901000 190080
5902000 190071
5903000 190052
5904000 190033
5905000 190118
5906000 190101
5907000 190078
5908000 190060
5909000 190043
5910000 190133
5911000 190116
5912000 190096
5913000 190077
5914000 190062
5915000 190152
5916000 190136
5917000 190115
5918000 190097
5919000 190087
5920000 190196
5921000 190179
5922000 190164
5923000 190146
5924000 190131
5925000 190215
5926000 190197
5927000 190182
5928000 190162
5929000 190134
5930000 190241
5931000 190218
5932000 190197
5933000 190176
5934000 190158
5935000 190245
5936000 190223
5937000 190201
5938000 190175
5939000 190159
5940000 190256
5941000 190237
5942000 190216
5943000 190186
5944000 190161
5945000 190258
5946000 190238
5947000 190210
5948000 190192
5949000 190170
5950000 190260
5951000 190244
5952000 190224
5953000 190206
5954000 190193
5955000 190292
5956000 190271
5957000 190258
5958000 190237
5959000 190223
5960000 190323
5961000 190304
5962000 190281
5963000 190265
5964000 190247
5965000 190347
5966000 190327
5967000 190314
5968000 190299
5969000 190282
5970000 190373
5971000 190358
5972000 190339
5973000 190316
5974000 190292
5975000 190397
5976000 190375
5977000 190352
5978000 190333
5979000 190307
5980000 190402
5981000 190382
5982000 190361
5983000 190341
5984000 190319
5985000 190408
5986000 190388
5987000 190365
5988000 190348
5989000 190326
5990000 190429
5991000 190406
5992000 190387
5993000 190368
5994000 190348
5995000 190428
5996000 190403
5997000 190386
5998000 190349
5999000 190328
6000000 190425
6001000 190408
6002000 190398
6003000 190384
6004000 190371
6005000 190469
6006000 190448
6007000 190432
6008000 190405
6009000 190385
6010000 190491
6011000 190469
6012000 190453
6013000 190436
6014000 190423
6015000 190501
6016000 190485
6017000 190469
6018000 190450
6019000 190433
6020000 190524
6021000 190504
6022000 190492
6023000 190473
6024000 190456
6025000 190546
6026000 190529
6027000 190507
6028000 190494
6029000 190468
6030000 190561
6031000 190539
6032000 190515
6033000 190500
6034000 190486
6035000 190582
6036000 190556
6037000 190537
6038000 190511
6039000 190492
6040000 190597
6041000 190577
6042000 190554
6043000 190538
6044000 190515
6045000 190608
6046000 190592
6047000 190572
6048000 190545
6049000 190518
6050000 190606
6051000 190581
6052000 190569
6053000 190546
6054000 190523
6055000 190617
6056000 190600
6057000 190585
6058000 190562
6059000 190550
6060000 190644
6061000 190631
6062000 190620
6063000 190596
6064000 190577
6065000 190651
6066000 190633
6067000 190618
6068000 190595
6069000 190582
6070000 190670
6071000 190649
6072000 190634
6073000 190607
6074000 190587
6075000 190693
6076000 190669
6077000 190642
6078000 190623
6079000 190608
6080000 190688
6081000 190670
6082000 190647
6083000 190628
6084000 190605
6085000 190690
6086000 190677
6087000 190659
6088000 190640
6089000 190624
6090000 190731
6091000 190707
6092000 190696
6093000 190675
6094000 190656
6095000 190770
6096000 190752
6097000 190731
6098000 190712
6099000 190694
6100000 190785
6101000 190764
6102000 190745
6103000 190725
6104000 190708
6105000 190780
6106000 190763
6107000 190749
6108000 190729
6109000 190707
6110000 190785
6111000 190775
6112000 190752
6113000 190736
6114000 190708
6115000 190777
6116000 190761
6117000 190748
6118000 190730
6119000 190711
6120000 190807
6121000 190787
6122000 190760
6123000 190745
6124000 190727
6125000 190794
6126000 190780
6127000 190765
6128000 190740
6129000 190720
6130000 190823
6131000 190800
6132000 190774
6133000 190760
6134000 190740
6135000 190835
6136000 190819
6137000 190801
6138000 190778
6139000 190754
6140000 190853
6141000 190833
6142000 190810
6143000 190789
6144000 190768
6145000 190864
6146000 190851
6147000 190830
6148000 190811
6149000 190785
6150000 190870
6151000 190851
6152000 190829
6153000 190812
6154000 190794
6155000 190886
6156000 190870
6157000 190850
6158000 190829
6159000 190815
6160000 190915
6161000 190895
6162000 190875
6163000 190850
6164000 190830
6165000 190929
6166000 190917
6167000 190904
6168000 190883
6169000 190862
6170000 190945
6171000 190928
6172000 190909
6173000 190882
6174000 190860
6175000 190962
6176000 190941
6177000 190917
6178000 190884
6179000 190866
6180000 190964
6181000 190943
6182000 190921
6183000 190899
6184000 190879
6185000 190965
6186000 190952
6187000 190939
6188000 190921
6189000 190901
6190000 190986
6191000 190966
6192000 190948
6193000 190930
6194000 190907
6195000 190995
6196000 190978
6197000 190955
6198000 190939
6199000 190915
6200000 191021
6201000 191007
6202000 190990
6203000 190965
6204000 190947
6205000 191022
6206000 191003
6207000 190987
6208000 190968
6209000 190960
6210000 191053
6211000 191031
6212000 191007
6213000 190985
6214000 190964
6215000 191058
6216000 191034
6217000 191009
6218000 190999
6219000 190976
6220000 191063
6221000 191046
6222000 191027
6223000 191009
6224000 190991
6225000 191093
6226000 191066
6227000 191049
6228000 191023
6229000 191003
6230000 191106
6231000 191081
6232000 191054
6233000 191041
6234000 191020
6235000 191114
6236000 191098
6237000 191084
6238000 191063
6239000 191037
6240000 191145
6241000 191122
6242000 191101
6243000 191086
6244000 191067
6245000 191152
6246000 191134
6247000 191115
6248000 191098
6249000 191069
6250000 191159
6251000 191147
6252000 191128
6253000 191107
6254000 191090
6255000 191177
6256000 191157
6257000 191141
6258000 191123
6259000 191111
6260000 191224
6261000 191202
6262000 191183
6263000 191165
6264000 191149
6265000 191235
6266000 191214
6267000 191194
6268000 191174
6269000 191149
6270000 191247
6271000 191224
6272000 191202
6273000 191186
6274000 191159
6275000 191243
6276000 191224
6277000 191202
6278000 191186
6279000 191168
6280000 191261
6281000 191240
6282000 191225
6283000 191211
6284000 191202
6285000 191290
6286000 191271
6287000 191250
6288000 191229
6289000 191210
6290000 191312
6291000 191291
6292000 191268
6293000 191250
6294000 191231
6295000 191324
6296000 191306
6297000 191283
6298000 191259
6299000 191237
6300000 191328
6301000 191306
6302000 191295
6303000 191283
6304000 191257
6305000 191345
6306000 191326
6307000 191304
6308000 191290
6309000 191271
6310000 191365
6311000 191339
6312000 191312
6313000 191296
6314000 191282
6315000 191374
6316000 191352
6317000 191333
6318000 191310
6319000 191290
6320000 191393
6321000 191374
6322000 191355
6323000 191334
6324000 191314
6325000 191398
6326000 191379
6327000 191363
6328000 191346
6329000 191329
6330000 191422
6331000 191402
6332000 191388
6333000 191371
6334000 191348
6335000 191438
6336000 191417
6337000 191399
6338000 191377
6339000 191354
6340000 191441
6341000 191425
6342000 191407
6343000 191389
6344000 191375
6345000 191457
