1000   13
2000   7
3000   14
4000   12
5000   14
6000   11
7000   14
8000   15
9000   8
10000   14
11000   11
12000   7
13000   8
14000   12
15000   13
16000   12
17000   9
18000   9
19000   11
20000   16
21000   16
22000   14
23000   14
24000   17
25000   11
26000   7
27000   16
28000   12
29000   19
30000   13
31000   16
32000   13
33000   17
34000   15
35000   12
36000   9
37000   19
38000   23
39000   11
40000   19
41000   16
42000   22
43000   8
44000   12
45000   24
46000   19
47000   14
48000   16
49000   23
50000   8
51000   13
52000   13
53000   8
54000   14
55000   17
56000   11
57000   7
58000   15
59000   18
60000   12
61000   20
62000   17
63000   13
64000   12
65000   17
66000   18
67000   18
68000   14
69000   19
70000   15
71000   20
72000   12
73000   16
74000   16
75000   14
76000   26
77000   22
78000   22
79000   17
80000   12
81000   27
82000   19
83000   8
84000   9
85000   18
86000   12
87000   14
88000   5
89000   11
90000   7
91000   14
92000   7
93000   12
94000   15
95000   11
96000   13
97000   11
98000   17
99000   15
100000   7
101000   8
102000   16
103000   12
104000   13
105000   15
106000   17
107000   11
108000   16
109000   7
110000   6
111000   8
112000   15
113000   17
114000   19
115000   12
116000   13
117000   11
118000   12
119000   4
120000   22
121000   20
122000   17
123000   15
124000   5
125000   17
126000   6
127000   12
128000   8
129000   11
130000   12
131000   12
132000   12
133000   19
134000   18
135000   17
136000   15
137000   9
138000   12
139000   9
140000   11
141000   9
142000   11
143000   15
144000   12
145000   12
146000   8
147000   13
148000   6
149000   13
150000   8
151000   11
152000   19
153000   11
154000   23
155000   12
156000   14
157000   14
158000   13
159000   17
160000   13
161000   17
162000   14
163000   19
164000   12
165000   9
166000   11
167000   12
168000   8
169000   16
170000   15
171000   11
172000   8
173000   12
174000   15
175000   12
176000   8
177000   14
178000   15
179000   12
180000   17
181000   12
182000   13
183000   9
184000   6
185000   16
186000   26
187000   11
188000   8
189000   11
190000   7
191000   19
192000   19
193000   11
194000   12
195000   11
196000   14
197000   16
198000   14
199000   6
200000   9
201000   13
202000   12
203000   12
204000   11
205000   13
206000   16
207000   14
208000   18
209000   11
210000   12
211000   9
212000   12
213000   13
214000   6
215000   11
216000   12
217000   11
218000   7
219000   15
220000   4
221000   13
222000   9
223000   15
224000   12
225000   18
226000   11
227000   20
228000   11
229000   14
230000   14
231000   8
232000   11
233000   15
234000   11
235000   17
236000   8
237000   13
238000   6
239000   13
240000   11
241000   12
242000   6
243000   15
244000   7
245000   13
246000   13
247000   7
248000   16
249000   7
250000   14
251000   6
252000   8
253000   12
254000   16
255000   12
256000   9
257000   11
258000   16
259000   14
260000   16
261000   17
262000   8
263000   6
264000   12
265000   11
266000   9
267000   13
268000   13
269000   13
270000   12
271000   4
272000   6
273000   11
274000   14
275000   6
276000   7
277000   14
278000   13
279000   20
280000   9
281000   7
282000   3
283000   13
284000   9
285000   8
286000   9
287000   19
288000   15
289000   7
290000   12
291000   16
292000   13
293000   7
294000   8
295000   13
296000   9
297000   11
298000   15
299000   13
300000   14
301000   8
302000   17
303000   14
304000   9
305000   11
306000   6
307000   7
308000   13
309000   15
310000   15
311000   14
312000   9
313000   15
314000   7
315000   12
316000   12
317000   14
318000   13
319000   8
320000   7
321000   14
322000   9
323000   17
324000   12
325000   6
326000   7
327000   9
328000   5
329000   7
330000   14
331000   11
332000   11
333000   15
334000   9
335000   11
336000   8
337000   9
338000   18
339000   6
340000   9
341000   9
342000   7
343000   9
344000   8
345000   9
346000   13
347000   13
348000   15
349000   12
350000   8
351000   9
352000   8
353000   14
354000   11
355000   8
356000   7
357000   15
358000   17
359000   16
360000   9
361000   9
362000   12
363000   13
364000   13
365000   13
366000   8
367000   7
368000   6
369000   12
370000   8
371000   12
372000   13
373000   12
374000   15
375000   17
376000   7
377000   9
378000   12
379000   11
380000   5
381000   11
382000   14
383000   8
384000   13
385000   9
386000   17
387000   16
388000   9
389000   12
390000   13
391000   7
392000   6
393000   8
394000   17
395000   9
396000   7
397000   12
398000   12
399000   9
400000   9
401000   7
402000   12
403000   12
404000   11
405000   8
406000   6
407000   9
408000   12
409000   18
410000   9
411000   14
412000   4
413000   9
414000   15
415000   15
416000   9
417000   8
418000   9
419000   6
420000   9
421000   7
422000   14
423000   9
424000   8
425000   11
426000   11
427000   15
428000   18
429000   7
430000   5
431000   8
432000   8
433000   9
434000   9
435000   8
436000   12
437000   8
438000   7
439000   13
440000   18
441000   12
442000   5
443000   11
444000   8
445000   15
446000   16
447000   15
448000   13
449000   11
450000   8
451000   8
452000   11
453000   9
454000   9
455000   13
456000   15
457000   9
458000   11
459000   6
460000   8
461000   12
462000   14
463000   12
464000   12
465000   12
466000   13
467000   8
468000   7
469000   6
470000   9
471000   17
472000   12
473000   9
474000   6
475000   13
476000   15
477000   9
478000   7
479000   14
480000   14
481000   11
482000   12
483000   16
484000   9
485000   5
486000   8
487000   6
488000   5
489000   16
490000   9
491000   11
492000   6
493000   13
494000   6
495000   12
496000   13
497000   16
498000   15
499000   9
500000   8
501000   11
502000   5
503000   8
504000   12
505000   14
506000   13
507000   12
508000   6
509000   17
510000   11
511000   12
512000   14
513000   12
514000   6
515000   6
516000   7
517000   14
518000   6
519000   16
520000   5
521000   11
522000   11
523000   13
524000   7
525000   9
526000   12
527000   5
528000   11
529000   12
530000   7
531000   14
532000   7
533000   7
534000   9
535000   11
536000   7
537000   15
538000   14
539000   17
540000   6
541000   14
542000   13
543000   11
544000   13
545000   8
546000   8
547000   12
548000   15
549000   8
550000   12
551000   8
552000   12
553000   6
554000   7
555000   7
556000   7
557000   6
558000   16
559000   9
560000   16
561000   9
562000   9
563000   9
564000   12
565000   9
566000   9
567000   8
568000   12
569000   7
570000   9
571000   9
572000   8
573000   15
574000   12
575000   9
576000   11
577000   8
578000   9
579000   6
580000   17
581000   15
582000   9
583000   13
584000   9
585000   14
586000   8
587000   8
588000   7
589000   14
590000   18
591000   13
592000   13
593000   11
594000   11
595000   15
596000   9
597000   6
598000   11
599000   14
600000   6
601000   7
602000   15
603000   7
604000   18
605000   8
606000   11
607000   19
608000   6
609000   13
610000   13
611000   6
612000   14
613000   9
614000   17
615000   12
616000   13
617000   9
618000   9
619000   5
620000   6
621000   5
622000   7
623000   12
624000   14
625000   6
626000   13
627000   14
628000   15
629000   11
630000   12
631000   11
632000   18
633000   5
634000   12
635000   12
636000   7
637000   8
638000   7
639000   8
640000   14
641000   15
642000   16
643000   11
644000   12
645000   9
646000   8
647000   8
648000   16
649000   6
650000   9
651000   8
652000   7
653000   15
654000   6
655000   6
656000   14
657000   15
658000   5
659000   7
660000   13
661000   9
662000   6
663000   13
664000   15
665000   14
666000   5
667000   3
668000   14
669000   9
670000   9
671000   11
672000   13
673000   17
674000   11
675000   8
676000   12
677000   8
678000   7
679000   9
680000   8
681000   4
682000   13
683000   8
684000   6
685000   16
686000   8
687000   13
688000   14
689000   4
690000   17
691000   12
692000   24
693000   11
694000   15
695000   13
696000   6
697000   16
698000   4
699000   7
700000   7
701000   7
702000   9
703000   11
704000   8
705000   6
706000   19
707000   13
708000   4
709000   6
710000   13
711000   13
712000   8
713000   16
714000   12
715000   12
716000   12
717000   9
718000   5
719000   11
720000   14
721000   13
722000   11
723000   7
724000   11
725000   11
726000   12
727000   7
728000   9
729000   14
730000   9
731000   18
732000   8
733000   12
734000   12
735000   11
736000   11
737000   4
738000   15
739000   11
740000   13
741000   4
742000   5
743000   12
744000   9
745000   8
746000   11
747000   9
748000   12
749000   11
750000   6
751000   8
752000   14
753000   9
754000   11
755000   13
756000   11
757000   6
758000   11
759000   15
760000   14
761000   9
762000   5
763000   4
764000   8
765000   9
766000   11
767000   6
768000   13
769000   12
770000   8
771000   9
772000   9
773000   9
774000   7
775000   15
776000   11
777000   9
778000   14
779000   15
780000   23
781000   4
782000   9
783000   14
784000   11
785000   8
786000   5
787000   15
788000   8
789000   7
790000   13
791000   19
792000   13
793000   9
794000   16
795000   7
796000   16
797000   12
798000   11
799000   5
800000   7
801000   9
802000   12
803000   18
804000   12
805000   15
806000   7
807000   8
808000   12
809000   12
810000   12
811000   15
812000   7
813000   11
814000   14
815000   12
816000   11
817000   9
818000   9
819000   13
820000   13
821000   11
822000   15
823000   9
824000   13
825000   8
826000   15
827000   6
828000   16
829000   13
830000   8
831000   6
832000   7
833000   6
834000   11
835000   14
836000   9
837000   15
838000   11
839000   12
840000   14
841000   9
842000   7
843000   7
844000   12
845000   13
846000   9
847000   17
848000   5
849000   14
850000   11
851000   15
852000   12
853000   13
854000   6
855000   6
856000   7
857000   14
858000   8
859000   14
860000   9
861000   14
862000   6
863000   8
864000   8
865000   9
866000   12
867000   16
868000   9
869000   11
870000   17
871000   13
872000   9
873000   17
874000   5
875000   9
876000   4
877000   11
878000   11
879000   9
880000   13
881000   19
882000   9
883000   12
884000   8
885000   16
886000   9
887000   13
888000   6
889000   7
890000   7
891000   9
892000   12
893000   13
894000   13
895000   15
896000   15
897000   8
898000   12
899000   19
900000   25
901000   9
902000   7
903000   9
904000   7
905000   9
906000   13
907000   12
908000   16
909000   13
910000   6
911000   12
912000   6
913000   12
914000   11
915000   6
916000   5
917000   11
918000   13
919000   9
920000   4
921000   7
922000   11
923000   18
924000   11
925000   6
926000   4
927000   6
928000   13
929000   9
930000   13
931000   15
932000   13
933000   4
934000   12
935000   9
936000   17
937000   13
938000   14
939000   16
940000   14
941000   9
942000   7
943000   9
944000   4
945000   13
946000   7
947000   13
948000   13
949000   11
950000   8
951000   11
952000   9
953000   8
954000   7
955000   8
956000   8
957000   17
958000   16
959000   5
960000   11
961000   13
962000   16
963000   12
964000   7
965000   16
966000   19
967000   12
968000   8
969000   12
970000   12
971000   9
972000   11
973000   12
974000   15
975000   12
976000   13
977000   12
978000   15
979000   6
980000   7
981000   9
982000   13
983000   23
984000   9
985000   11
986000   11
987000   7
988000   9
989000   14
990000   8
991000   13
992000   8
993000   8
994000   7
995000   13
996000   18
997000   9
998000   9
999000   5
1000000   13
1001000   12
1002000   9
1003000   14
1004000   12
1005000   11
1006000   7
1007000   12
1008000   14
1009000   7
1010000   15
1011000   9
1012000   8
1013000   8
1014000   12
1015000   13
1016000   15
1017000   11
1018000   4
1019000   8
1020000   7
1021000   11
1022000   3
1023000   13
1024000   12
1025000   9
1026000   19
1027000   7
1028000   14
1029000   13
1030000   8
1031000   11
1032000   11
1033000   9
1034000   12
1035000   20
1036000   13
1037000   4
1038000   8
1039000   7
1040000   19
1041000   15
1042000   15
1043000   9
1044000   8
1045000   7
1046000   13
1047000   7
1048000   17
1049000   11
1050000   8
1051000   11
1052000   14
1053000   14
1054000   18
1055000   12
1056000   23
1057000   7
1058000   9
1059000   12
1060000   11
1061000   8
1062000   4
1063000   6
1064000   18
1065000   11
1066000   19
1067000   8
1068000   14
1069000   8
1070000   17
1071000   12
1072000   13
1073000   5
1074000   11
1075000   7
1076000   8
1077000   6
1078000   5
1079000   4
1080000   13
1081000   9
1082000   11
1083000   13
1084000   15
1085000   5
1086000   9
1087000   8
1088000   9
1089000   15
1090000   19
1091000   11
1092000   5
1093000   13
1094000   8
1095000   13
1096000   17
1097000   13
1098000   16
1099000   14
1100000   8
1101000   7
1102000   12
1103000   12
1104000   6
1105000   11
1106000   9
1107000   8
1108000   11
1109000   13
1110000   14
1111000   5
1112000   11
1113000   8
1114000   1
1115000   8
1116000   12
1117000   8
1118000   9
1119000   9
1120000   7
1121000   11
1122000   14
1123000   9
1124000   14
1125000   8
1126000   16
1127000   13
1128000   8
1129000   11
1130000   11
1131000   8
1132000   15
1133000   7
1134000   12
1135000   13
1136000   13
1137000   17
1138000   9
1139000   6
1140000   7
1141000   18
1142000   14
1143000   12
1144000   8
1145000   17
1146000   14
1147000   11
1148000   6
1149000   12
1150000   15
1151000   15
1152000   6
1153000   12
1154000   13
1155000   15
1156000   19
1157000   15
1158000   6
1159000   6
1160000   15
1161000   6
1162000   7
1163000   9
1164000   13
1165000   13
1166000   11
1167000   5
1168000   11
1169000   8
1170000   7
1171000   19
1172000   4
1173000   12
1174000   12
1175000   13
1176000   11
1177000   11
1178000   12
1179000   12
1180000   4
1181000   11
1182000   16
1183000   12
1184000   16
1185000   9
1186000   11
1187000   9
1188000   8
1189000   14
1190000   8
1191000   8
1192000   9
1193000   7
1194000   8
1195000   8
1196000   12
1197000   15
1198000   13
1199000   9
1200000   17
1201000   11
1202000   16
1203000   12
1204000   13
1205000   8
1206000   14
1207000   3
1208000   11
1209000   15
1210000   6
1211000   8
1212000   11
1213000   11
1214000   8
1215000   6
1216000   15
1217000   11
1218000   7
1219000   12
1220000   12
1221000   9
1222000   9
1223000   11
1224000   7
1225000   8
1226000   13
1227000   6
1228000   5
1229000   11
1230000   4
1231000   15
1232000   14
1233000   14
1234000   12
1235000   14
1236000   12
1237000   11
1238000   11
1239000   13
1240000   18
1241000   13
1242000   5
1243000   12
1244000   16
1245000   13
1246000   16
1247000   7
1248000   16
1249000   11
1250000   17
1251000   12
1252000   8
1253000   6
1254000   11
1255000   9
1256000   17
1257000   7
1258000   12
1259000   11
1260000   14
1261000   8
1262000   9
1263000   7
1264000   5
1265000   16
1266000   9
1267000   5
1268000   9
1269000   12
1270000   11
1271000   4
1272000   7
1273000   11
1274000   13
1275000   8
1276000   12
1277000   17
1278000   8
1279000   14
1280000   18
1281000   8
1282000   13
1283000   16
1284000   16
1285000   7
1286000   19
1287000   8
1288000   13
1289000   7
1290000   14
1291000   9
1292000   16
1293000   15
1294000   16
1295000   14
1296000   11
1297000   8
1298000   8
1299000   7
1300000   11
1301000   6
1302000   13
1303000   12
1304000   7
1305000   14
1306000   12
1307000   6
1308000   16
1309000   6
1310000   12
1311000   12
1312000   9
1313000   20
1314000   8
1315000   13
1316000   8
1317000   8
1318000   7
1319000   11
1320000   9
1321000   13
1322000   11
1323000   8
1324000   9
1325000   11
1326000   15
1327000   5
1328000   12
1329000   15
1330000   13
1331000   6
1332000   11
1333000   9
1334000   12
1335000   9
1336000   9
1337000   11
1338000   8
1339000   5
1340000   12
1341000   17
1342000   14
1343000   11
1344000   9
1345000   8
1346000   9
1347000   8
1348000   14
1349000   12
1350000   6
1351000   15
1352000   8
1353000   12
1354000   11
1355000   13
1356000   13
1357000   11
1358000   14
1359000   13
1360000   7
1361000   7
1362000   13
1363000   9
1364000   12
1365000   16
1366000   8
1367000   12
1368000   15
1369000   9
1370000   8
1371000   7
1372000   7
1373000   13
1374000   17
1375000   11
1376000   13
1377000   16
1378000   11
1379000   8
1380000   12
1381000   6
1382000   9
1383000   9
1384000   11
1385000   13
1386000   11
1387000   8
1388000   8
1389000   14
1390000   15
1391000   13
1392000   17
1393000   16
1394000   16
1395000   12
1396000   12
1397000   11
1398000   6
1399000   11
1400000   9
1401000   7
1402000   14
1403000   9
1404000   13
1405000   16
1406000   7
1407000   7
1408000   13
1409000   13
1410000   12
1411000   8
1412000   12
1413000   8
1414000   14
1415000   13
1416000   8
1417000   9
1418000   15
1419000   14
1420000   12
1421000   11
1422000   5
1423000   9
1424000   11
1425000   18
1426000   7
1427000   7
1428000   7
1429000   13
1430000   15
1431000   9
1432000   14
1433000   8
1434000   11
1435000   8
1436000   15
1437000   9
1438000   9
1439000   12
1440000   6
1441000   9
1442000   12
1443000   9
1444000   11
1445000   16
1446000   12
1447000   13
1448000   9
1449000   13
1450000   9
1451000   13
1452000   9
1453000   8
1454000   11
1455000   7
1456000   12
1457000   7
1458000   12
1459000   4
1460000   18
1461000   15
1462000   9
1463000   16
1464000   20
1465000   15
1466000   6
1467000   13
1468000   15
1469000   12
1470000   12
1471000   13
1472000   7
1473000   13
1474000   3
1475000   11
1476000   14
1477000   5
1478000   4
1479000   18
1480000   14
1481000   9
1482000   9
1483000   8
1484000   6
1485000   13
1486000   13
1487000   5
1488000   12
1489000   14
1490000   12
1491000   8
1492000   6
1493000   15
1494000   16
1495000   16
1496000   11
1497000   12
1498000   9
1499000   11
1500000   19
1501000   9
1502000   15
1503000   4
1504000   12
1505000   9
1506000   11
1507000   12
1508000   11
1509000   18
1510000   4
1511000   9
1512000   14
1513000   7
1514000   2
1515000   12
1516000   13
1517000   9
1518000   15
1519000   6
1520000   18
1521000   7
1522000   5
1523000   8
1524000   5
1525000   14
1526000   4
1527000   14
1528000   11
1529000   8
1530000   14
1531000   9
1532000   7
1533000   11
1534000   5
1535000   9
1536000   17
1537000   13
1538000   11
1539000   7
1540000   17
1541000   11
1542000   13
1543000   8
1544000   12
1545000   12
1546000   5
1547000   22
1548000   7
1549000   14
1550000   12
1551000   13
1552000   14
1553000   16
1554000   11
1555000   12
1556000   11
1557000   12
1558000   12
1559000   6
1560000   13
1561000   15
1562000   3
1563000   11
1564000   6
1565000   7
1566000   6
1567000   7
1568000   11
1569000   14
1570000   14
1571000   8
1572000   12
1573000   9
1574000   16
1575000   17
1576000   12
1577000   11
1578000   6
1579000   11
1580000   5
1581000   12
1582000   15
1583000   9
1584000   12
1585000   12
1586000   9
1587000   14
1588000   13
1589000   5
1590000   5
1591000   7
1592000   12
1593000   16
1594000   17
1595000   15
1596000   4
1597000   8
1598000   11
1599000   15
1600000   13
1601000   8
1602000   9
1603000   6
1604000   16
1605000   16
1606000   11
1607000   7
1608000   17
1609000   15
1610000   12
1611000   15
1612000   5
1613000   14
1614000   7
1615000   9
1616000   16
1617000   11
1618000   11
1619000   11
1620000   6
1621000   13
1622000   6
1623000   5
1624000   7
1625000   14
1626000   11
1627000   9
1628000   5
1629000   12
1630000   9
1631000   12
1632000   17
1633000   13
1634000   12
1635000   11
1636000   8
1637000   13
1638000   14
1639000   8
1640000   4
1641000   8
1642000   4
1643000   15
1644000   12
1645000   8
1646000   13
1647000   5
1648000   17
1649000   5
1650000   9
1651000   16
1652000   9
1653000   3
1654000   13
1655000   12
1656000   5
1657000   13
1658000   11
1659000   11
1660000   11
1661000   17
1662000   9
1663000   17
1664000   6
1665000   13
1666000   16
1667000   16
1668000   11
1669000   16
1670000   12
1671000   11
1672000   9
1673000   14
1674000   20
1675000   9
1676000   14
1677000   5
1678000   15
1679000   13
1680000   7
1681000   14
1682000   13
1683000   6
1684000   12
1685000   11
1686000   6
1687000   9
1688000   15
1689000   8
1690000   14
1691000   6
1692000   11
1693000   9
1694000   7
1695000   9
1696000   17
1697000   14
1698000   9
1699000   7
1700000   8
1701000   13
1702000   15
1703000   6
1704000   15
1705000   5
1706000   5
1707000   9
1708000   14
1709000   13
1710000   11
1711000   9
1712000   14
1713000   9
1714000   11
1715000   17
1716000   7
1717000   7
1718000   7
1719000   12
1720000   6
1721000   9
1722000   12
1723000   8
1724000   13
1725000   12
1726000   18
1727000   14
1728000   9
1729000   4
1730000   18
1731000   7
1732000   6
1733000   9
1734000   2
1735000   9
1736000   7
1737000   12
1738000   4
1739000   23
1740000   8
1741000   11
1742000   8
1743000   9
1744000   14
1745000   14
1746000   13
1747000   16
1748000   5
1749000   7
1750000   9
1751000   6
1752000   4
1753000   7
1754000   11
1755000   13
1756000   19
1757000   8
1758000   17
1759000   14
1760000   16
1761000   8
1762000   9
1763000   8
1764000   13
1765000   15
1766000   11
1767000   15
1768000   8
1769000   15
1770000   6
1771000   11
1772000   8
1773000   9
1774000   15
1775000   7
1776000   11
1777000   9
1778000   7
1779000   9
1780000   9
1781000   14
1782000   6
1783000   25
1784000   11
1785000   12
1786000   8
1787000   5
1788000   6
1789000   4
1790000   14
1791000   12
1792000   14
1793000   11
1794000   7
1795000   14
1796000   12
1797000   12
1798000   13
1799000   15
1800000   17
1801000   18
1802000   6
1803000   12
1804000   7
1805000   13
1806000   6
1807000   14
1808000   12
1809000   13
1810000   15
1811000   7
1812000   7
1813000   5
1814000   9
1815000   8
1816000   11
1817000   15
1818000   13
1819000   8
1820000   7
1821000   9
1822000   7
1823000   7
1824000   14
1825000   11
1826000   8
1827000   19
1828000   11
1829000   12
1830000   15
1831000   13
1832000   17
1833000   8
1834000   6
1835000   7
1836000   12
1837000   15
1838000   15
1839000   13
1840000   12
1841000   13
1842000   6
1843000   12
1844000   7
1845000   9
1846000   4
1847000   9
1848000   8
1849000   19
1850000   12
1851000   11
1852000   8
1853000   9
1854000   4
1855000   8
1856000   7
1857000   7
1858000   8
1859000   7
1860000   5
1861000   9
1862000   12
1863000   15
1864000   14
1865000   16
1866000   12
1867000   12
1868000   14
1869000   15
1870000   7
1871000   7
1872000   7
1873000   9
1874000   7
1875000   9
1876000   2
1877000   17
1878000   13
1879000   7
1880000   13
1881000   9
1882000   14
1883000   6
1884000   15
1885000   13
1886000   12
1887000   11
1888000   15
1889000   9
1890000   16
1891000   18
1892000   15
1893000   9
1894000   8
1895000   8
1896000   12
1897000   11
1898000   16
1899000   9
1900000   6
1901000   11
1902000   9
1903000   4
1904000   9
1905000   14
1906000   3
1907000   17
1908000   15
1909000   12
1910000   7
1911000   12
1912000   14
1913000   6
1914000   8
1915000   13
1916000   14
1917000   7
1918000   14
1919000   14
1920000   9
1921000   4
1922000   8
1923000   7
1924000   16
1925000   11
1926000   14
1927000   13
1928000   17
1929000   11
1930000   13
1931000   9
1932000   14
1933000   14
1934000   13
1935000   6
1936000   7
1937000   14
1938000   13
1939000   15
1940000   12
1941000   13
1942000   8
1943000   6
1944000   11
1945000   12
1946000   9
1947000   13
1948000   14
1949000   7
1950000   15
1951000   11
1952000   8
1953000   17
1954000   9
1955000   7
1956000   8
1957000   14
1958000   14
1959000   13
1960000   7
1961000   11
1962000   16
1963000   5
1964000   12
1965000   9
1966000   9
1967000   7
1968000   13
1969000   9
1970000   12
1971000   8
1972000   7
1973000   11
1974000   7
1975000   6
1976000   5
1977000   12
1978000   9
1979000   16
1980000   11
1981000   14
1982000   18
1983000   14
1984000   9
1985000   11
1986000   11
1987000   12
1988000   17
1989000   12
1990000   8
1991000   11
1992000   6
1993000   7
1994000   13
1995000   9
1996000   11
1997000   5
1998000   9
1999000   7
2000000   14
2001000   8
2002000   14
2003000   13
2004000   6
2005000   15
2006000   11
2007000   6
2008000   11
2009000   15
2010000   11
2011000   11
2012000   15
2013000   14
2014000   13
2015000   12
2016000   7
2017000   9
2018000   6
2019000   12
2020000   13
2021000   7
2022000   12
2023000   8
2024000   9
2025000   12
2026000   15
2027000   9
2028000   9
2029000   11
2030000   13
2031000   6
2032000   7
2033000   11
2034000   12
2035000   7
2036000   9
2037000   15
2038000   9
2039000   15
2040000   6
2041000   15
2042000   7
2043000   11
2044000   14
2045000   7
2046000   18
2047000   11
2048000   8
2049000   6
2050000   15
2051000   7
2052000   6
2053000   4
2054000   13
2055000   9
2056000   11
2057000   7
2058000   11
2059000   13
2060000   8
2061000   7
2062000   12
2063000   8
2064000   12
2065000   6
2066000   11
2067000   7
2068000   7
2069000   12
2070000   11
2071000   7
2072000   15
2073000   13
2074000   11
2075000   7
2076000   13
2077000   15
2078000   15
2079000   8
2080000   17
2081000   13
2082000   15
2083000   8
2084000   13
2085000   9
2086000   9
2087000   11
2088000   12
2089000   12
2090000   13
2091000   11
2092000   8
2093000   6
2094000   9
2095000   11
2096000   15
2097000   8
2098000   7
2099000   15
2100000   14
2101000   13
2102000   13
2103000   12
2104000   13
2105000   13
2106000   13
2107000   9
2108000   12
2109000   8
2110000   15
2111000   2
2112000   11
2113000   6
2114000   11
2115000   11
2116000   5
2117000   20
2118000   6
2119000   9
2120000   14
2121000   14
2122000   12
2123000   8
2124000   11
2125000   15
2126000   11
2127000   9
2128000   8
2129000   17
2130000   13
2131000   15
2132000   6
2133000   13
2134000   11
2135000   9
2136000   12
2137000   9
2138000   9
2139000   14
2140000   7
2141000   13
2142000   9
2143000   8
2144000   15
2145000   8
2146000   8
2147000   12
2148000   9
2149000   11
2150000   11
2151000   11
2152000   9
2153000   8
2154000   9
2155000   17
2156000   8
2157000   15
2158000   7
2159000   11
2160000   9
2161000   7
2162000   14
2163000   12
2164000   7
2165000   15
2166000   6
2167000   13
2168000   13
2169000   8
2170000   16
2171000   6
2172000   13
2173000   7
2174000   9
2175000   9
2176000   13
2177000   4
2178000   8
2179000   9
2180000   14
2181000   4
2182000   22
2183000   11
2184000   12
2185000   14
2186000   13
2187000   17
2188000   13
2189000   4
2190000   4
2191000   7
2192000   11
2193000   13
2194000   11
2195000   15
2196000   12
2197000   15
2198000   14
2199000   12
2200000   11
2201000   12
2202000   5
2203000   9
2204000   4
2205000   9
2206000   11
2207000   12
2208000   13
2209000   15
2210000   9
2211000   11
2212000   6
2213000   5
2214000   11
2215000   15
2216000   18
2217000   12
2218000   15
2219000   11
2220000   6
2221000   7
2222000   11
2223000   5
2224000   4
2225000   11
2226000   15
2227000   15
2228000   14
2229000   13
2230000   15
2231000   9
2232000   9
2233000   8
2234000   13
2235000   14
2236000   7
2237000   8
2238000   11
2239000   14
2240000   9
2241000   9
2242000   11
2243000   5
2244000   15
2245000   6
2246000   5
2247000   12
2248000   3
2249000   9
2250000   12
2251000   7
2252000   14
2253000   4
2254000   8
2255000   16
2256000   4
2257000   12
2258000   5
2259000   16
2260000   13
2261000   12
2262000   16
2263000   11
2264000   15
2265000   7
2266000   11
2267000   13
2268000   9
2269000   9
2270000   8
2271000   14
2272000   12
2273000   8
2274000   11
2275000   15
2276000   11
2277000   5
2278000   11
2279000   5
2280000   7
2281000   7
2282000   14
2283000   9
2284000   8
2285000   6
2286000   6
2287000   7
2288000   15
2289000   11
2290000   7
2291000   14
2292000   16
2293000   13
2294000   15
2295000   17
2296000   9
2297000   9
2298000   12
2299000   8
2300000   15
2301000   11
2302000   16
2303000   9
2304000   16
2305000   4
2306000   11
2307000   8
2308000   11
2309000   4
2310000   8
2311000   5
2312000   7
2313000   2
2314000   3
2315000   8
2316000   9
2317000   4
2318000   18
2319000   9
2320000   19
2321000   14
2322000   9
2323000   12
2324000   14
2325000   3
2326000   12
2327000   8
2328000   3
2329000   6
2330000   11
2331000   12
2332000   11
2333000   8
2334000   12
2335000   7
2336000   18
2337000   9
2338000   12
2339000   7
2340000   15
2341000   8
2342000   15
2343000   7
2344000   6
2345000   8
2346000   13
2347000   14
2348000   9
2349000   12
2350000   11
2351000   8
2352000   9
2353000   13
2354000   5
2355000   5
2356000   13
2357000   8
2358000   11
2359000   12
2360000   17
2361000   14
2362000   9
2363000   7
2364000   7
2365000   8
2366000   13
2367000   17
2368000   14
2369000   15
2370000   7
2371000   8
2372000   11
2373000   11
2374000   11
2375000   14
2376000   6
2377000   20
2378000   8
2379000   13
2380000   2
2381000   9
2382000   15
2383000   11
2384000   6
2385000   6
2386000   14
2387000   11
2388000   16
2389000   7
2390000   5
2391000   18
2392000   9
2393000   12
2394000   9
2395000   11
2396000   13
2397000   12
2398000   8
2399000   13
2400000   7
2401000   13
2402000   6
2403000   9
2404000   11
2405000   11
2406000   12
2407000   8
2408000   8
2409000   13
2410000   13
2411000   17
2412000   6
2413000   5
2414000   9
2415000   9
2416000   8
2417000   11
2418000   12
2419000   15
2420000   12
2421000   9
2422000   12
2423000   11
2424000   5
2425000   9
2426000   11
2427000   7
2428000   17
2429000   9
2430000   11
2431000   9
2432000   9
2433000   9
2434000   11
2435000   13
2436000   7
2437000   12
2438000   8
2439000   12
2440000   8
2441000   5
2442000   3
2443000   8
2444000   12
2445000   12
2446000   16
2447000   11
2448000   9
2449000   7
2450000   9
2451000   16
2452000   12
2453000   14
2454000   18
2455000   4
2456000   8
2457000   11
2458000   15
2459000   16
2460000   12
2461000   11
2462000   6
2463000   17
2464000   5
2465000   9
2466000   13
2467000   11
2468000   14
2469000   11
2470000   7
2471000   7
2472000   8
2473000   11
2474000   9
2475000   15
2476000   12
2477000   9
2478000   7
2479000   3
2480000   9
2481000   9
2482000   15
2483000   12
2484000   9
2485000   15
2486000   6
2487000   13
2488000   7
2489000   8
2490000   14
2491000   11
2492000   15
2493000   12
2494000   6
2495000   5
2496000   11
2497000   11
2498000   12
2499000   7
2500000   12
2501000   9
2502000   8
2503000   11
2504000   7
2505000   11
2506000   11
2507000   11
2508000   7
2509000   9
2510000   7
2511000   7
2512000   8
2513000   8
2514000   15
2515000   6
2516000   9
2517000   11
2518000   16
2519000   13
2520000   13
2521000   13
2522000   9
2523000   18
2524000   8
2525000   18
2526000   12
2527000   4
2528000   6
2529000   11
2530000   14
2531000   14
2532000   7
2533000   8
2534000   13
2535000   6
2536000   11
2537000   6
2538000   12
2539000   20
2540000   11
2541000   7
2542000   13
2543000   11
2544000   13
2545000   7
2546000   19
2547000   14
2548000   13
2549000   7
2550000   13
2551000   8
2552000   9
2553000   13
2554000   7
2555000   11
2556000   19
2557000   11
2558000   23
2559000   11
2560000   12
2561000   4
2562000   9
2563000   12
2564000   12
2565000   12
2566000   11
2567000   8
2568000   8
2569000   13
2570000   9
2571000   7
2572000   5
2573000   12
2574000   9
2575000   11
2576000   12
2577000   6
2578000   11
2579000   11
2580000   8
2581000   9
2582000   9
2583000   11
2584000   8
2585000   14
2586000   11
2587000   6
2588000   15
2589000   6
2590000   13
2591000   12
2592000   12
2593000   7
2594000   18
2595000   8
2596000   17
2597000   12
2598000   5
2599000   19
2600000   11
2601000   5
2602000   13
2603000   12
2604000   12
2605000   9
2606000   8
2607000   17
2608000   14
2609000   9
2610000   14
2611000   19
2612000   9
2613000   7
2614000   3
2615000   8
2616000   8
2617000   13
2618000   11
2619000   7
2620000   12
2621000   7
2622000   12
2623000   8
2624000   8
2625000   8
2626000   7
2627000   6
2628000   5
2629000   16
2630000   8
2631000   14
2632000   5
2633000   8
2634000   8
2635000   12
2636000   13
2637000   15
2638000   2
2639000   14
2640000   16
2641000   8
2642000   15
2643000   12
2644000   5
2645000   11
2646000   13
2647000   8
2648000   12
2649000   12
2650000   15
2651000   6
2652000   12
2653000   7
2654000   12
2655000   7
2656000   20
2657000   6
2658000   13
2659000   14
2660000   5
2661000   6
2662000   16
2663000   6
2664000   6
2665000   9
2666000   9
2667000   6
2668000   8
2669000   11
2670000   8
2671000   14
2672000   13
2673000   9
2674000   9
2675000   15
2676000   13
2677000   17
2678000   6
2679000   14
2680000   11
2681000   13
2682000   7
2683000   13
2684000   8
2685000   12
2686000   3
2687000   12
2688000   11
2689000   11
2690000   16
2691000   11
2692000   11
2693000   17
2694000   11
2695000   8
2696000   11
2697000   9
2698000   5
2699000   12
2700000   11
2701000   8
2702000   13
2703000   14
2704000   15
2705000   7
2706000   7
2707000   12
2708000   16
2709000   11
2710000   16
2711000   13
2712000   8
2713000   11
2714000   9
2715000   12
2716000   8
2717000   17
2718000   11
2719000   7
2720000   7
2721000   14
2722000   11
2723000   8
2724000   7
2725000   9
2726000   9
2727000   12
2728000   4
2729000   11
2730000   9
2731000   12
2732000   14
2733000   7
2734000   11
2735000   13
2736000   14
2737000   8
2738000   13
2739000   7
2740000   9
2741000   9
2742000   6
2743000   9
2744000   17
2745000   7
2746000   13
2747000   5
2748000   13
2749000   9
2750000   8
2751000   13
2752000   11
2753000   12
2754000   5
2755000   7
2756000   13
2757000   19
2758000   12
2759000   11
2760000   6
2761000   8
2762000   13
2763000   8
2764000   11
2765000   16
2766000   8
2767000   7
2768000   13
2769000   11
2770000   17
2771000   8
2772000   13
2773000   11
2774000   16
2775000   13
2776000   12
2777000   5
2778000   8
2779000   6
2780000   15
2781000   11
2782000   3
2783000   6
2784000   7
2785000   14
2786000   11
2787000   8
2788000   17
2789000   7
2790000   13
2791000   13
2792000   11
2793000   9
2794000   12
2795000   13
2796000   11
2797000   7
2798000   14
2799000   9
2800000   12
2801000   9
2802000   8
2803000   18
2804000   16
2805000   9
2806000   7
2807000   11
2808000   9
2809000   6
2810000   7
2811000   7
2812000   13
2813000   15
2814000   7
2815000   16
2816000   11
2817000   14
2818000   14
2819000   13
2820000   5
2821000   14
2822000   7
2823000   9
2824000   12
2825000   7
2826000   14
2827000   12
2828000   16
2829000   9
2830000   7
2831000   14
2832000   7
2833000   11
2834000   9
2835000   9
2836000   13
2837000   12
2838000   9
2839000   6
2840000   15
2841000   9
2842000   7
2843000   9
2844000   16
2845000   6
2846000   2
2847000   15
2848000   13
2849000   12
2850000   11
2851000   7
2852000   5
2853000   14
2854000   5
2855000   11
2856000   7
2857000   9
2858000   12
2859000   7
2860000   9
2861000   9
2862000   12
2863000   7
2864000   8
2865000   13
2866000   13
2867000   5
2868000   12
2869000   9
2870000   13
2871000   11
2872000   9
2873000   15
2874000   14
2875000   11
2876000   15
2877000   8
2878000   13
2879000   15
2880000   12
2881000   15
2882000   5
2883000   15
2884000   8
2885000   13
2886000   7
2887000   7
2888000   11
2889000   12
2890000   9
2891000   6
2892000   7
2893000   11
2894000   9
2895000   9
2896000   14
2897000   11
2898000   7
2899000   13
2900000   13
2901000   11
2902000   15
2903000   8
2904000   12
2905000   12
2906000   11
2907000   8
2908000   9
2909000   5
2910000   15
2911000   13
2912000   8
2913000   8
2914000   7
2915000   3
2916000   9
2917000   6
2918000   9
2919000   12
2920000   11
2921000   14
2922000   3
2923000   11
2924000   13
2925000   3
2926000   7
2927000   15
2928000   8
2929000   13
2930000   4
2931000   8
2932000   9
2933000   14
2934000   11
2935000   15
2936000   3
2937000   7
2938000   11
2939000   6
2940000   8
2941000   14
2942000   11
2943000   14
2944000   8
2945000   15
2946000   12
2947000   16
2948000   12
2949000   9
2950000   5
2951000   11
2952000   12
2953000   9
2954000   12
2955000   13
2956000   8
2957000   8
2958000   9
2959000   7
2960000   17
2961000   13
2962000   14
2963000   11
2964000   12
2965000   12
2966000   7
2967000   7
2968000   11
2969000   9
2970000   11
2971000   7
2972000   6
2973000   12
2974000   9
2975000   7
2976000   13
2977000   13
2978000   8
2979000   13
2980000   11
2981000   7
2982000   5
2983000   9
2984000   12
2985000   9
2986000   14
2987000   6
2988000   11
2989000   11
2990000   9
2991000   6
2992000   9
2993000   14
2994000   9
2995000   9
2996000   9
2997000   7
2998000   9
2999000   13
3000000   16
3001000   4
3002000   3
3003000   12
3004000   5
3005000   8
3006000   7
3007000   12
3008000   12
3009000   9
3010000   12
3011000   15
3012000   13
3013000   12
3014000   8
3015000   13
3016000   11
3017000   7
3018000   9
3019000   12
3020000   9
3021000   12
3022000   13
3023000   6
3024000   7
3025000   9
3026000   12
3027000   8
3028000   8
3029000   20
3030000   9
3031000   15
3032000   7
3033000   6
3034000   14
3035000   6
3036000   14
3037000   11
3038000   8
3039000   11
3040000   7
3041000   15
3042000   14
3043000   8
3044000   9
3045000   9
3046000   7
3047000   11
3048000   16
3049000   13
3050000   16
3051000   11
3052000   12
3053000   8
3054000   12
3055000   8
3056000   9
3057000   11
3058000   7
3059000   6
3060000   7
3061000   15
3062000   8
3063000   12
3064000   8
3065000   7
3066000   5
3067000   12
3068000   9
3069000   8
3070000   16
3071000   4
3072000   12
3073000   12
3074000   5
3075000   13
3076000   13
3077000   9
3078000   16
3079000   13
3080000   12
3081000   8
3082000   11
3083000   9
3084000   7
3085000   12
3086000   7
3087000   9
3088000   11
3089000   3
3090000   14
3091000   9
3092000   2
3093000   16
3094000   11
3095000   18
3096000   9
3097000   11
3098000   11
3099000   11
3100000   12
3101000   9
3102000   11
3103000   11
3104000   8
3105000   7
3106000   19
3107000   8
3108000   9
3109000   12
3110000   7
3111000   9
3112000   8
3113000   12
3114000   13
3115000   14
3116000   8
3117000   6
3118000   9
3119000   8
3120000   5
3121000   5
3122000   8
3123000   8
3124000   12
3125000   16
3126000   5
3127000   12
3128000   11
3129000   5
3130000   6
3131000   12
3132000   17
3133000   7
3134000   7
3135000   14
3136000   11
3137000   7
3138000   8
3139000   5
3140000   12
3141000   14
3142000   7
3143000   11
3144000   15
3145000   11
3146000   8
3147000   9
3148000   15
3149000   8
3150000   5
3151000   7
3152000   15
3153000   7
3154000   13
3155000   9
3156000   7
3157000   8
3158000   8
3159000   12
3160000   6
3161000   18
3162000   9
3163000   5
3164000   12
3165000   5
3166000   12
3167000   14
3168000   9
3169000   14
3170000   7
3171000   7
3172000   11
3173000   8
3174000   9
3175000   8
3176000   8
3177000   17
3178000   8
3179000   6
3180000   6
3181000   11
3182000   9
3183000   11
3184000   12
3185000   9
3186000   15
3187000   6
3188000   3
3189000   8
3190000   14
3191000   14
3192000   14
3193000   19
3194000   5
3195000   11
3196000   7
3197000   9
3198000   9
3199000   9
3200000   9
3201000   20
3202000   15
3203000   7
3204000   13
3205000   6
3206000   8
3207000   5
3208000   9
3209000   3
3210000   7
3211000   9
3212000   18
3213000   5
3214000   9
3215000   5
3216000   8
3217000   11
3218000   13
3219000   13
3220000   15
3221000   12
3222000   11
3223000   6
3224000   9
3225000   17
3226000   16
3227000   17
3228000   13
3229000   9
3230000   9
3231000   18
3232000   13
3233000   3
3234000   12
3235000   11
3236000   20
3237000   5
3238000   15
3239000   17
3240000   17
3241000   7
3242000   11
3243000   11
3244000   5
3245000   2
3246000   16
3247000   11
3248000   9
3249000   9
3250000   9
3251000   9
3252000   8
3253000   7
3254000   7
3255000   16
3256000   9
3257000   11
3258000   7
3259000   9
3260000   11
3261000   9
3262000   6
3263000   5
3264000   20
3265000   11
3266000   6
3267000   12
3268000   7
3269000   8
3270000   11
3271000   5
3272000   4
3273000   8
3274000   14
3275000   14
3276000   17
3277000   9
3278000   9
3279000   8
3280000   8
3281000   14
3282000   13
3283000   9
3284000   15
3285000   18
3286000   13
3287000   13
3288000   16
3289000   7
3290000   8
3291000   6
3292000   13
3293000   5
3294000   5
3295000   7
3296000   12
3297000   13
3298000   5
3299000   13
3300000   12
3301000   7
3302000   17
3303000   11
3304000   7
3305000   6
3306000   8
3307000   8
3308000   3
3309000   6
3310000   12
3311000   5
3312000   8
3313000   7
3314000   8
3315000   15
3316000   11
3317000   7
3318000   14
3319000   8
3320000   14
3321000   12
3322000   9
3323000   12
3324000   6
3325000   6
3326000   9
3327000   12
3328000   7
3329000   7
3330000   7
3331000   11
3332000   14
3333000   7
3334000   6
3335000   15
3336000   14
3337000   17
3338000   6
3339000   12
3340000   6
3341000   13
3342000   8
3343000   7
3344000   12
3345000   4
3346000   7
3347000   11
3348000   11
3349000   7
3350000   8
3351000   16
3352000   6
3353000   7
3354000   11
3355000   7
3356000   9
3357000   7
3358000   17
3359000   11
3360000   14
3361000   11
3362000   13
3363000   9
3364000   4
3365000   11
3366000   6
3367000   9
3368000   11
3369000   11
3370000   8
3371000   15
3372000   12
3373000   15
3374000   13
3375000   8
3376000   18
3377000   8
3378000   16
3379000   13
3380000   8
3381000   4
3382000   6
3383000   5
3384000   12
3385000   9
3386000   4
3387000   8
3388000   7
3389000   4
3390000   9
3391000   6
3392000   9
3393000   12
3394000   12
3395000   11
3396000   16
3397000   7
3398000   5
3399000   9
3400000   6
3401000   9
3402000   9
3403000   6
3404000   8
3405000   11
3406000   14
3407000   8
3408000   9
3409000   13
3410000   8
3411000   8
3412000   6
3413000   16
3414000   14
3415000   13
3416000   14
3417000   6
3418000   8
3419000   7
3420000   7
3421000   7
3422000   14
3423000   15
3424000   7
3425000   9
3426000   8
3427000   12
3428000   11
3429000   8
3430000   8
3431000   12
3432000   15
3433000   5
3434000   12
3435000   13
3436000   15
3437000   17
3438000   13
3439000   8
3440000   9
3441000   11
3442000   9
3443000   6
3444000   5
3445000   6
3446000   7
3447000   8
3448000   9
3449000   9
3450000   8
3451000   7
3452000   12
3453000   7
3454000   7
3455000   15
3456000   11
3457000   11
3458000   15
3459000   6
3460000   11
3461000   9
3462000   9
3463000   5
3464000   14
3465000   12
3466000   8
3467000   9
3468000   12
3469000   9
3470000   9
3471000   8
3472000   12
3473000   12
3474000   16
3475000   7
3476000   5
3477000   16
3478000   7
3479000   8
3480000   12
3481000   12
3482000   18
3483000   6
3484000   8
3485000   9
3486000   9
3487000   8
3488000   7
3489000   7
3490000   9
3491000   13
3492000   11
3493000   9
3494000   6
3495000   12
3496000   14
3497000   8
3498000   8
3499000   12
3500000   7
3501000   16
3502000   2
3503000   13
3504000   8
3505000   14
3506000   9
3507000   11
3508000   8
3509000   7
3510000   9
3511000   15
3512000   11
3513000   12
3514000   14
3515000   11
3516000   8
3517000   14
3518000   5
3519000   9
3520000   8
3521000   17
3522000   6
3523000   4
3524000   11
3525000   6
3526000   5
3527000   5
3528000   9
3529000   12
3530000   5
3531000   11
3532000   17
3533000   8
3534000   5
3535000   11
3536000   12
3537000   12
3538000   9
3539000   14
3540000   14
3541000   9
3542000   7
3543000   6
3544000   8
3545000   12
3546000   8
3547000   11
3548000   17
3549000   12
3550000   7
3551000   8
3552000   9
3553000   8
3554000   14
3555000   7
3556000   12
3557000   13
3558000   5
3559000   9
3560000   13
3561000   12
3562000   8
3563000   5
3564000   6
3565000   8
3566000   9
3567000   11
3568000   6
3569000   5
3570000   14
3571000   16
3572000   12
3573000   6
3574000   12
3575000   13
3576000   7
3577000   12
3578000   8
3579000   11
3580000   8
3581000   12
3582000   6
3583000   9
3584000   13
3585000   15
3586000   8
3587000   7
3588000   14
3589000   9
3590000   14
3591000   6
3592000   9
3593000   16
3594000   7
3595000   6
3596000   9
3597000   13
3598000   8
3599000   7
3600000   5
3601000   20
3602000   9
3603000   13
3604000   8
3605000   9
3606000   5
3607000   15
3608000   9
3609000   12
3610000   8
3611000   11
3612000   12
3613000   9
3614000   15
3615000   12
3616000   12
3617000   8
3618000   9
3619000   14
3620000   8
3621000   8
3622000   6
3623000   8
3624000   12
3625000   6
3626000   8
3627000   6
3628000   13
3629000   7
3630000   12
3631000   11
3632000   12
3633000   14
3634000   7
3635000   12
3636000   6
3637000   14
3638000   6
3639000   13
3640000   11
3641000   9
3642000   6
3643000   6
3644000   15
3645000   7
3646000   13
3647000   9
3648000   7
3649000   15
3650000   6
3651000   8
3652000   12
3653000   9
3654000   12
3655000   8
3656000   8
3657000   5
3658000   5
3659000   11
3660000   12
3661000   3
3662000   9
3663000   18
3664000   6
3665000   9
3666000   11
3667000   7
3668000   12
3669000   9
3670000   7
3671000   16
3672000   16
3673000   7
3674000   11
3675000   7
3676000   12
3677000   5
3678000   8
3679000   9
3680000   9
3681000   8
3682000   11
3683000   9
3684000   9
3685000   12
3686000   13
3687000   8
3688000   17
3689000   6
3690000   9
3691000   8
3692000   8
3693000   11
3694000   12
3695000   9
3696000   4
3697000   14
3698000   9
3699000   9
3700000   5
3701000   5
3702000   19
3703000   8
3704000   6
3705000   18
3706000   12
3707000   12
3708000   9
3709000   9
3710000   8
3711000   9
3712000   15
3713000   16
3714000   9
3715000   11
3716000   5
3717000   8
3718000   6
3719000   4
3720000   12
3721000   13
3722000   8
3723000   4
3724000   8
3725000   12
3726000   11
3727000   7
3728000   7
3729000   6
3730000   16
3731000   14
3732000   13
3733000   16
3734000   14
3735000   12
3736000   13
3737000   5
3738000   12
3739000   8
3740000   8
3741000   9
3742000   9
3743000   14
3744000   14
3745000   16
3746000   7
3747000   15
3748000   7
3749000   8
3750000   5
3751000   17
3752000   11
3753000   11
3754000   7
3755000   7
3756000   8
3757000   9
3758000   12
3759000   13
3760000   9
3761000   11
3762000   13
3763000   7
3764000   13
3765000   11
3766000   5
3767000   12
3768000   5
3769000   18
3770000   12
3771000   12
3772000   7
3773000   9
3774000   13
3775000   7
3776000   8
3777000   9
3778000   7
3779000   7
3780000   13
3781000   7
3782000   3
3783000   7
3784000   5
3785000   7
3786000   13
3787000   11
3788000   11
3789000   9
3790000   11
3791000   6
3792000   11
3793000   9
3794000   12
3795000   7
3796000   6
3797000   5
3798000   17
3799000   5
3800000   13
3801000   8
3802000   8
3803000   7
3804000   6
3805000   13
3806000   13
3807000   5
3808000   12
3809000   8
3810000   9
3811000   11
3812000   11
3813000   9
3814000   2
3815000   8
3816000   6
3817000   9
3818000   11
3819000   12
3820000   9
3821000   7
3822000   8
3823000   8
3824000   7
3825000   12
3826000   7
3827000   7
3828000   8
3829000   6
3830000   14
3831000   9
3832000   11
3833000   11
3834000   15
3835000   5
3836000   7
3837000   6
3838000   3
3839000   11
3840000   4
3841000   8
3842000   12
3843000   9
3844000   7
3845000   9
3846000   11
3847000   15
3848000   12
3849000   9
3850000   18
3851000   13
3852000   5
3853000   15
3854000   7
3855000   12
3856000   14
3857000   6
3858000   8
3859000   6
3860000   9
3861000   11
3862000   5
3863000   15
3864000   14
3865000   7
3866000   4
3867000   3
3868000   11
3869000   8
3870000   7
3871000   13
3872000   5
3873000   7
3874000   6
3875000   7
3876000   8
3877000   6
3878000   6
3879000   8
3880000   16
3881000   14
3882000   8
3883000   13
3884000   9
3885000   11
3886000   13
3887000   6
3888000   4
3889000   11
3890000   5
3891000   14
3892000   12
3893000   15
3894000   15
3895000   14
3896000   9
3897000   5
3898000   6
3899000   11
3900000   13
3901000   12
3902000   6
3903000   4
3904000   9
3905000   13
3906000   9
3907000   6
3908000   5
3909000   7
3910000   7
3911000   11
3912000   5
3913000   13
3914000   6
3915000   8
3916000   9
3917000   9
3918000   11
3919000   11
3920000   9
3921000   14
3922000   8
3923000   7
3924000   7
3925000   8
3926000   9
3927000   8
3928000   12
3929000   13
3930000   6
3931000   11
3932000   5
3933000   16
3934000   6
3935000   12
3936000   15
3937000   12
3938000   12
3939000   16
3940000   6
3941000   14
3942000   8
3943000   17
3944000   14
3945000   4
3946000   6
3947000   9
3948000   16
3949000   8
3950000   8
3951000   5
3952000   9
3953000   12
3954000   13
3955000   8
3956000   20
3957000   7
3958000   11
3959000   13
3960000   12
3961000   7
3962000   12
3963000   8
3964000   9
3965000   8
3966000   8
3967000   6
3968000   7
3969000   18
3970000   12
3971000   8
3972000   7
3973000   5
3974000   11
3975000   11
3976000   8
3977000   12
3978000   11
3979000   13
3980000   5
3981000   9
3982000   9
3983000   6
3984000   13
3985000   17
3986000   7
3987000   9
3988000   12
3989000   7
3990000   18
3991000   9
3992000   9
3993000   8
3994000   8
3995000   15
3996000   19
3997000   9
3998000   15
3999000   11
4000000   13
4001000   11
4002000   8
4003000   11
4004000   5
4005000   11
4006000   7
4007000   8
4008000   9
4009000   6
4010000   14
4011000   8
4012000   16
4013000   11
4014000   14
4015000   11
4016000   8
4017000   15
4018000   6
4019000   8
4020000   5
4021000   8
4022000   8
4023000   9
4024000   9
4025000   5
4026000   7
4027000   9
4028000   9
4029000   11
4030000   5
4031000   5
4032000   16
4033000   16
4034000   11
4035000   11
4036000   12
4037000   9
4038000   9
4039000   14
4040000   4
4041000   14
4042000   6
4043000   5
4044000   17
4045000   5
4046000   11
4047000   6
4048000   6
4049000   9
4050000   17
4051000   6
4052000   6
4053000   7
4054000   7
4055000   8
4056000   8
4057000   14
4058000   13
4059000   9
4060000   9
4061000   11
4062000   9
4063000   11
4064000   5
4065000   14
4066000   9
4067000   11
4068000   12
4069000   5
4070000   4
4071000   13
4072000   9
4073000   12
4074000   12
4075000   9
4076000   8
4077000   5
4078000   12
4079000   7
4080000   16
4081000   8
4082000   11
4083000   7
4084000   8
4085000   7
4086000   15
4087000   9
4088000   8
4089000   14
4090000   13
4091000   11
4092000   6
4093000   6
4094000   6
4095000   9
4096000   11
4097000   6
4098000   11
4099000   8
4100000   8
4101000   7
4102000   8
4103000   11
4104000   3
4105000   17
4106000   6
4107000   12
4108000   13
4109000   1
4110000   12
4111000   11
4112000   11
4113000   5
4114000   7
4115000   11
4116000   11
4117000   5
4118000   9
4119000   12
4120000   7
4121000   7
4122000   11
4123000   4
4124000   7
4125000   12
4126000   4
4127000   6
4128000   12
4129000   11
4130000   4
4131000   11
4132000   6
4133000   13
4134000   5
4135000   15
4136000   11
4137000   8
4138000   4
4139000   14
4140000   8
4141000   12
4142000   9
4143000   17
4144000   12
4145000   11
4146000   13
4147000   8
4148000   13
4149000   9
4150000   8
4151000   7
4152000   9
4153000   11
4154000   9
4155000   15
4156000   14
4157000   6
4158000   17
4159000   8
4160000   4
4161000   9
4162000   12
4163000   11
4164000   15
4165000   7
4166000   6
4167000   4
4168000   6
4169000   5
4170000   14
4171000   9
4172000   14
4173000   8
4174000   12
4175000   15
4176000   12
4177000   7
4178000   11
4179000   13
4180000   14
4181000   8
4182000   8
4183000   5
4184000   8
4185000   11
4186000   11
4187000   6
4188000   6
4189000   14
4190000   9
4191000   11
4192000   17
4193000   13
4194000   6
4195000   9
4196000   8
4197000   14
4198000   8
4199000   13
4200000   6
4201000   14
4202000   6
4203000   4
4204000   8
4205000   8
4206000   5
4207000   14
4208000   11
4209000   13
4210000   16
4211000   7
4212000   8
4213000   5
4214000   9
4215000   11
4216000   11
4217000   12
4218000   11
4219000   12
4220000   7
4221000   8
4222000   9
4223000   7
4224000   5
4225000   6
4226000   11
4227000   15
4228000   15
4229000   8
4230000   8
4231000   6
4232000   7
4233000   11
4234000   8
4235000   7
4236000   13
4237000   9
4238000   14
4239000   7
4240000   4
4241000   14
4242000   15
4243000   12
4244000   13
4245000   3
4246000   13
4247000   14
4248000   7
4249000   6
4250000   8
4251000   6
4252000   6
4253000   8
4254000   9
4255000   6
4256000   16
4257000   11
4258000   12
4259000   23
4260000   12
4261000   12
4262000   4
4263000   13
4264000   15
4265000   8
4266000   9
4267000   5
4268000   11
4269000   14
4270000   9
4271000   9
4272000   12
4273000   14
4274000   8
4275000   9
4276000   7
4277000   7
4278000   6
4279000   7
4280000   2
4281000   11
4282000   13
4283000   14
4284000   13
4285000   11
4286000   8
4287000   9
4288000   9
4289000   14
4290000   14
4291000   5
4292000   18
4293000   11
4294000   12
4295000   9
4296000   12
4297000   4
4298000   14
4299000   7
4300000   13
4301000   9
4302000   11
4303000   5
4304000   7
4305000   11
4306000   14
4307000   3
4308000   9
4309000   13
4310000   7
4311000   8
4312000   7
4313000   8
4314000   9
4315000   7
4316000   13
4317000   11
4318000   9
4319000   8
4320000   15
4321000   12
4322000   7
4323000   13
4324000   7
4325000   13
4326000   13
4327000   8
4328000   3
4329000   5
4330000   12
4331000   7
4332000   13
4333000   11
4334000   5
4335000   8
4336000   12
4337000   15
4338000   9
4339000   9
4340000   11
4341000   11
4342000   12
4343000   8
4344000   9
4345000   4
4346000   8
4347000   6
4348000   6
4349000   9
4350000   15
4351000   9
4352000   11
4353000   14
4354000   9
4355000   13
4356000   6
4357000   9
4358000   6
4359000   11
4360000   4
4361000   5
4362000   5
4363000   15
4364000   11
4365000   8
4366000   9
4367000   18
4368000   9
4369000   9
4370000   11
4371000   9
4372000   14
4373000   17
4374000   8
4375000   8
4376000   4
4377000   9
4378000   5
4379000   11
4380000   15
4381000   18
4382000   6
4383000   7
4384000   12
4385000   12
4386000   13
4387000   8
4388000   14
4389000   11
4390000   12
4391000   9
4392000   14
4393000   5
4394000   15
4395000   11
4396000   8
4397000   7
4398000   11
4399000   8
4400000   9
4401000   6
4402000   12
4403000   13
4404000   12
4405000   6
4406000   11
4407000   14
4408000   7
4409000   14
4410000   8
4411000   8
4412000   15
4413000   9
4414000   5
4415000   11
4416000   9
4417000   7
4418000   7
4419000   12
4420000   11
4421000   6
4422000   11
4423000   11
4424000   12
4425000   9
4426000   4
4427000   6
4428000   11
4429000   1
4430000   19
4431000   6
4432000   8
4433000   6
4434000   11
4435000   11
4436000   7
4437000   6
4438000   14
4439000   12
4440000   12
4441000   13
4442000   9
4443000   13
4444000   12
4445000   6
4446000   11
4447000   11
4448000   13
4449000   6
4450000   14
4451000   11
4452000   7
4453000   7
4454000   9
4455000   13
4456000   6
4457000   7
4458000   5
4459000   6
4460000   5
4461000   9
4462000   7
4463000   5
4464000   12
4465000   7
4466000   11
4467000   7
4468000   12
4469000   8
4470000   8
4471000   11
4472000   8
4473000   12
4474000   12
4475000   9
4476000   11
4477000   6
4478000   5
4479000   14
4480000   15
4481000   8
4482000   12
4483000   11
4484000   5
4485000   9
4486000   15
4487000   9
4488000   12
4489000   5
4490000   6
4491000   11
4492000   8
4493000   8
4494000   12
4495000   13
4496000   13
4497000   14
4498000   11
4499000   8
4500000   8
4501000   7
4502000   6
4503000   14
4504000   7
4505000   8
4506000   8
4507000   14
4508000   3
4509000   15
4510000   14
4511000   8
4512000   13
4513000   3
4514000   13
4515000   7
4516000   12
4517000   8
4518000   9
4519000   16
4520000   9
4521000   12
4522000   13
4523000   6
4524000   11
4525000   4
4526000   8
4527000   7
4528000   8
4529000   11
4530000   8
4531000   12
4532000   4
4533000   12
4534000   7
4535000   14
4536000   12
4537000   2
4538000   11
4539000   7
4540000   6
4541000   12
4542000   7
4543000   9
4544000   7
4545000   8
4546000   14
4547000   11
4548000   12
4549000   7
4550000   17
4551000   8
4552000   14
4553000   8
4554000   7
4555000   8
4556000   8
4557000   8
4558000   12
4559000   7
4560000   16
4561000   14
4562000   11
4563000   9
4564000   5
4565000   17
4566000   14
4567000   8
4568000   7
4569000   12
4570000   4
4571000   8
4572000   13
4573000   5
4574000   8
4575000   7
4576000   12
4577000   13
4578000   15
4579000   12
4580000   8
4581000   11
4582000   8
4583000   9
4584000   13
4585000   9
4586000   14
4587000   5
4588000   6
4589000   15
4590000   11
4591000   12
4592000   11
4593000   9
4594000   12
4595000   15
4596000   5
4597000   8
4598000   13
4599000   19
4600000   11
4601000   11
4602000   11
4603000   15
4604000   12
4605000   9
4606000   5
4607000   17
4608000   14
4609000   7
4610000   9
4611000   9
4612000   7
4613000   12
4614000   14
4615000   7
4616000   8
4617000   13
4618000   9
4619000   7
4620000   6
4621000   11
4622000   11
4623000   11
4624000   5
4625000   7
4626000   14
4627000   11
4628000   3
4629000   12
4630000   8
4631000   5
4632000   14
4633000   11
4634000   11
4635000   12
4636000   11
4637000   6
4638000   16
4639000   12
4640000   11
4641000   9
4642000   11
4643000   5
4644000   9
4645000   16
4646000   3
4647000   7
4648000   8
4649000   6
4650000   12
4651000   12
4652000   5
4653000   11
4654000   18
4655000   8
4656000   7
4657000   6
4658000   17
4659000   8
4660000   15
4661000   4
4662000   11
4663000   6
4664000   12
4665000   13
4666000   9
4667000   3
4668000   9
4669000   6
4670000   15
4671000   14
4672000   13
4673000   8
4674000   13
4675000   8
4676000   4
4677000   16
4678000   11
4679000   8
4680000   7
4681000   12
4682000   14
4683000   6
4684000   9
4685000   15
4686000   6
4687000   7
4688000   8
4689000   6
4690000   5
4691000   7
4692000   11
4693000   15
4694000   14
4695000   8
4696000   7
4697000   11
4698000   14
4699000   7
4700000   9
4701000   8
4702000   13
4703000   16
4704000   14
4705000   7
4706000   13
4707000   8
4708000   15
4709000   12
4710000   6
4711000   9
4712000   11
4713000   13
4714000   6
4715000   8
4716000   4
4717000   7
4718000   8
4719000   11
4720000   12
4721000   19
4722000   6
4723000   15
4724000   8
4725000   11
4726000   9
4727000   16
4728000   9
4729000   8
4730000   13
4731000   9
4732000   6
4733000   6
4734000   8
4735000   5
4736000   15
4737000   5
4738000   13
4739000   6
4740000   13
4741000   13
4742000   13
4743000   12
4744000   9
4745000   12
4746000   12
4747000   5
4748000   12
4749000   20
4750000   12
4751000   8
4752000   7
4753000   5
4754000   11
4755000   9
4756000   12
4757000   9
4758000   13
4759000   11
4760000   6
4761000   14
4762000   6
4763000   8
4764000   9
4765000   7
4766000   3
4767000   8
4768000   18
4769000   4
4770000   8
4771000   9
4772000   6
4773000   5
4774000   12
4775000   7
4776000   8
4777000   9
4778000   6
4779000   11
4780000   8
4781000   15
4782000   13
4783000   11
4784000   11
4785000   9
4786000   5
4787000   8
4788000   12
4789000   9
4790000   6
4791000   12
4792000   9
4793000   5
4794000   7
4795000   12
4796000   14
4797000   7
4798000   9
4799000   7
4800000   15
4801000   13
4802000   7
4803000   11
4804000   11
4805000   8
4806000   18
4807000   4
4808000   11
4809000   9
4810000   11
4811000   11
4812000   19
4813000   6
4814000   13
4815000   4
4816000   14
4817000   8
4818000   8
4819000   11
4820000   8
4821000   11
4822000   8
4823000   8
4824000   7
4825000   12
4826000   9
4827000   9
4828000   7
4829000   4
4830000   4
4831000   14
4832000   9
4833000   8
4834000   5
4835000   11
4836000   13
4837000   7
4838000   9
4839000   9
4840000   14
4841000   9
4842000   15
4843000   9
4844000   11
4845000   8
4846000   16
4847000   12
4848000   12
4849000   15
4850000   11
4851000   9
4852000   4
4853000   12
4854000   12
4855000   8
4856000   6
4857000   13
4858000   14
4859000   12
4860000   7
4861000   9
4862000   5
4863000   12
4864000   13
4865000   8
4866000   8
4867000   8
4868000   5
4869000   8
4870000   12
4871000   11
4872000   5
4873000   14
4874000   13
4875000   12
4876000   7
4877000   8
4878000   17
4879000   11
4880000   7
4881000   8
4882000   12
4883000   7
4884000   16
4885000   7
4886000   9
4887000   6
4888000   7
4889000   16
4890000   11
4891000   12
4892000   12
4893000   5
4894000   7
4895000   6
4896000   8
4897000   6
4898000   14
4899000   9
4900000   13
4901000   7
4902000   8
4903000   11
4904000   9
4905000   12
4906000   11
4907000   11
4908000   11
4909000   15
4910000   5
4911000   9
4912000   9
4913000   9
4914000   5
4915000   9
4916000   8
4917000   9
4918000   4
4919000   8
4920000   13
4921000   9
4922000   6
4923000   11
4924000   8
4925000   9
4926000   13
4927000   6
4928000   3
4929000   11
4930000   12
4931000   11
4932000   12
4933000   9
4934000   13
4935000   8
4936000   11
4937000   18
4938000   6
4939000   14
4940000   14
4941000   8
4942000   9
4943000   12
4944000   5
4945000   6
4946000   8
4947000   3
4948000   13
4949000   11
4950000   9
4951000   12
4952000   13
4953000   12
4954000   6
4955000   9
4956000   7
4957000   8
4958000   8
4959000   6
4960000   14
4961000   7
4962000   12
4963000   5
4964000   8
4965000   9
4966000   7
4967000   7
4968000   11
4969000   11
4970000   13
4971000   8
4972000   5
4973000   14
4974000   5
4975000   12
4976000   8
4977000   4
4978000   9
4979000   12
4980000   12
4981000   6
4982000   4
4983000   17
4984000   12
4985000   16
4986000   14
4987000   13
4988000   3
4989000   5
4990000   12
4991000   11
4992000   6
4993000   11
4994000   7
4995000   13
4996000   13
4997000   3
4998000   9
4999000   12
5000000   15
5001000   9
5002000   11
5003000   6
5004000   16
5005000   14
5006000   8
5007000   5
5008000   11
5009000   9
5010000   9
5011000   9
5012000   15
5013000   14
5014000   6
5015000   11
5016000   4
5017000   8
5018000   4
5019000   8
5020000   8
5021000   14
5022000   11
5023000   5
5024000   9
5025000   13
5026000   15
5027000   13
5028000   11
5029000   6
5030000   9
5031000   6
5032000   4
5033000   6
5034000   8
5035000   9
5036000   6
5037000   12
5038000   14
5039000   4
5040000   14
5041000   7
5042000   7
5043000   12
5044000   16
5045000   12
5046000   8
5047000   6
5048000   14
5049000   11
5050000   14
5051000   11
5052000   8
5053000   12
5054000   15
5055000   11
5056000   12
5057000   9
5058000   11
5059000   14
5060000   8
5061000   6
5062000   5
5063000   7
5064000   11
5065000   8
5066000   7
5067000   14
5068000   8
5069000   7
5070000   13
5071000   14
5072000   9
5073000   7
5074000   7
5075000   11
5076000   12
5077000   12
5078000   6
5079000   11
5080000   7
5081000   7
5082000   8
5083000   12
5084000   9
5085000   7
5086000   16
5087000   14
5088000   6
5089000   7
5090000   7
5091000   5
5092000   13
5093000   11
5094000   9
5095000   7
5096000   12
5097000   15
5098000   13
5099000   13
5100000   5
5101000   11
5102000   6
5103000   8
5104000   7
5105000   9
5106000   8
5107000   8
5108000   11
5109000   3
5110000   8
5111000   9
5112000   16
5113000   5
5114000   14
5115000   6
5116000   8
5117000   12
5118000   15
5119000   15
5120000   11
5121000   14
5122000   6
5123000   3
5124000   7
5125000   7
5126000   11
5127000   9
5128000   12
5129000   12
5130000   9
5131000   11
5132000   15
5133000   11
5134000   12
5135000   6
5136000   6
5137000   6
5138000   7
5139000   19
5140000   12
5141000   8
5142000   8
5143000   14
5144000   7
5145000   14
5146000   12
5147000   9
5148000   5
5149000   13
5150000   11
5151000   11
5152000   7
5153000   12
5154000   9
5155000   5
5156000   13
5157000   6
5158000   11
5159000   8
5160000   9
5161000   11
5162000   6
5163000   15
5164000   11
5165000   9
5166000   12
5167000   6
5168000   8
5169000   9
5170000   8
5171000   12
5172000   7
5173000   4
5174000   14
5175000   8
5176000   5
5177000   3
5178000   9
5179000   12
5180000   8
5181000   15
5182000   5
5183000   6
5184000   13
5185000   17
5186000   13
5187000   12
5188000   8
5189000   9
5190000   9
5191000   12
5192000   5
5193000   15
5194000   7
5195000   5
5196000   9
5197000   11
5198000   15
5199000   7
5200000   5
5201000   9
5202000   12
5203000   9
5204000   16
5205000   7
5206000   8
5207000   7
5208000   17
5209000   9
5210000   9
5211000   6
5212000   13
5213000   9
5214000   4
5215000   14
5216000   11
5217000   8
5218000   12
5219000   15
5220000   8
5221000   3
5222000   13
5223000   6
5224000   12
5225000   8
5226000   16
5227000   11
5228000   9
5229000   8
5230000   7
5231000   8
5232000   12
5233000   4
5234000   7
5235000   11
5236000   11
5237000   13
5238000   12
5239000   8
5240000   3
5241000   13
5242000   11
5243000   12
5244000   13
5245000   11
5246000   9
5247000   12
5248000   9
5249000   14
5250000   12
5251000   7
5252000   5
5253000   12
5254000   7
5255000   8
5256000   5
5257000   11
5258000   9
5259000   7
5260000   7
5261000   9
5262000   9
5263000   6
5264000   8
5265000   3
5266000   9
5267000   13
5268000   13
5269000   8
5270000   8
5271000   8
5272000   6
5273000   16
5274000   8
5275000   11
5276000   9
5277000   13
5278000   5
5279000   9
5280000   6
5281000   9
5282000   11
5283000   11
5284000   13
5285000   8
5286000   8
5287000   13
5288000   7
5289000   8
5290000   14
5291000   4
5292000   5
5293000   15
5294000   12
5295000   14
5296000   13
5297000   9
5298000   11
5299000   8
5300000   11
5301000   11
5302000   6
5303000   7
5304000   5
5305000   8
5306000   12
5307000   3
5308000   11
5309000   8
5310000   17
5311000   12
5312000   9
5313000   20
5314000   6
5315000   11
5316000   4
5317000   11
5318000   11
5319000   11
5320000   7
5321000   9
5322000   12
5323000   8
5324000   13
5325000   12
5326000   11
5327000   13
5328000   5
5329000   11
5330000   17
5331000   9
5332000   16
5333000   11
5334000   6
5335000   11
5336000   6
5337000   8
5338000   12
5339000   8
5340000   9
5341000   7
5342000   5
5343000   7
5344000   5
5345000   16
5346000   9
5347000   13
5348000   7
5349000   5
5350000   5
5351000   17
5352000   6
5353000   9
5354000   17
5355000   9
5356000   20
5357000   6
5358000   12
5359000   9
5360000   12
5361000   7
5362000   8
5363000   5
5364000   15
5365000   7
5366000   7
5367000   8
5368000   6
5369000   12
5370000   8
5371000   11
5372000   6
5373000   6
5374000   6
5375000   4
5376000   12
5377000   6
5378000   8
5379000   6
5380000   6
5381000   11
5382000   12
5383000   12
5384000   6
5385000   8
5386000   9
5387000   11
5388000   7
5389000   18
5390000   12
5391000   15
5392000   9
5393000   9
5394000   6
5395000   5
5396000   14
5397000   12
5398000   13
5399000   9
5400000   9
5401000   8
5402000   9
5403000   7
5404000   8
5405000   16
5406000   12
5407000   6
5408000   6
5409000   5
5410000   5
5411000   9
5412000   8
5413000   5
5414000   9
5415000   18
5416000   16
5417000   11
5418000   9
5419000   12
5420000   11
5421000   14
5422000   7
5423000   7
5424000   14
5425000   6
5426000   8
5427000   13
5428000   6
5429000   19
5430000   3
5431000   9
5432000   9
5433000   11
5434000   9
5435000   11
5436000   4
5437000   14
5438000   7
5439000   9
5440000   5
5441000   12
5442000   13
5443000   7
5444000   7
5445000   8
5446000   8
5447000   14
5448000   19
5449000   4
5450000   9
5451000   6
5452000   9
5453000   6
5454000   6
5455000   3
5456000   7
5457000   14
5458000   7
5459000   3
5460000   3
5461000   12
5462000   11
5463000   13
5464000   12
5465000   12
5466000   12
5467000   9
5468000   9
5469000   8
5470000   12
5471000   7
5472000   6
5473000   9
5474000   8
5475000   13
5476000   8
5477000   9
5478000   9
5479000   4
5480000   9
5481000   4
5482000   12
5483000   14
5484000   8
5485000   7
5486000   13
5487000   14
5488000   16
5489000   7
5490000   5
5491000   7
5492000   5
5493000   9
5494000   12
5495000   6
5496000   3
5497000   7
5498000   9
5499000   8
5500000   11
5501000   12
5502000   12
5503000   11
5504000   6
5505000   6
5506000   13
5507000   11
5508000   13
5509000   14
5510000   6
5511000   11
5512000   9
5513000   9
5514000   11
5515000   14
5516000   8
5517000   11
5518000   8
5519000   11
5520000   5
5521000   14
5522000   6
5523000   11
5524000   13
5525000   6
5526000   6
5527000   8
5528000   14
5529000   3
5530000   6
5531000   6
5532000   16
5533000   8
5534000   8
5535000   11
5536000   13
5537000   11
5538000   6
5539000   6
5540000   15
5541000   11
5542000   9
5543000   12
5544000   9
5545000   13
5546000   11
5547000   5
5548000   9
5549000   9
5550000   9
5551000   15
5552000   9
5553000   12
5554000   12
5555000   8
5556000   15
5557000   3
5558000   5
5559000   13
5560000   11
5561000   12
5562000   8
5563000   8
5564000   12
5565000   11
5566000   11
5567000   12
5568000   8
5569000   4
5570000   7
5571000   9
5572000   7
5573000   8
5574000   13
5575000   6
5576000   9
5577000   11
5578000   11
5579000   11
5580000   6
5581000   9
5582000   7
5583000   8
5584000   6
5585000   13
5586000   11
5587000   11
5588000   8
5589000   3
5590000   5
5591000   14
5592000   4
5593000   11
5594000   11
5595000   12
5596000   9
5597000   7
5598000   17
5599000   13
5600000   8
5601000   7
5602000   7
5603000   8
5604000   9
5605000   13
5606000   9
5607000   7
5608000   12
5609000   9
5610000   11
5611000   4
5612000   4
5613000   12
5614000   12
5615000   12
5616000   12
5617000   12
5618000   9
5619000   14
5620000   7
5621000   7
5622000   12
5623000   5
5624000   3
5625000   8
5626000   8
5627000   12
5628000   14
5629000   11
5630000   12
5631000   15
5632000   5
5633000   7
5634000   6
5635000   11
5636000   13
5637000   8
5638000   11
5639000   5
5640000   11
5641000   8
5642000   7
5643000   11
5644000   7
5645000   12
5646000   7
5647000   6
5648000   6
5649000   13
5650000   11
5651000   11
5652000   6
5653000   11
5654000   13
5655000   9
5656000   8
5657000   13
5658000   12
5659000   8
5660000   11
5661000   17
5662000   11
5663000   9
5664000   4
5665000   8
5666000   11
5667000   8
5668000   12
5669000   12
5670000   12
5671000   9
5672000   8
5673000   5
5674000   7
5675000   8
5676000   9
5677000   7
5678000   9
5679000   14
5680000   3
5681000   8
5682000   14
5683000   6
5684000   13
5685000   8
5686000   11
5687000   7
5688000   14
5689000   8
5690000   7
5691000   6
5692000   12
5693000   9
5694000   13
5695000   13
5696000   4
5697000   7
5698000   15
5699000   5
5700000   6
5701000   9
5702000   8
5703000   8
5704000   13
5705000   9
5706000   9
5707000   6
5708000   7
5709000   11
5710000   12
5711000   11
5712000   9
5713000   11
5714000   9
5715000   12
5716000   4
5717000   13
5718000   11
5719000   5
5720000   6
5721000   15
5722000   11
5723000   13
5724000   8
5725000   15
5726000   7
5727000   8
5728000   5
5729000   12
5730000   8
5731000   11
5732000   12
5733000   12
5734000   5
5735000   13
5736000   14
5737000   11
5738000   14
5739000   7
5740000   8
5741000   14
5742000   11
5743000   17
5744000   11
5745000   14
5746000   11
5747000   5
5748000   7
5749000   11
5750000   7
5751000   7
5752000   14
5753000   12
5754000   14
5755000   7
5756000   11
5757000   6
5758000   7
5759000   4
5760000   7
5761000   15
5762000   7
5763000   8
5764000   12
5765000   8
5766000   8
5767000   6
5768000   14
5769000   13
5770000   11
5771000   6
5772000   9
5773000   9
5774000   11
5775000   16
5776000   8
5777000   13
5778000   15
5779000   8
5780000   7
5781000   7
5782000   11
5783000   13
5784000   15
5785000   12
5786000   8
5787000   13
5788000   7
5789000   12
5790000   13
5791000   13
5792000   12
5793000   5
5794000   14
5795000   8
5796000   14
5797000   7
5798000   14
5799000   7
5800000   13
5801000   16
5802000   11
5803000   9
5804000   11
5805000   8
5806000   11
5807000   5
5808000   8
5809000   5
5810000   6
5811000   11
5812000   12
5813000   5
5814000   6
5815000   12
5816000   7
5817000   2
5818000   12
5819000   7
5820000   9
5821000   7
5822000   12
5823000   8
5824000   8
5825000   8
5826000   15
5827000   8
5828000   3
5829000   14
5830000   9
5831000   5
5832000   11
5833000   6
5834000   14
5835000   7
5836000   11
5837000   8
5838000   7
5839000   5
5840000   11
5841000   13
5842000   8
5843000   3
5844000   11
5845000   15
5846000   12
5847000   7
5848000   13
5849000   11
5850000   17
5851000   12
5852000   6
5853000   6
5854000   6
5855000   12
5856000   9
5857000   15
5858000   11
5859000   9
5860000   14
5861000   9
5862000   7
5863000   4
5864000   11
5865000   13
5866000   9
5867000   8
5868000   3
5869000   13
5870000   14
5871000   11
5872000   9
5873000   9
5874000   4
5875000   12
5876000   11
5877000   14
5878000   6
5879000   12
5880000   12
5881000   12
5882000   6
5883000   9
5884000   11
5885000   6
5886000   12
5887000   8
5888000   14
5889000   9
5890000   6
5891000   8
5892000   12
5893000   14
5894000   6
5895000   9
5896000   5
5897000   7
5898000   6
5899000   13
5900000   16
5901000   13
5902000   2
5903000   11
5904000   9
5905000   8
5906000   6
5907000   8
5908000   9
5909000   11
5910000   11
5911000   6
5912000   8
5913000   12
5914000   8
5915000   8
5916000   11
5917000   14
5918000   7
5919000   5
5920000   8
5921000   5
5922000   8
5923000   4
5924000   11
5925000   4
5926000   8
5927000   7
5928000   8
5929000   13
5930000   7
5931000   12
5932000   11
5933000   14
5934000   17
5935000   9
5936000   9
5937000   12
5938000   13
5939000   12
5940000   14
5941000   11
5942000   13
5943000   18
5944000   15
5945000   8
5946000   8
5947000   14
5948000   7
5949000   13
5950000   12
5951000   7
5952000   7
5953000   8
5954000   8
5955000   13
5956000   13
5957000   7
5958000   7
5959000   7
5960000   11
5961000   7
5962000   15
5963000   6
5964000   11
5965000   12
5966000   8
5967000   7
5968000   7
5969000   9
5970000   13
5971000   5
5972000   12
5973000   9
5974000   7
5975000   13
5976000   11
5977000   12
5978000   7
5979000   7
5980000   12
5981000   12
5982000   11
5983000   5
5984000   6
5985000   9
5986000   6
5987000   9
5988000   9
5989000   9
5990000   11
5991000   7
5992000   6
5993000   7
5994000   11
5995000   12
5996000   19
5997000   5
5998000   13
5999000   11
6000000   16
6001000   12
6002000   6
6003000   7
6004000   6
6005000   6
6006000   14
6007000   8
6008000   17
6009000   9
6010000   8
6011000   8
6012000   8
6013000   7
6014000   7
6015000   14
6016000   6
6017000   11
6018000   7
6019000   8
6020000   7
6021000   7
6022000   11
6023000   11
6024000   11
6025000   8
6026000   11
6027000   9
6028000   5
6029000   11
6030000   9
6031000   12
6032000   14
6033000   7
6034000   4
6035000   9
6036000   12
6037000   8
6038000   15
6039000   6
6040000   8
6041000   6
6042000   11
6043000   11
6044000   13
6045000   12
6046000   6
6047000   13
6048000   17
6049000   14
6050000   17
6051000   11
6052000   6
6053000   15
6054000   15
6055000   7
6056000   11
6057000   7
6058000   7
6059000   6
6060000   3
6061000   6
6062000   5
6063000   12
6064000   6
6065000   4
6066000   7
6067000   6
6068000   8
6069000   8
6070000   8
6071000   9
6072000   7
6073000   15
6074000   11
6075000   3
6076000   8
6077000   18
6078000   9
6079000   6
6080000   12
6081000   9
6082000   9
6083000   11
6084000   7
6085000   15
6086000   5
6087000   11
6088000   6
6089000   7
6090000   8
6091000   11
6092000   3
6093000   7
6094000   8
6095000   12
6096000   11
6097000   8
6098000   12
6099000   9
6100000   18
6101000   11
6102000   9
6103000   9
6104000   6
6105000   16
6106000   6
6107000   5
6108000   13
6109000   12
6110000   8
6111000   7
6112000   12
6113000   12
6114000   12
6115000   12
6116000   8
6117000   5
6118000   8
6119000   3
6120000   17
6121000   9
6122000   13
6123000   7
6124000   5
6125000   14
6126000   7
6127000   8
6128000   11
6129000   12
6130000   6
6131000   13
6132000   14
6133000   11
6134000   8
6135000   12
6136000   5
6137000   8
6138000   17
6139000   9
6140000   15
6141000   8
6142000   13
6143000   9
6144000   8
6145000   12
6146000   4
6147000   8
6148000   5
6149000   12
6150000   9
6151000   8
6152000   9
6153000   7
6154000   7
6155000   12
6156000   9
6157000   11
6158000   8
6159000   6
6160000   6
6161000   8
6162000   9
6163000   14
6164000   7
6165000   7
6166000   6
6167000   8
6168000   11
6169000   11
6170000   7
6171000   7
6172000   12
6173000   19
6174000   8
6175000   11
6176000   11
6177000   11
6178000   17
6179000   8
6180000   12
6181000   8
6182000   11
6183000   8
6184000   12
6185000   11
6186000   6
6187000   7
6188000   8
6189000   11
6190000   7
6191000   11
6192000   7
6193000   11
6194000   11
6195000   7
6196000   12
6197000   9
6198000   8
6199000   8
6200000   11
6201000   6
6202000   8
6203000   15
6204000   6
6205000   14
6206000   11
6207000   5
6208000   12
6209000   3
6210000   7
6211000   11
6212000   15
6213000   8
6214000   5
6215000   11
6216000   11
6217000   14
6218000   6
6219000   9
6220000   11
6221000   11
6222000   13
6223000   6
6224000   8
6225000   7
6226000   17
6227000   8
6228000   16
6229000   14
6230000   9
6231000   13
6232000   14
6233000   5
6234000   13
6235000   12
6236000   9
6237000   9
6238000   15
6239000   6
6240000   8
6241000   11
6242000   11
6243000   5
6244000   13
6245000   9
6246000   12
6247000   14
6248000   8
6249000   11
6250000   5
6251000   5
6252000   7
6253000   15
6254000   7
6255000   11
6256000   4
6257000   8
6258000   11
6259000   5
6260000   9
6261000   12
6262000   4
6263000   6
6264000   6
6265000   6
6266000   13
6267000   11
6268000   13
6269000   15
6270000   11
6271000   9
6272000   13
6273000   9
6274000   17
6275000   7
6276000   12
6277000   7
6278000   8
6279000   8
6280000   11
6281000   7
6282000   4
6283000   6
6284000   5
6285000   8
6286000   9
6287000   8
6288000   13
6289000   17
6290000   11
6291000   8
6292000   8
6293000   4
6294000   5
6295000   3
6296000   9
6297000   14
6298000   14
6299000   13
6300000   14
6301000   11
6302000   4
6303000   7
6304000   13
6305000   8
6306000   7
6307000   11
6308000   9
6309000   7
6310000   11
6311000   13
6312000   11
6313000   11
6314000   6
6315000   9
6316000   15
6317000   7
6318000   13
6319000   9
6320000   6
6321000   5
6322000   9
6323000   14
6324000   11
6325000   15
6326000   9
6327000   9
6328000   8
6329000   9
6330000   7
6331000   8
6332000   8
6333000   9
6334000   9
6335000   8
6336000   11
6337000   5
6338000   6
6339000   13
6340000   12
6341000   5
6342000   4
6343000   7
6344000   6
6345000   9
