0 2.89602
1000 2.92062
2000 2.94807
3000 2.97747
4000 3.01018
5000 3.04296
6000 3.08026
7000 3.11985
8000 3.16239
9000 3.20763
10000 3.25279
11000 3.30247
12000 3.35461
13000 3.40882
14000 3.46535
15000 3.52171
16000 3.58254
17000 3.64591
18000 3.71101
19000 3.7773
20000 3.84388
21000 3.91493
22000 3.98741
23000 4.06184
24000 4.13691
25000 4.21124
26000 4.29067
27000 4.3707
28000 4.45215
29000 4.53399
30000 4.61517
31000 4.69931
32000 4.78448
33000 4.87103
34000 4.95736
35000 5.04155
36000 5.12931
37000 5.21749
38000 5.30524
39000 5.3952
40000 5.48204
41000 5.57235
42000 5.66298
43000 5.75545
44000 5.84666
45000 5.93487
46000 6.0274
47000 6.12055
48000 6.21188
49000 6.30362
50000 3.48304
51000 3.52236
52000 3.56358
53000 3.60831
54000 3.65352
55000 3.69773
56000 3.74623
57000 3.79589
58000 3.84642
59000 3.89843
60000 3.95042
61000 4.00488
62000 4.06114
63000 4.11954
64000 4.18011
65000 4.23748
66000 4.29932
67000 4.36184
68000 4.42581
69000 4.4907
70000 4.55528
71000 4.62261
72000 4.69125
73000 4.75936
74000 4.82887
75000 4.89627
76000 4.9671
77000 5.03843
78000 5.11064
79000 5.18433
80000 5.25659
81000 5.32958
82000 5.40409
83000 5.47972
84000 5.55659
85000 5.62915
86000 5.7068
87000 5.78417
88000 5.86292
89000 5.9415
90000 6.01782
91000 6.09675
92000 6.17628
93000 6.2556
94000 6.3347
95000 6.41221
96000 6.49246
97000 6.57376
98000 6.65358
99000 6.73462
100000 3.29919
101000 3.32617
102000 3.35349
103000 3.38391
104000 3.41606
105000 3.44808
106000 3.48308
107000 3.52183
108000 3.56105
109000 3.60298
110000 3.64566
111000 3.69135
112000 3.73803
113000 3.7862
114000 3.83564
115000 3.88519
116000 3.93795
117000 3.99207
118000 4.04737
119000 4.10615
120000 4.16136
121000 4.22001
122000 4.28033
123000 4.34231
124000 4.40602
125000 4.46719
126000 4.53209
127000 4.59903
128000 4.66614
129000 4.73321
130000 4.80027
131000 4.87072
132000 4.94024
133000 5.01012
134000 5.08145
135000 5.15042
136000 5.22374
137000 5.2973
138000 5.37148
139000 5.44649
140000 5.51962
141000 5.59584
142000 5.67229
143000 5.74874
144000 5.82643
145000 5.90157
146000 5.98044
147000 6.05825
148000 6.13744
149000 6.21623
150000 3.43673
151000 3.46948
152000 3.50335
153000 3.53951
154000 3.5756
155000 3.61374
156000 3.65372
157000 3.69613
158000 3.73908
159000 3.78325
160000 3.82704
161000 3.87449
162000 3.92295
163000 3.97222
164000 4.02203
165000 4.0729
166000 4.12626
167000 4.18033
168000 4.23605
169000 4.2914
170000 4.34596
171000 4.40433
172000 4.46293
173000 4.52146
174000 4.58233
175000 4.64161
176000 4.7024
177000 4.76512
178000 4.8282
179000 4.89287
180000 4.95541
181000 5.02105
182000 5.08857
183000 5.15656
184000 5.22452
185000 5.28994
186000 5.35792
187000 5.42802
188000 5.49936
189000 5.5703
190000 5.64009
191000 5.71067
192000 5.78228
193000 5.85388
194000 5.92646
195000 5.99703
196000 6.07085
197000 6.14418
198000 6.21669
199000 6.29105
200000 3.28566
201000 3.31259
202000 3.34048
203000 3.36994
204000 3.40017
205000 3.43143
206000 3.46459
207000 3.49923
208000 3.5349
209000 3.57178
210000 3.60869
211000 3.64834
212000 3.68973
213000 3.73159
214000 3.77593
215000 3.81845
216000 3.86452
217000 3.91094
218000 3.9596
219000 4.00903
220000 4.05822
221000 4.10931
222000 4.16235
223000 4.21587
224000 4.27028
225000 4.32253
226000 4.37862
227000 4.43531
228000 4.49327
229000 4.55228
230000 4.60994
231000 4.6711
232000 4.7326
233000 4.794
234000 4.85674
235000 4.91678
236000 4.98077
237000 5.04456
238000 5.11047
239000 5.17438
240000 5.2381
241000 5.30438
242000 5.37235
243000 5.43917
244000 5.50703
245000 5.57211
246000 5.64076
247000 5.70988
248000 5.77835
249000 5.84769
250000 3.25834
251000 3.28569
252000 3.31387
253000 3.34383
254000 3.37451
255000 3.40542
256000 3.4404
257000 3.47624
258000 3.51306
259000 3.55111
260000 3.58935
261000 3.62967
262000 3.67223
263000 3.71662
264000 3.76176
265000 3.8061
266000 3.85407
267000 3.9031
268000 3.95295
269000 4.00447
270000 4.05567
271000 4.10985
272000 4.16542
273000 4.22138
274000 4.2779
275000 4.3343
276000 4.39318
277000 4.45197
278000 4.51282
279000 4.57284
280000 4.63235
281000 4.69488
282000 4.75844
283000 4.82223
284000 4.88643
285000 4.94998
286000 5.01555
287000 5.08071
288000 5.1464
289000 5.21373
290000 5.27935
291000 5.34554
292000 5.41308
293000 5.48117
294000 5.54891
295000 5.61439
296000 5.68296
297000 5.75109
298000 5.81827
299000 5.88569
300000 3.19688
301000 3.22245
302000 3.24828
303000 3.27563
304000 3.30487
305000 3.33507
306000 3.3669
307000 3.39985
308000 3.43374
309000 3.46881
310000 3.50401
311000 3.54164
312000 3.58116
313000 3.61992
314000 3.66123
315000 3.70227
316000 3.74521
317000 3.78894
318000 3.83368
319000 3.88004
320000 3.92567
321000 3.97299
322000 4.02153
323000 4.06991
324000 4.12013
325000 4.17003
326000 4.22195
327000 4.27512
328000 4.3282
329000 4.38271
330000 4.435
331000 4.4906
332000 4.54671
333000 4.60347
334000 4.66103
335000 4.71607
336000 4.77357
337000 4.83074
338000 4.88925
339000 4.94863
340000 5.00654
341000 5.06676
342000 5.12716
343000 5.1877
344000 5.24888
345000 5.30822
346000 5.36879
347000 5.42924
348000 5.48995
349000 5.55092
350000 3.10243
351000 3.123
352000 3.14479
353000 3.16759
354000 3.19195
355000 3.21722
356000 3.24465
357000 3.27321
358000 3.30303
359000 3.33411
360000 3.36552
361000 3.40054
362000 3.43621
363000 3.47253
364000 3.51024
365000 3.54683
366000 3.58747
367000 3.62837
368000 3.67146
369000 3.71505
370000 3.75859
371000 3.80436
372000 3.85047
373000 3.89867
374000 3.94756
375000 3.9946
376000 4.04541
377000 4.09734
378000 4.14942
379000 4.20311
380000 4.25554
381000 4.30986
382000 4.36502
383000 4.42122
384000 4.47753
385000 4.53328
386000 4.59023
387000 4.64722
388000 4.70653
389000 4.76606
390000 4.82502
391000 4.88621
392000 4.94809
393000 5.01062
394000 5.07322
395000 5.13449
396000 5.1984
397000 5.26287
398000 5.32695
399000 5.39153
400000 3.02894
401000 3.05211
402000 3.07612
403000 3.10206
404000 3.12895
405000 3.15616
406000 3.18646
407000 3.21771
408000 3.25038
409000 3.28364
410000 3.31723
411000 3.3534
412000 3.39077
413000 3.42914
414000 3.46836
415000 3.50774
416000 3.54948
417000 3.59243
418000 3.63663
419000 3.68144
420000 3.72499
421000 3.77177
422000 3.81857
423000 3.86702
424000 3.91632
425000 3.96438
426000 4.01418
427000 4.06493
428000 4.11626
429000 4.16849
430000 4.22078
431000 4.27474
432000 4.32964
433000 4.38485
434000 4.4404
435000 4.49492
436000 4.55016
437000 4.60627
438000 4.66322
439000 4.72025
440000 4.77604
441000 4.83431
442000 4.89403
443000 4.95294
444000 5.01239
445000 5.06836
446000 5.12802
447000 5.18746
448000 5.24817
449000 5.30865
450000 2.97158
451000 2.99042
452000 3.01064
453000 3.03198
454000 3.05489
455000 3.07808
456000 3.10304
457000 3.12977
458000 3.15827
459000 3.18792
460000 3.21753
461000 3.24949
462000 3.28249
463000 3.31704
464000 3.35306
465000 3.38897
466000 3.42661
467000 3.46629
468000 3.50697
469000 3.54858
470000 3.5891
471000 3.63191
472000 3.67555
473000 3.72051
474000 3.76698
475000 3.81223
476000 3.8596
477000 3.90802
478000 3.9576
479000 4.00759
480000 4.05624
481000 4.1079
482000 4.16043
483000 4.2132
484000 4.26689
485000 4.3193
486000 4.37428
487000 4.42962
488000 4.48552
489000 4.54117
490000 4.59611
491000 4.65179
492000 4.70819
493000 4.76547
494000 4.82349
495000 4.88031
496000 4.93906
497000 4.99635
498000 5.05458
499000 5.11442
500000 2.9354
501000 2.95422
502000 2.97477
503000 2.99618
504000 3.01869
505000 3.04111
506000 3.06609
507000 3.09201
508000 3.11962
509000 3.14803
510000 3.17673
511000 3.20786
512000 3.24044
513000 3.274
514000 3.3089
515000 3.34283
516000 3.37944
517000 3.41712
518000 3.4562
519000 3.49473
520000 3.53432
521000 3.57462
522000 3.6168
523000 3.66022
524000 3.70484
525000 3.74802
526000 3.79386
527000 3.84095
528000 3.88841
529000 3.93665
530000 3.98359
531000 4.03303
532000 4.08234
533000 4.13264
534000 4.18464
535000 4.23524
536000 4.28845
537000 4.34203
538000 4.39491
539000 4.44908
540000 4.50276
541000 4.55791
542000 4.6134
543000 4.66922
544000 4.72585
545000 4.78099
546000 4.83853
547000 4.89539
548000 4.95331
549000 5.01089
550000 2.86799
551000 2.8854
552000 2.9042
553000 2.92478
554000 2.94634
555000 2.96844
556000 2.99284
557000 3.01868
558000 3.0453
559000 3.07341
560000 3.10156
561000 3.13269
562000 3.16493
563000 3.19843
564000 3.23276
565000 3.26652
566000 3.30332
567000 3.34135
568000 3.37966
569000 3.41976
570000 3.45923
571000 3.50126
572000 3.5439
573000 3.58724
574000 3.63127
575000 3.67478
576000 3.72103
577000 3.76833
578000 3.81543
579000 3.86363
580000 3.91152
581000 3.96023
582000 4.01084
583000 4.06177
584000 4.11263
585000 4.16334
586000 4.21639
587000 4.26975
588000 4.32381
589000 4.37807
590000 4.43082
591000 4.48533
592000 4.54061
593000 4.59445
594000 4.65066
595000 4.70443
596000 4.76093
597000 4.8177
598000 4.87442
599000 4.93132
600000 2.82072
601000 2.83819
602000 2.85627
603000 2.87596
604000 2.89617
605000 2.91719
606000 2.94048
607000 2.96477
608000 2.99096
609000 3.01767
610000 3.04427
611000 3.07441
612000 3.10535
613000 3.13757
614000 3.17048
615000 3.20331
616000 3.23845
617000 3.27519
618000 3.31284
619000 3.35127
620000 3.38929
621000 3.42982
622000 3.47118
623000 3.51311
624000 3.55633
625000 3.59917
626000 3.64358
627000 3.68958
628000 3.73641
629000 3.78387
630000 3.8293
631000 3.87746
632000 3.92715
633000 3.97752
634000 4.02798
635000 4.07806
636000 4.13029
637000 4.1819
638000 4.23521
639000 4.28883
640000 4.34055
641000 4.39483
642000 4.44894
643000 4.50428
644000 4.5601
645000 4.61433
646000 4.67062
647000 4.72726
648000 4.78377
649000 4.84106
650000 2.72781
651000 2.74484
652000 2.76317
653000 2.78286
654000 2.80389
655000 2.82506
656000 2.84867
657000 2.87281
658000 2.89927
659000 2.92699
660000 2.95423
661000 2.98449
662000 3.01579
663000 3.04845
664000 3.08209
665000 3.11553
666000 3.15194
667000 3.18947
668000 3.22712
669000 3.26645
670000 3.30517
671000 3.34633
672000 3.38836
673000 3.43124
674000 3.47526
675000 3.51812
676000 3.56418
677000 3.61106
678000 3.65844
679000 3.7067
680000 3.7541
681000 3.8042
682000 3.85397
683000 3.90513
684000 3.9567
685000 4.00741
686000 4.05961
687000 4.11333
688000 4.1677
689000 4.22223
690000 4.27564
691000 4.3311
692000 4.38642
693000 4.4432
694000 4.50037
695000 4.55617
696000 4.6137
697000 4.67175
698000 4.7306
699000 4.78892
700000 2.68812
701000 2.70554
702000 2.72425
703000 2.74426
704000 2.76541
705000 2.78707
706000 2.81069
707000 2.83604
708000 2.8628
709000 2.89092
710000 2.91888
711000 2.94881
712000 2.98042
713000 3.01307
714000 3.04645
715000 3.08049
716000 3.11619
717000 3.1534
718000 3.19191
719000 3.23113
720000 3.27057
721000 3.31216
722000 3.35457
723000 3.3982
724000 3.44248
725000 3.48578
726000 3.53175
727000 3.57748
728000 3.6245
729000 3.67267
730000 3.71993
731000 3.76917
732000 3.81933
733000 3.86917
734000 3.92088
735000 3.97142
736000 4.02417
737000 4.07696
738000 4.13079
739000 4.18425
740000 4.2367
741000 4.29224
742000 4.34693
743000 4.40297
744000 4.458
745000 4.51368
746000 4.57096
747000 4.62845
748000 4.68623
749000 4.7442
750000 2.62108
751000 2.63728
752000 2.65541
753000 2.67492
754000 2.69548
755000 2.71646
756000 2.73944
757000 2.76429
758000 2.78999
759000 2.81672
760000 2.84402
761000 2.87374
762000 2.90447
763000 2.93615
764000 2.96872
765000 3.0016
766000 3.03672
767000 3.0731
768000 3.11018
769000 3.14842
770000 3.18663
771000 3.22717
772000 3.26786
773000 3.31023
774000 3.35304
775000 3.39522
776000 3.44034
777000 3.48556
778000 3.53163
779000 3.57896
780000 3.62515
781000 3.67426
782000 3.72406
783000 3.77451
784000 3.82384
785000 3.87291
786000 3.92516
787000 3.97766
788000 4.03126
789000 4.08498
790000 4.13708
791000 4.19147
792000 4.24714
793000 4.30306
794000 4.35954
795000 4.41485
796000 4.47118
797000 4.52868
798000 4.58647
799000 4.64508
800000 2.58111
801000 2.59805
802000 2.61586
803000 2.6349
804000 2.65553
805000 2.67664
806000 2.70015
807000 2.72492
808000 2.75085
809000 2.77856
810000 2.80609
811000 2.83614
812000 2.86783
813000 2.90029
814000 2.93415
815000 2.96772
816000 3.00403
817000 3.04156
818000 3.07967
819000 3.11917
820000 3.15852
821000 3.19995
822000 3.24233
823000 3.28604
824000 3.3305
825000 3.37492
826000 3.42114
827000 3.46793
828000 3.51602
829000 3.56474
830000 3.61152
831000 3.66142
832000 3.71236
833000 3.76456
834000 3.81705
835000 3.86838
836000 3.92038
837000 3.9748
838000 4.03001
839000 4.08523
840000 4.13634
841000 4.19245
842000 4.24989
843000 4.30766
844000 4.36605
845000 4.42231
846000 4.48078
847000 4.53943
848000 4.59923
849000 4.65807
850000 2.54299
851000 2.55996
852000 2.57819
853000 2.59807
854000 2.61911
855000 2.64074
856000 2.66453
857000 2.68916
858000 2.71601
859000 2.74408
860000 2.77212
861000 2.80242
862000 2.8344
863000 2.86771
864000 2.90118
865000 2.93531
866000 2.97204
867000 3.00951
868000 3.04813
869000 3.08788
870000 3.12737
871000 3.1687
872000 3.21124
873000 3.25442
874000 3.29926
875000 3.34217
876000 3.38861
877000 3.43564
878000 3.48316
879000 3.53077
880000 3.57805
881000 3.6274
882000 3.67824
883000 3.72883
884000 3.78058
885000 3.82996
886000 3.8833
887000 3.93712
888000 3.98971
889000 4.04489
890000 4.09857
891000 4.15479
892000 4.2114
893000 4.2672
894000 4.32471
895000 4.38078
896000 4.43892
897000 4.49792
898000 4.55561
899000 4.61465
900000 2.48811
901000 2.50509
902000 2.52388
903000 2.54366
904000 2.56476
905000 2.5863
906000 2.60946
907000 2.63437
908000 2.6608
909000 2.6885
910000 2.71631
911000 2.74676
912000 2.77855
913000 2.81158
914000 2.84615
915000 2.88034
916000 2.91731
917000 2.95436
918000 2.99351
919000 3.03374
920000 3.07341
921000 3.11548
922000 3.15882
923000 3.20296
924000 3.2481
925000 3.29338
926000 3.34072
927000 3.38914
928000 3.43786
929000 3.48768
930000 3.53643
931000 3.58784
932000 3.6397
933000 3.69279
934000 3.74589
935000 3.79869
936000 3.85283
937000 3.90741
938000 3.96318
939000 4.01955
940000 4.07469
941000 4.13056
942000 4.18816
943000 4.24513
944000 4.30351
945000 4.36038
946000 4.41925
947000 4.47843
948000 4.53823
949000 4.59843
950000 2.45766
951000 2.47487
952000 2.49358
953000 2.5134
954000 2.53456
955000 2.55611
956000 2.57999
957000 2.60465
958000 2.63098
959000 2.65855
960000 2.68599
961000 2.71601
962000 2.74672
963000 2.77917
964000 2.81283
965000 2.84587
966000 2.88058
967000 2.91758
968000 2.95535
969000 2.99423
970000 3.03296
971000 3.07413
972000 3.11579
973000 3.15812
974000 3.20187
975000 3.24497
976000 3.28994
977000 3.33517
978000 3.38212
979000 3.42978
980000 3.47609
981000 3.52462
982000 3.57474
983000 3.62502
984000 3.67571
985000 3.72599
986000 3.77897
987000 3.83256
988000 3.88521
989000 3.93895
990000 3.99065
991000 4.0464
992000 4.10284
993000 4.1597
994000 4.21643
995000 4.27175
996000 4.32862
997000 4.38715
998000 4.44534
999000 4.50429
1000000 2.41537
1001000 2.43246
1002000 2.45106
1003000 2.47112
1004000 2.49231
1005000 2.5143
1006000 2.53863
1007000 2.56435
1008000 2.59112
1009000 2.61921
1010000 2.64762
1011000 2.67846
1012000 2.7104
1013000 2.74363
1014000 2.77791
1015000 2.81236
1016000 2.84938
1017000 2.88725
1018000 2.92668
1019000 2.96681
1020000 3.00689
1021000 3.04904
1022000 3.09245
1023000 3.13666
1024000 3.18174
1025000 3.22679
1026000 3.27378
1027000 3.32136
1028000 3.36976
1029000 3.41929
1030000 3.46839
1031000 3.51973
1032000 3.57195
1033000 3.6245
1034000 3.67788
1035000 3.72974
1036000 3.78458
1037000 3.84025
1038000 3.8955
1039000 3.95229
1040000 4.00784
1041000 4.06491
1042000 4.12246
1043000 4.18009
1044000 4.23894
1045000 4.29625
1046000 4.35536
1047000 4.4151
1048000 4.47499
1049000 4.53559
1050000 2.37949
1051000 2.39686
1052000 2.41579
1053000 2.43579
1054000 2.45706
1055000 2.4788
1056000 2.5028
1057000 2.52859
1058000 2.55551
1059000 2.58334
1060000 2.6117
1061000 2.64285
1062000 2.67554
1063000 2.7095
1064000 2.74413
1065000 2.77939
1066000 2.81644
1067000 2.85462
1068000 2.89427
1069000 2.93486
1070000 2.97505
1071000 3.01761
1072000 3.06142
1073000 3.10654
1074000 3.15179
1075000 3.19722
1076000 3.24483
1077000 3.29316
1078000 3.34211
1079000 3.39204
1080000 3.44147
1081000 3.49305
1082000 3.54519
1083000 3.5983
1084000 3.65202
1085000 3.70498
1086000 3.76015
1087000 3.81502
1088000 3.87107
1089000 3.92748
1090000 3.98108
1091000 4.03882
1092000 4.09574
1093000 4.15337
1094000 4.21162
1095000 4.26882
1096000 4.32822
1097000 4.38794
1098000 4.44834
1099000 4.50811
1100000 2.33494
1101000 2.35221
1102000 2.37035
1103000 2.38972
1104000 2.41061
1105000 2.43129
1106000 2.45482
1107000 2.48001
1108000 2.50645
1109000 2.53412
1110000 2.56208
1111000 2.59224
1112000 2.62389
1113000 2.65672
1114000 2.69132
1115000 2.72583
1116000 2.76232
1117000 2.79966
1118000 2.83843
1119000 2.87846
1120000 2.918
1121000 2.95989
1122000 3.00285
1123000 3.04694
1124000 3.09176
1125000 3.13639
1126000 3.18299
1127000 3.23009
1128000 3.27865
1129000 3.32791
1130000 3.37651
1131000 3.42682
1132000 3.47822
1133000 3.53004
1134000 3.58262
1135000 3.63469
1136000 3.68861
1137000 3.74325
1138000 3.79836
1139000 3.85412
1140000 3.90886
1141000 3.96479
1142000 4.02208
1143000 4.07955
1144000 4.13791
1145000 4.19474
1146000 4.25334
1147000 4.31252
1148000 4.37256
1149000 4.43126
1150000 2.32003
1151000 2.33715
1152000 2.35574
1153000 2.37598
1154000 2.39738
1155000 2.4188
1156000 2.44287
1157000 2.46831
1158000 2.49548
1159000 2.52373
1160000 2.55131
1161000 2.58187
1162000 2.614
1163000 2.64714
1164000 2.68145
1165000 2.71584
1166000 2.75284
1167000 2.79065
1168000 2.8295
1169000 2.86972
1170000 2.90977
1171000 2.95166
1172000 2.99515
1173000 3.03939
1174000 3.08456
1175000 3.12881
1176000 3.1757
1177000 3.22381
1178000 3.27274
1179000 3.32249
1180000 3.37214
1181000 3.42348
1182000 3.47548
1183000 3.52861
1184000 3.58221
1185000 3.63496
1186000 3.6899
1187000 3.7456
1188000 3.80105
1189000 3.85695
1190000 3.91238
1191000 3.9696
1192000 4.02775
1193000 4.0856
1194000 4.14466
1195000 4.20212
1196000 4.26133
1197000 4.32143
1198000 4.38126
1199000 4.44125
1200000 2.29547
1201000 2.31287
1202000 2.33161
1203000 2.35146
1204000 2.37317
1205000 2.39501
1206000 2.41917
1207000 2.44491
1208000 2.47189
1209000 2.49948
1210000 2.52797
1211000 2.55855
1212000 2.59028
1213000 2.62367
1214000 2.65815
1215000 2.69299
1216000 2.72999
1217000 2.76766
1218000 2.80711
1219000 2.84724
1220000 2.88722
1221000 2.92893
1222000 2.97215
1223000 3.0163
1224000 3.06121
1225000 3.10603
1226000 3.15292
1227000 3.19982
1228000 3.24879
1229000 3.29851
1230000 3.34707
1231000 3.39815
1232000 3.44906
1233000 3.5018
1234000 3.55463
1235000 3.60739
1236000 3.66126
1237000 3.71679
1238000 3.77201
1239000 3.82858
1240000 3.88431
1241000 3.94192
1242000 3.99983
1243000 4.05788
1244000 4.11621
1245000 4.17349
1246000 4.23284
1247000 4.29281
1248000 4.35305
1249000 4.41282
1250000 2.28166
1251000 2.2987
1252000 2.31717
1253000 2.33747
1254000 2.35869
1255000 2.38061
1256000 2.40477
1257000 2.43038
1258000 2.45741
1259000 2.48574
1260000 2.51397
1261000 2.54415
1262000 2.57672
1263000 2.61067
1264000 2.64563
1265000 2.68079
1266000 2.71769
1267000 2.75613
1268000 2.7958
1269000 2.83675
1270000 2.87707
1271000 2.92012
1272000 2.9643
1273000 3.00948
1274000 3.05545
1275000 3.10095
1276000 3.14867
1277000 3.19712
1278000 3.24639
1279000 3.29657
1280000 3.3463
1281000 3.39848
1282000 3.45128
1283000 3.50466
1284000 3.5587
1285000 3.61252
1286000 3.66692
1287000 3.72168
1288000 3.77874
1289000 3.83627
1290000 3.89249
1291000 3.95013
1292000 4.00874
1293000 4.06663
1294000 4.12556
1295000 4.18358
1296000 4.24371
1297000 4.3042
1298000 4.36435
1299000 4.42572
1300000 2.23905
1301000 2.25642
1302000 2.27518
1303000 2.29553
1304000 2.31725
1305000 2.33901
1306000 2.36335
1307000 2.38919
1308000 2.41618
1309000 2.4449
1310000 2.47313
1311000 2.50415
1312000 2.5364
1313000 2.56987
1314000 2.60427
1315000 2.63926
1316000 2.67532
1317000 2.71382
1318000 2.75329
1319000 2.79377
1320000 2.83443
1321000 2.87721
1322000 2.92094
1323000 2.96549
1324000 3.01114
1325000 3.05605
1326000 3.10363
1327000 3.15147
1328000 3.19997
1329000 3.25013
1330000 3.29975
1331000 3.35158
1332000 3.40417
1333000 3.45643
1334000 3.51026
1335000 3.5623
1336000 3.61681
1337000 3.67211
1338000 3.72825
1339000 3.78389
1340000 3.83986
1341000 3.89736
1342000 3.95561
1343000 4.01348
1344000 4.07275
1345000 4.13067
1346000 4.18993
1347000 4.25023
1348000 4.31098
1349000 4.37114
1350000 2.21421
1351000 2.23128
1352000 2.24984
1353000 2.2693
1354000 2.29051
1355000 2.31175
1356000 2.33528
1357000 2.36047
1358000 2.38703
1359000 2.41455
1360000 2.44228
1361000 2.47237
1362000 2.50374
1363000 2.53651
1364000 2.57043
1365000 2.60453
1366000 2.64086
1367000 2.67806
1368000 2.71617
1369000 2.75553
1370000 2.79515
1371000 2.83657
1372000 2.87935
1373000 2.92287
1374000 2.96721
1375000 3.01104
1376000 3.05726
1377000 3.1043
1378000 3.15204
1379000 3.20053
1380000 3.24845
1381000 3.29833
1382000 3.3496
1383000 3.40051
1384000 3.45282
1385000 3.50451
1386000 3.55856
1387000 3.61282
1388000 3.6682
1389000 3.72397
1390000 3.77876
1391000 3.83527
1392000 3.89236
1393000 3.94969
1394000 4.00838
1395000 4.06501
1396000 4.12454
1397000 4.18412
1398000 4.24461
1399000 4.30526
1400000 2.19191
1401000 2.2089
1402000 2.22695
1403000 2.24632
1404000 2.26707
1405000 2.28807
1406000 2.31204
1407000 2.33738
1408000 2.36381
1409000 2.39149
1410000 2.41997
1411000 2.45034
1412000 2.48238
1413000 2.51533
1414000 2.54984
1415000 2.58457
1416000 2.62138
1417000 2.65943
1418000 2.69876
1419000 2.73919
1420000 2.7792
1421000 2.82178
1422000 2.86525
1423000 2.90998
1424000 2.95532
1425000 3.00046
1426000 3.04805
1427000 3.09636
1428000 3.14561
1429000 3.19512
1430000 3.24462
1431000 3.29547
1432000 3.34678
1433000 3.39928
1434000 3.45308
1435000 3.5058
1436000 3.56021
1437000 3.61564
1438000 3.67138
1439000 3.72747
1440000 3.78317
1441000 3.83958
1442000 3.89752
1443000 3.95639
1444000 4.01413
1445000 4.07167
1446000 4.13002
1447000 4.18943
1448000 4.24943
1449000 4.30945
1450000 2.17528
1451000 2.19315
1452000 2.21302
1453000 2.23436
1454000 2.25687
1455000 2.27976
1456000 2.3049
1457000 2.33124
1458000 2.35879
1459000 2.38831
1460000 2.41744
1461000 2.44929
1462000 2.48263
1463000 2.51713
1464000 2.55286
1465000 2.58888
1466000 2.62752
1467000 2.6668
1468000 2.70743
1469000 2.74913
1470000 2.79066
1471000 2.83451
1472000 2.87995
1473000 2.92618
1474000 2.97348
1475000 3.02016
1476000 3.06907
1477000 3.11914
1478000 3.17026
1479000 3.22188
1480000 3.2729
1481000 3.32622
1482000 3.3794
1483000 3.43449
1484000 3.48908
1485000 3.54406
1486000 3.60092
1487000 3.65723
1488000 3.71456
1489000 3.77258
1490000 3.82991
1491000 3.88952
1492000 3.94672
1493000 4.00708
1494000 4.06813
1495000 4.12685
1496000 4.18912
1497000 4.25145
1498000 4.3145
1499000 4.3777
1500000 2.15652
1501000 2.17419
1502000 2.19288
1503000 2.21331
1504000 2.23505
1505000 2.25768
1506000 2.28227
1507000 2.30809
1508000 2.33566
1509000 2.36453
1510000 2.39396
1511000 2.42545
1512000 2.45834
1513000 2.49301
1514000 2.52928
1515000 2.5642
1516000 2.60248
1517000 2.64223
1518000 2.68216
1519000 2.72426
1520000 2.76535
1521000 2.80899
1522000 2.85396
1523000 2.90023
1524000 2.94745
1525000 2.99359
1526000 3.04283
1527000 3.0927
1528000 3.14342
1529000 3.19541
1530000 3.2463
1531000 3.29952
1532000 3.35353
1533000 3.4078
1534000 3.46335
1535000 3.51859
1536000 3.57554
1537000 3.63327
1538000 3.69031
1539000 3.7497
1540000 3.80759
1541000 3.86797
1542000 3.92805
1543000 3.98965
1544000 4.05169
1545000 4.11006
1546000 4.17294
1547000 4.23641
1548000 4.30037
1549000 4.36394
1550000 2.15712
1551000 2.17579
1552000 2.19593
1553000 2.21767
1554000 2.2409
1555000 2.26427
1556000 2.28998
1557000 2.31747
1558000 2.34585
1559000 2.37652
1560000 2.40741
1561000 2.44061
1562000 2.47465
1563000 2.51008
1564000 2.54727
1565000 2.58449
1566000 2.62407
1567000 2.66517
1568000 2.70723
1569000 2.75063
1570000 2.79413
1571000 2.83866
1572000 2.88463
1573000 2.93206
1574000 2.97968
1575000 3.02712
1576000 3.07716
1577000 3.12822
1578000 3.18015
1579000 3.23287
1580000 3.28538
1581000 3.33969
1582000 3.39464
1583000 3.44982
1584000 3.50621
1585000 3.56232
1586000 3.62019
1587000 3.67848
1588000 3.73716
1589000 3.79567
1590000 3.8539
1591000 3.91459
1592000 3.97493
1593000 4.03656
1594000 4.09843
1595000 4.15844
1596000 4.22099
1597000 4.28386
1598000 4.34729
1599000 4.41015
1600000 2.12531
1601000 2.14357
1602000 2.16318
1603000 2.18387
1604000 2.20631
1605000 2.22922
1606000 2.25442
1607000 2.28121
1608000 2.30863
1609000 2.33773
1610000 2.36693
1611000 2.39881
1612000 2.43246
1613000 2.46715
1614000 2.50367
1615000 2.53955
1616000 2.5781
1617000 2.61738
1618000 2.65863
1619000 2.70107
1620000 2.74292
1621000 2.78724
1622000 2.83271
1623000 2.87944
1624000 2.92726
1625000 2.97349
1626000 3.02284
1627000 3.07338
1628000 3.12528
1629000 3.17623
1630000 3.22795
1631000 3.28182
1632000 3.33551
1633000 3.39101
1634000 3.44727
1635000 3.50322
1636000 3.55911
1637000 3.61716
1638000 3.6764
1639000 3.73628
1640000 3.79474
1641000 3.85594
1642000 3.91747
1643000 3.9788
1644000 4.04059
1645000 4.10138
1646000 4.16468
1647000 4.22864
1648000 4.29242
1649000 4.35648
1650000 2.11863
1651000 2.13695
1652000 2.15687
1653000 2.17855
1654000 2.20124
1655000 2.22461
1656000 2.25068
1657000 2.27785
1658000 2.30659
1659000 2.33654
1660000 2.36686
1661000 2.39934
1662000 2.43335
1663000 2.46833
1664000 2.50481
1665000 2.54155
1666000 2.58088
1667000 2.6215
1668000 2.66317
1669000 2.70583
1670000 2.74847
1671000 2.79334
1672000 2.83975
1673000 2.88734
1674000 2.93534
1675000 2.98244
1676000 3.03284
1677000 3.08457
1678000 3.13732
1679000 3.19044
1680000 3.24359
1681000 3.29803
1682000 3.35322
1683000 3.41018
1684000 3.46769
1685000 3.52462
1686000 3.58371
1687000 3.64306
1688000 3.70343
1689000 3.76395
1690000 3.8239
1691000 3.88556
1692000 3.9472
1693000 4.00977
1694000 4.07325
1695000 4.13509
1696000 4.19772
1697000 4.26054
1698000 4.32487
1699000 4.38938
1700000 2.09723
1701000 2.11567
1702000 2.13578
1703000 2.1575
1704000 2.18042
1705000 2.20413
1706000 2.23019
1707000 2.25721
1708000 2.28603
1709000 2.31628
1710000 2.34693
1711000 2.38002
1712000 2.41416
1713000 2.44994
1714000 2.48716
1715000 2.52428
1716000 2.56367
1717000 2.60451
1718000 2.64644
1719000 2.6896
1720000 2.7324
1721000 2.77788
1722000 2.82429
1723000 2.87119
1724000 2.91931
1725000 2.96739
1726000 3.01774
1727000 3.06928
1728000 3.12176
1729000 3.17491
1730000 3.22747
1731000 3.2811
1732000 3.33686
1733000 3.39341
1734000 3.45023
1735000 3.50655
1736000 3.56511
1737000 3.62407
1738000 3.68382
1739000 3.74332
1740000 3.80181
1741000 3.86323
1742000 3.92516
1743000 3.98726
1744000 4.04964
1745000 4.11051
1746000 4.17406
1747000 4.23758
1748000 4.30173
1749000 4.36628
1750000 2.0925
1751000 2.11101
1752000 2.13094
1753000 2.152
1754000 2.17447
1755000 2.19771
1756000 2.22307
1757000 2.25022
1758000 2.2791
1759000 2.30939
1760000 2.33952
1761000 2.37265
1762000 2.40692
1763000 2.44273
1764000 2.4796
1765000 2.51671
1766000 2.55645
1767000 2.59733
1768000 2.63911
1769000 2.68176
1770000 2.72531
1771000 2.77087
1772000 2.81688
1773000 2.86457
1774000 2.91321
1775000 2.96101
1776000 3.01152
1777000 3.063
1778000 3.11461
1779000 3.16695
1780000 3.21967
1781000 3.27428
1782000 3.32953
1783000 3.38469
1784000 3.4415
1785000 3.49697
1786000 3.55553
1787000 3.61446
1788000 3.67413
1789000 3.73447
1790000 3.79396
1791000 3.85511
1792000 3.91596
1793000 3.97846
1794000 4.04114
1795000 4.10226
1796000 4.16586
1797000 4.22982
1798000 4.29408
1799000 4.35867
1800000 2.08079
1801000 2.09934
1802000 2.11966
1803000 2.14128
1804000 2.16403
1805000 2.18732
1806000 2.2132
1807000 2.24066
1808000 2.26935
1809000 2.29915
1810000 2.3297
1811000 2.36303
1812000 2.39804
1813000 2.43422
1814000 2.47077
1815000 2.50832
1816000 2.54839
1817000 2.5893
1818000 2.63163
1819000 2.67537
1820000 2.71902
1821000 2.76495
1822000 2.81218
1823000 2.85994
1824000 2.90881
1825000 2.95727
1826000 3.00847
1827000 3.06026
1828000 3.11269
1829000 3.16644
1830000 3.21868
1831000 3.27416
1832000 3.33067
1833000 3.38796
1834000 3.44556
1835000 3.50281
1836000 3.56231
1837000 3.62233
1838000 3.683
1839000 3.74466
1840000 3.80377
1841000 3.86652
1842000 3.92977
1843000 3.99284
1844000 4.05584
1845000 4.11785
1846000 4.18244
1847000 4.24813
1848000 4.31349
1849000 4.37987
1850000 2.06255
1851000 2.08171
1852000 2.10232
1853000 2.12448
1854000 2.14798
1855000 2.17227
1856000 2.19876
1857000 2.22678
1858000 2.25605
1859000 2.28695
1860000 2.31798
1861000 2.35177
1862000 2.38704
1863000 2.42277
1864000 2.46079
1865000 2.498
1866000 2.53856
1867000 2.58042
1868000 2.62349
1869000 2.66762
1870000 2.71203
1871000 2.75767
1872000 2.80487
1873000 2.85314
1874000 2.90225
1875000 2.95068
1876000 3.00165
1877000 3.05374
1878000 3.10644
1879000 3.16056
1880000 3.21432
1881000 3.27012
1882000 3.32681
1883000 3.38332
1884000 3.43996
1885000 3.49717
1886000 3.55603
1887000 3.61603
1888000 3.67644
1889000 3.73637
1890000 3.79621
1891000 3.85793
1892000 3.92074
1893000 3.98379
1894000 4.04682
1895000 4.10793
1896000 4.1721
1897000 4.23616
1898000 4.30032
1899000 4.36588
1900000 2.04565
1901000 2.06408
1902000 2.08343
1903000 2.10478
1904000 2.12754
1905000 2.15028
1906000 2.17582
1907000 2.20225
1908000 2.23041
1909000 2.26033
1910000 2.29096
1911000 2.32367
1912000 2.35789
1913000 2.3934
1914000 2.43026
1915000 2.4675
1916000 2.50675
1917000 2.54715
1918000 2.58905
1919000 2.63205
1920000 2.6748
1921000 2.72015
1922000 2.76639
1923000 2.813
1924000 2.86105
1925000 2.90869
1926000 2.9587
1927000 3.00906
1928000 3.06085
1929000 3.11362
1930000 3.16574
1931000 3.22055
1932000 3.27472
1933000 3.3307
1934000 3.38776
1935000 3.44392
1936000 3.50258
1937000 3.56189
1938000 3.62146
1939000 3.68042
1940000 3.73908
1941000 3.80025
1942000 3.86213
1943000 3.92509
1944000 3.98839
1945000 4.04996
1946000 4.11421
1947000 4.17843
1948000 4.24184
1949000 4.30617
1950000 2.05197
1951000 2.07126
1952000 2.09194
1953000 2.11394
1954000 2.13774
1955000 2.16134
1956000 2.18837
1957000 2.21611
1958000 2.24545
1959000 2.27619
1960000 2.3079
1961000 2.3422
1962000 2.37774
1963000 2.41463
1964000 2.45265
1965000 2.49121
1966000 2.53179
1967000 2.57307
1968000 2.61602
1969000 2.66056
1970000 2.70515
1971000 2.7519
1972000 2.79875
1973000 2.84771
1974000 2.89767
1975000 2.94689
1976000 2.99874
1977000 3.05151
1978000 3.10504
1979000 3.15962
1980000 3.2138
1981000 3.26985
1982000 3.32552
1983000 3.38332
1984000 3.44193
1985000 3.49923
1986000 3.55914
1987000 3.61988
1988000 3.68104
1989000 3.74265
1990000 3.80295
1991000 3.86553
1992000 3.92885
1993000 3.99046
1994000 4.05423
1995000 4.11713
1996000 4.18123
1997000 4.24646
1998000 4.31167
1999000 4.37745
2000000 2.03491
2001000 2.05366
2002000 2.07375
2003000 2.09548
2004000 2.11886
2005000 2.1426
2006000 2.16868
2007000 2.19606
2008000 2.22534
2009000 2.25539
2010000 2.28566
2011000 2.31889
2012000 2.35362
2013000 2.38967
2014000 2.42705
2015000 2.46492
2016000 2.50494
2017000 2.54646
2018000 2.58887
2019000 2.63232
2020000 2.67511
2021000 2.72082
2022000 2.76795
2023000 2.81594
2024000 2.86472
2025000 2.91379
2026000 2.96497
2027000 3.01694
2028000 3.07003
2029000 3.12405
2030000 3.17691
2031000 3.23217
2032000 3.28872
2033000 3.34613
2034000 3.40412
2035000 3.46015
2036000 3.51946
2037000 3.57851
2038000 3.63917
2039000 3.70066
2040000 3.76131
2041000 3.82394
2042000 3.88494
2043000 3.94849
2044000 4.01144
2045000 4.07389
2046000 4.13783
2047000 4.20072
2048000 4.26549
2049000 4.33117
2050000 2.03609
2051000 2.05497
2052000 2.07511
2053000 2.09702
2054000 2.12014
2055000 2.14376
2056000 2.16984
2057000 2.19722
2058000 2.22633
2059000 2.25656
2060000 2.2873
2061000 2.32064
2062000 2.35536
2063000 2.39141
2064000 2.42877
2065000 2.46651
2066000 2.50609
2067000 2.54668
2068000 2.5882
2069000 2.63107
2070000 2.67359
2071000 2.71846
2072000 2.76427
2073000 2.8118
2074000 2.86021
2075000 2.90745
2076000 2.95714
2077000 3.00821
2078000 3.06008
2079000 3.11225
2080000 3.16349
2081000 3.21745
2082000 3.2726
2083000 3.32763
2084000 3.38388
2085000 3.43974
2086000 3.49794
2087000 3.55686
2088000 3.6164
2089000 3.67649
2090000 3.73592
2091000 3.79631
2092000 3.85821
2093000 3.92026
2094000 3.98269
2095000 4.04398
2096000 4.10728
2097000 4.1695
2098000 4.23298
2099000 4.29718
2100000 2.01449
2101000 2.03315
2102000 2.05321
2103000 2.07481
2104000 2.09777
2105000 2.12093
2106000 2.147
2107000 2.17463
2108000 2.20271
2109000 2.23309
2110000 2.26357
2111000 2.29713
2112000 2.33177
2113000 2.36765
2114000 2.40519
2115000 2.44295
2116000 2.48301
2117000 2.524
2118000 2.56652
2119000 2.61044
2120000 2.6546
2121000 2.70084
2122000 2.74786
2123000 2.79655
2124000 2.84565
2125000 2.89457
2126000 2.94622
2127000 2.99891
2128000 3.0523
2129000 3.106
2130000 3.15932
2131000 3.214
2132000 3.27129
2133000 3.32915
2134000 3.38726
2135000 3.4437
2136000 3.50358
2137000 3.56445
2138000 3.6261
2139000 3.68778
2140000 3.7473
2141000 3.81022
2142000 3.87409
2143000 3.93772
2144000 4.00189
2145000 4.06502
2146000 4.12994
2147000 4.19565
2148000 4.26071
2149000 4.32689
2150000 2.00128
2151000 2.02006
2152000 2.04028
2153000 2.06185
2154000 2.08396
2155000 2.10732
2156000 2.13338
2157000 2.16063
2158000 2.18969
2159000 2.21994
2160000 2.25075
2161000 2.28346
2162000 2.31744
2163000 2.3533
2164000 2.39057
2165000 2.42831
2166000 2.46847
2167000 2.50974
2168000 2.55212
2169000 2.59603
2170000 2.6395
2171000 2.68561
2172000 2.73154
2173000 2.77899
2174000 2.82821
2175000 2.87718
2176000 2.92835
2177000 2.98083
2178000 3.0342
2179000 3.08847
2180000 3.14169
2181000 3.19776
2182000 3.25278
2183000 3.31032
2184000 3.36815
2185000 3.42565
2186000 3.48546
2187000 3.54451
2188000 3.60504
2189000 3.66696
2190000 3.72758
2191000 3.7901
2192000 3.85341
2193000 3.91715
2194000 3.98073
2195000 4.0433
2196000 4.10797
2197000 4.17347
2198000 4.23903
2199000 4.30485
2200000 1.99745
2201000 2.01616
2202000 2.0364
2203000 2.05832
2204000 2.08187
2205000 2.10523
2206000 2.13127
2207000 2.15884
2208000 2.18789
2209000 2.21865
2210000 2.24959
2211000 2.28322
2212000 2.31815
2213000 2.35473
2214000 2.39258
2215000 2.4302
2216000 2.46992
2217000 2.51175
2218000 2.55447
2219000 2.59838
2220000 2.64235
2221000 2.68761
2222000 2.73479
2223000 2.78293
2224000 2.83211
2225000 2.88088
2226000 2.93144
2227000 2.98319
2228000 3.03606
2229000 3.08928
2230000 3.14234
2231000 3.19772
2232000 3.25242
2233000 3.3088
2234000 3.36677
2235000 3.42374
2236000 3.48306
2237000 3.54308
2238000 3.60377
2239000 3.66478
2240000 3.72371
2241000 3.78469
2242000 3.84725
2243000 3.90982
2244000 3.97367
2245000 4.0363
2246000 4.10103
2247000 4.16614
2248000 4.23187
2249000 4.29699
2250000 1.98869
2251000 2.00807
2252000 2.0289
2253000 2.05116
2254000 2.07461
2255000 2.09857
2256000 2.12515
2257000 2.15269
2258000 2.18236
2259000 2.21293
2260000 2.24458
2261000 2.27804
2262000 2.31321
2263000 2.34995
2264000 2.38796
2265000 2.42653
2266000 2.46699
2267000 2.50873
2268000 2.55195
2269000 2.59582
2270000 2.63979
2271000 2.6862
2272000 2.73362
2273000 2.78208
2274000 2.83179
2275000 2.88073
2276000 2.93182
2277000 2.98439
2278000 3.03792
2279000 3.09239
2280000 3.14547
2281000 3.20043
2282000 3.25717
2283000 3.31362
2284000 3.37219
2285000 3.42883
2286000 3.48858
2287000 3.54857
2288000 3.60956
2289000 3.66913
2290000 3.72821
2291000 3.79084
2292000 3.85414
2293000 3.91755
2294000 3.98183
2295000 4.04457
2296000 4.109
2297000 4.17337
2298000 4.23921
2299000 4.30556
2300000 1.99693
2301000 2.01647
2302000 2.03736
2303000 2.05973
2304000 2.08327
2305000 2.10781
2306000 2.13471
2307000 2.16268
2308000 2.19235
2309000 2.22354
2310000 2.25512
2311000 2.28925
2312000 2.3246
2313000 2.36198
2314000 2.39986
2315000 2.43812
2316000 2.47856
2317000 2.52047
2318000 2.5637
2319000 2.60795
2320000 2.652
2321000 2.69739
2322000 2.745
2323000 2.79389
2324000 2.84325
2325000 2.89302
2326000 2.94475
2327000 2.9977
2328000 3.05176
2329000 3.10645
2330000 3.16042
2331000 3.21594
2332000 3.27275
2333000 3.33093
2334000 3.38968
2335000 3.44785
2336000 3.50828
2337000 3.56837
2338000 3.62949
2339000 3.69152
2340000 3.75231
2341000 3.81444
2342000 3.87796
2343000 3.9426
2344000 4.00724
2345000 4.07095
2346000 4.13648
2347000 4.20249
2348000 4.26927
2349000 4.33599
2350000 1.98567
2351000 2.0049
2352000 2.02565
2353000 2.04762
2354000 2.07116
2355000 2.09542
2356000 2.12206
2357000 2.15053
2358000 2.18043
2359000 2.2119
2360000 2.24354
2361000 2.27792
2362000 2.31382
2363000 2.35095
2364000 2.38998
2365000 2.42903
2366000 2.47051
2367000 2.51321
2368000 2.55733
2369000 2.60264
2370000 2.6478
2371000 2.69549
2372000 2.74371
2373000 2.79333
2374000 2.84437
2375000 2.89445
2376000 2.94765
2377000 3.00155
2378000 3.05667
2379000 3.11145
2380000 3.16645
2381000 3.22432
2382000 3.28241
2383000 3.34173
2384000 3.40186
2385000 3.46089
2386000 3.52194
2387000 3.58439
2388000 3.64712
2389000 3.71115
2390000 3.77405
2391000 3.83809
2392000 3.90371
2393000 3.96958
2394000 4.03623
2395000 4.10093
2396000 4.1672
2397000 4.23526
2398000 4.30312
2399000 4.37165
2400000 1.97651
2401000 1.99598
2402000 2.01719
2403000 2.03986
2404000 2.06403
2405000 2.08882
2406000 2.11621
2407000 2.14531
2408000 2.17579
2409000 2.20718
2410000 2.23932
2411000 2.27437
2412000 2.31092
2413000 2.34915
2414000 2.38814
2415000 2.42781
2416000 2.46992
2417000 2.51343
2418000 2.55823
2419000 2.60413
2420000 2.64992
2421000 2.69818
2422000 2.748
2423000 2.79908
2424000 2.85142
2425000 2.90355
2426000 2.95671
2427000 3.01202
2428000 3.06744
2429000 3.1246
2430000 3.18096
2431000 3.23948
2432000 3.29926
2433000 3.35955
2434000 3.42054
2435000 3.4808
2436000 3.54355
2437000 3.60585
2438000 3.66937
2439000 3.73392
2440000 3.79724
2441000 3.86195
2442000 3.92527
2443000 3.9912
2444000 4.05699
2445000 4.12128
2446000 4.18724
2447000 4.25444
2448000 4.32279
2449000 4.39119
2450000 1.99087
2451000 2.01008
2452000 2.03082
2453000 2.05327
2454000 2.07688
2455000 2.10172
2456000 2.12846
2457000 2.157
2458000 2.18712
2459000 2.21871
2460000 2.25101
2461000 2.28575
2462000 2.32178
2463000 2.35918
2464000 2.39827
2465000 2.43727
2466000 2.47854
2467000 2.52138
2468000 2.56555
2469000 2.61068
2470000 2.65624
2471000 2.70372
2472000 2.75209
2473000 2.80179
2474000 2.85281
2475000 2.90327
2476000 2.95621
2477000 3.00987
2478000 3.0649
2479000 3.12107
2480000 3.17623
2481000 3.23398
2482000 3.29248
2483000 3.35167
2484000 3.41106
2485000 3.47024
2486000 3.53205
2487000 3.59415
2488000 3.65721
2489000 3.72067
2490000 3.78289
2491000 3.84768
2492000 3.91244
2493000 3.97768
2494000 4.04426
2495000 4.10916
2496000 4.17682
2497000 4.24445
2498000 4.31223
2499000 4.38104
2500000 1.99234
2501000 2.01242
2502000 2.03426
2503000 2.05765
2504000 2.08249
2505000 2.10806
2506000 2.13602
2507000 2.1653
2508000 2.19652
2509000 2.22928
2510000 2.26249
2511000 2.29836
2512000 2.33576
2513000 2.37409
2514000 2.41372
2515000 2.45404
2516000 2.49676
2517000 2.54091
2518000 2.58633
2519000 2.63277
2520000 2.67873
2521000 2.72734
2522000 2.77733
2523000 2.82845
2524000 2.88109
2525000 2.93316
2526000 2.98654
2527000 3.04215
2528000 3.09759
2529000 3.15409
2530000 3.21035
2531000 3.26928
2532000 3.32945
2533000 3.38987
2534000 3.45052
2535000 3.51122
2536000 3.57358
2537000 3.63663
2538000 3.70068
2539000 3.76463
2540000 3.82664
2541000 3.89228
2542000 3.9578
2543000 4.02332
2544000 4.09014
2545000 4.15587
2546000 4.2237
2547000 4.29143
2548000 4.3604
2549000 4.42959
2550000 2.01759
2551000 2.03776
2552000 2.05974
2553000 2.08296
2554000 2.10792
2555000 2.13337
2556000 2.16071
2557000 2.18989
2558000 2.22079
2559000 2.25343
2560000 2.28622
2561000 2.32201
2562000 2.35922
2563000 2.3979
2564000 2.43727
2565000 2.47669
2566000 2.51947
2567000 2.5634
2568000 2.60906
2569000 2.65545
2570000 2.70202
2571000 2.75136
2572000 2.80172
2573000 2.85318
2574000 2.90533
2575000 2.95698
2576000 3.01092
2577000 3.06644
2578000 3.12256
2579000 3.17922
2580000 3.23596
2581000 3.29449
2582000 3.35408
2583000 3.41428
2584000 3.47597
2585000 3.53572
2586000 3.59908
2587000 3.66235
2588000 3.72707
2589000 3.79245
2590000 3.85671
2591000 3.9227
2592000 3.98938
2593000 4.05712
2594000 4.125
2595000 4.19154
2596000 4.2603
2597000 4.32973
2598000 4.39843
2599000 4.46766
2600000 2.00089
2601000 2.02127
2602000 2.04262
2603000 2.06558
2604000 2.09039
2605000 2.11569
2606000 2.14354
2607000 2.1727
2608000 2.20391
2609000 2.23689
2610000 2.2694
2611000 2.3054
2612000 2.34234
2613000 2.38139
2614000 2.42166
2615000 2.462
2616000 2.50551
2617000 2.55027
2618000 2.59614
2619000 2.6438
2620000 2.69135
2621000 2.74128
2622000 2.79243
2623000 2.84478
2624000 2.89776
2625000 2.94982
2626000 3.00474
2627000 3.06073
2628000 3.11814
2629000 3.17569
2630000 3.23334
2631000 3.29339
2632000 3.35405
2633000 3.41588
2634000 3.47872
2635000 3.54024
2636000 3.60448
2637000 3.66866
2638000 3.73346
2639000 3.79866
2640000 3.86319
2641000 3.92867
2642000 3.99654
2643000 4.06519
2644000 4.13449
2645000 4.20059
2646000 4.27054
2647000 4.34064
2648000 4.41162
2649000 4.48182
2650000 2.00182
2651000 2.02304
2652000 2.04564
2653000 2.07002
2654000 2.09597
2655000 2.12263
2656000 2.15153
2657000 2.18284
2658000 2.21538
2659000 2.24963
2660000 2.28457
2661000 2.32184
2662000 2.36067
2663000 2.40077
2664000 2.44195
2665000 2.48437
2666000 2.52923
2667000 2.57537
2668000 2.62268
2669000 2.67099
2670000 2.71951
2671000 2.77069
2672000 2.82214
2673000 2.87513
2674000 2.92951
2675000 2.98305
2676000 3.0387
2677000 3.09382
2678000 3.15186
2679000 3.2109
2680000 3.26922
2681000 3.32956
2682000 3.39146
2683000 3.45389
2684000 3.51725
2685000 3.57987
2686000 3.64454
2687000 3.70971
2688000 3.7745
2689000 3.84091
2690000 3.90522
2691000 3.97288
2692000 4.04083
2693000 4.10951
2694000 4.17849
2695000 4.24583
2696000 4.31572
2697000 4.38444
2698000 4.45513
2699000 4.52577
2700000 1.98685
2701000 2.00682
2702000 2.02831
2703000 2.05139
2704000 2.07579
2705000 2.1012
2706000 2.12894
2707000 2.1585
2708000 2.18953
2709000 2.22191
2710000 2.25462
2711000 2.29029
2712000 2.32747
2713000 2.3665
2714000 2.40695
2715000 2.44749
2716000 2.49086
2717000 2.53522
2718000 2.58114
2719000 2.62768
2720000 2.67442
2721000 2.72347
2722000 2.77441
2723000 2.82661
2724000 2.87957
2725000 2.93209
2726000 2.98734
2727000 3.04363
2728000 3.09987
2729000 3.15727
2730000 3.21477
2731000 3.27462
2732000 3.3355
2733000 3.39721
2734000 3.45902
2735000 3.52057
2736000 3.5847
2737000 3.64943
2738000 3.71299
2739000 3.77916
2740000 3.84367
2741000 3.90981
2742000 3.97801
2743000 4.04606
2744000 4.11465
2745000 4.18189
2746000 4.25056
2747000 4.32111
2748000 4.3912
2749000 4.46163
2750000 2.01194
2751000 2.03332
2752000 2.05618
2753000 2.0807
2754000 2.10668
2755000 2.13317
2756000 2.16219
2757000 2.19262
2758000 2.22461
2759000 2.25866
2760000 2.29318
2761000 2.32961
2762000 2.36772
2763000 2.40724
2764000 2.44835
2765000 2.48937
2766000 2.53283
2767000 2.5782
2768000 2.62454
2769000 2.67203
2770000 2.71965
2771000 2.77006
2772000 2.82154
2773000 2.87341
2774000 2.92704
2775000 2.97966
2776000 3.03521
2777000 3.09118
2778000 3.1491
2779000 3.20709
2780000 3.26536
2781000 3.32564
2782000 3.38713
2783000 3.44933
2784000 3.51236
2785000 3.57411
2786000 3.63842
2787000 3.70311
2788000 3.76864
2789000 3.83494
2790000 3.89977
2791000 3.96695
2792000 4.03471
2793000 4.10276
2794000 4.17039
2795000 4.2357
2796000 4.30429
2797000 4.37387
2798000 4.44322
2799000 4.51224
2800000 2.00288
2801000 2.02342
2802000 2.04536
2803000 2.06882
2804000 2.09402
2805000 2.11945
2806000 2.14761
2807000 2.17715
2808000 2.20882
2809000 2.24227
2810000 2.27626
2811000 2.3121
2812000 2.35008
2813000 2.38913
2814000 2.4297
2815000 2.47064
2816000 2.51372
2817000 2.55858
2818000 2.60401
2819000 2.6512
2820000 2.69833
2821000 2.74745
2822000 2.79833
2823000 2.84933
2824000 2.90223
2825000 2.95419
2826000 3.00857
2827000 3.06397
2828000 3.12032
2829000 3.17746
2830000 3.23427
2831000 3.29374
2832000 3.3537
2833000 3.41361
2834000 3.47549
2835000 3.53672
2836000 3.59943
2837000 3.66304
2838000 3.72802
2839000 3.79356
2840000 3.85847
2841000 3.92548
2842000 3.99276
2843000 4.06079
2844000 4.129
2845000 4.19591
2846000 4.2649
2847000 4.33394
2848000 4.40227
2849000 4.47243
2850000 2.01375
2851000 2.03502
2852000 2.05758
2853000 2.08156
2854000 2.10749
2855000 2.13395
2856000 2.16276
2857000 2.19317
2858000 2.22514
2859000 2.25886
2860000 2.29294
2861000 2.32956
2862000 2.36754
2863000 2.407
2864000 2.44799
2865000 2.48912
2866000 2.5324
2867000 2.57728
2868000 2.62352
2869000 2.67114
2870000 2.71814
2871000 2.76757
2872000 2.81836
2873000 2.87027
2874000 2.92333
2875000 2.97547
2876000 3.03074
2877000 3.08688
2878000 3.14378
2879000 3.20208
2880000 3.25748
2881000 3.31753
2882000 3.37822
2883000 3.44005
2884000 3.5022
2885000 3.56349
2886000 3.62742
2887000 3.69184
2888000 3.75719
2889000 3.82336
2890000 3.8883
2891000 3.95558
2892000 4.02228
2893000 4.09073
2894000 4.15893
2895000 4.22591
2896000 4.29526
2897000 4.36414
2898000 4.43462
2899000 4.50403
2900000 2.00739
2901000 2.02876
2902000 2.05132
2903000 2.0756
2904000 2.1015
2905000 2.12839
2906000 2.15698
2907000 2.18759
2908000 2.22031
2909000 2.25469
2910000 2.28901
2911000 2.3265
2912000 2.36529
2913000 2.4057
2914000 2.44779
2915000 2.48995
2916000 2.53468
2917000 2.58122
2918000 2.62895
2919000 2.67805
2920000 2.72666
2921000 2.77764
2922000 2.83035
2923000 2.88295
2924000 2.93761
2925000 2.99208
2926000 3.04873
2927000 3.10623
2928000 3.16521
2929000 3.22524
2930000 3.28422
2931000 3.34572
2932000 3.40793
2933000 3.4707
2934000 3.5345
2935000 3.59642
2936000 3.66173
2937000 3.72719
2938000 3.79385
2939000 3.86035
2940000 3.92528
2941000 3.99279
2942000 4.0619
2943000 4.13112
2944000 4.20108
2945000 4.26786
2946000 4.33795
2947000 4.40937
2948000 4.47943
2949000 4.55104
2950000 2.01484
2951000 2.03585
2952000 2.05857
2953000 2.08296
2954000 2.10863
2955000 2.13493
2956000 2.16396
2957000 2.19453
2958000 2.22639
2959000 2.25947
2960000 2.29358
2961000 2.33041
2962000 2.36822
2963000 2.40795
2964000 2.44921
2965000 2.49049
2966000 2.53456
2967000 2.57971
2968000 2.62594
2969000 2.67339
2970000 2.72068
2971000 2.7708
2972000 2.82173
2973000 2.87417
2974000 2.92775
2975000 2.98072
2976000 3.03645
2977000 3.09297
2978000 3.14885
2979000 3.20675
2980000 3.26478
2981000 3.32542
2982000 3.38651
2983000 3.44863
2984000 3.51038
2985000 3.57196
2986000 3.63636
2987000 3.70175
2988000 3.76755
2989000 3.83404
2990000 3.89888
2991000 3.96604
2992000 4.03426
2993000 4.10281
2994000 4.17068
2995000 4.23795
2996000 4.30733
2997000 4.37691
2998000 4.44657
2999000 4.517
3000000 2.0188
3001000 2.04011
3002000 2.06293
3003000 2.08718
3004000 2.11301
3005000 2.13923
3006000 2.16813
3007000 2.19846
3008000 2.23044
3009000 2.26366
3010000 2.29747
3011000 2.33414
3012000 2.37228
3013000 2.41198
3014000 2.45287
3015000 2.4947
3016000 2.53845
3017000 2.58349
3018000 2.6295
3019000 2.67706
3020000 2.72441
3021000 2.77443
3022000 2.82564
3023000 2.87812
3024000 2.93165
3025000 2.98444
3026000 3.03985
3027000 3.09522
3028000 3.15272
3029000 3.21016
3030000 3.26749
3031000 3.32736
3032000 3.38816
3033000 3.44994
3034000 3.51082
3035000 3.57153
3036000 3.63302
3037000 3.69701
3038000 3.76143
3039000 3.82709
3040000 3.89102
3041000 3.95816
3042000 4.02495
3043000 4.09219
3044000 4.15917
3045000 4.22635
3046000 4.29602
3047000 4.36564
3048000 4.43578
3049000 4.50626
3050000 2.008
3051000 2.0293
3052000 2.05214
3053000 2.07659
3054000 2.10309
3055000 2.13011
3056000 2.15989
3057000 2.19143
3058000 2.22488
3059000 2.25974
3060000 2.29544
3061000 2.33311
3062000 2.37264
3063000 2.41375
3064000 2.45585
3065000 2.4987
3066000 2.54426
3067000 2.59089
3068000 2.6386
3069000 2.6878
3070000 2.73692
3071000 2.78883
3072000 2.8418
3073000 2.89529
3074000 2.94963
3075000 3.004
3076000 3.06113
3077000 3.1184
3078000 3.1775
3079000 3.23748
3080000 3.29678
3081000 3.35839
3082000 3.42107
3083000 3.48448
3084000 3.54858
3085000 3.61049
3086000 3.67601
3087000 3.74203
3088000 3.80897
3089000 3.8761
3090000 3.93996
3091000 4.00827
3092000 4.0762
3093000 4.14538
3094000 4.2153
3095000 4.28213
3096000 4.35288
3097000 4.42304
3098000 4.49418
3099000 4.56355
3100000 2.0192
3101000 2.04069
3102000 2.06359
3103000 2.0879
3104000 2.11397
3105000 2.14079
3106000 2.16941
3107000 2.20015
3108000 2.23236
3109000 2.26657
3110000 2.30108
3111000 2.33836
3112000 2.37678
3113000 2.41693
3114000 2.45839
3115000 2.5002
3116000 2.54488
3117000 2.59101
3118000 2.63859
3119000 2.68744
3120000 2.73598
3121000 2.78741
3122000 2.83901
3123000 2.89262
3124000 2.94706
3125000 3.00103
3126000 3.05784
3127000 3.11504
3128000 3.17343
3129000 3.23313
3130000 3.29193
3131000 3.3535
3132000 3.41581
3133000 3.47861
3134000 3.54279
3135000 3.60583
3136000 3.67066
3137000 3.73591
3138000 3.80285
3139000 3.87065
3140000 3.93598
3141000 4.00326
3142000 4.07271
3143000 4.14275
3144000 4.21276
3145000 4.28105
3146000 4.35227
3147000 4.42319
3148000 4.49426
3149000 4.56665
3150000 1.9944
3151000 2.01557
3152000 2.03829
3153000 2.06267
3154000 2.08835
3155000 2.11466
3156000 2.1441
3157000 2.1746
3158000 2.2075
3159000 2.24209
3160000 2.27706
3161000 2.31452
3162000 2.35389
3163000 2.3951
3164000 2.43759
3165000 2.48037
3166000 2.52565
3167000 2.57225
3168000 2.62058
3169000 2.67003
3170000 2.71872
3171000 2.76947
3172000 2.82248
3173000 2.87556
3174000 2.9309
3175000 2.98522
3176000 3.0427
3177000 3.10064
3178000 3.15964
3179000 3.21856
3180000 3.27808
3181000 3.34015
3182000 3.40339
3183000 3.46733
3184000 3.53156
3185000 3.59538
3186000 3.6599
3187000 3.72582
3188000 3.79305
3189000 3.85914
3190000 3.92522
3191000 3.99406
3192000 4.06315
3193000 4.13319
3194000 4.20364
3195000 4.27244
3196000 4.3433
3197000 4.41342
3198000 4.48483
3199000 4.55662
3200000 2.02787
3201000 2.04909
3202000 2.07209
3203000 2.09672
3204000 2.12298
3205000 2.14976
3206000 2.17893
3207000 2.20973
3208000 2.24226
3209000 2.2767
3210000 2.31144
3211000 2.3488
3212000 2.38699
3213000 2.42752
3214000 2.46896
3215000 2.51048
3216000 2.55512
3217000 2.60064
3218000 2.64774
3219000 2.69629
3220000 2.7447
3221000 2.79567
3222000 2.84775
3223000 2.90089
3224000 2.95491
3225000 3.00847
3226000 3.06471
3227000 3.12226
3228000 3.18023
3229000 3.23925
3230000 3.29762
3231000 3.3584
3232000 3.42076
3233000 3.48202
3234000 3.54529
3235000 3.60816
3236000 3.67298
3237000 3.7391
3238000 3.80558
3239000 3.87317
3240000 3.93956
3241000 4.00845
3242000 4.07675
3243000 4.14658
3244000 4.21711
3245000 4.286
3246000 4.35744
3247000 4.42872
3248000 4.4996
3249000 4.57161
3250000 2.0322
3251000 2.05433
3252000 2.07827
3253000 2.10406
3254000 2.13137
3255000 2.15911
3256000 2.18935
3257000 2.22125
3258000 2.25489
3259000 2.29052
3260000 2.32605
3261000 2.36471
3262000 2.40456
3263000 2.44635
3264000 2.48918
3265000 2.5326
3266000 2.57795
3267000 2.62508
3268000 2.67357
3269000 2.72338
3270000 2.77263
3271000 2.82473
3272000 2.87766
3273000 2.9318
3274000 2.98637
3275000 3.04119
3276000 3.09815
3277000 3.15699
3278000 3.21678
3279000 3.27733
3280000 3.33665
3281000 3.39865
3282000 3.46142
3283000 3.5235
3284000 3.58776
3285000 3.65076
3286000 3.71621
3287000 3.78298
3288000 3.85065
3289000 3.91889
3290000 3.98562
3291000 4.05488
3292000 4.12466
3293000 4.19483
3294000 4.26554
3295000 4.33432
3296000 4.40606
3297000 4.47583
3298000 4.54882
3299000 4.62034
3300000 2.00734
3301000 2.02844
3302000 2.0514
3303000 2.07637
3304000 2.10311
3305000 2.13047
3306000 2.16034
3307000 2.19204
3308000 2.22478
3309000 2.25957
3310000 2.29443
3311000 2.33247
3312000 2.372
3313000 2.41302
3314000 2.45507
3315000 2.49775
3316000 2.54265
3317000 2.58918
3318000 2.63722
3319000 2.68619
3320000 2.73541
3321000 2.78688
3322000 2.83961
3323000 2.89339
3324000 2.94798
3325000 3.00232
3326000 3.05894
3327000 3.11661
3328000 3.17569
3329000 3.23565
3330000 3.29517
3331000 3.35691
3332000 3.4186
3333000 3.48128
3334000 3.54514
3335000 3.60847
3336000 3.67398
3337000 3.74046
3338000 3.80781
3339000 3.8754
3340000 3.9416
3341000 4.0089
3342000 4.07645
3343000 4.14628
3344000 4.21598
3345000 4.28478
3346000 4.3531
3347000 4.42307
3348000 4.4948
3349000 4.56677
3350000 2.02666
3351000 2.0475
3352000 2.07025
3353000 2.0947
3354000 2.12054
3355000 2.14708
3356000 2.17611
3357000 2.20684
3358000 2.23875
3359000 2.27254
3360000 2.30587
3361000 2.34197
3362000 2.37968
3363000 2.41917
3364000 2.4607
3365000 2.50228
3366000 2.5466
3367000 2.59211
3368000 2.6388
3369000 2.68688
3370000 2.73502
3371000 2.78535
3372000 2.83683
3373000 2.88919
3374000 2.94338
3375000 2.99697
3376000 3.05305
3377000 3.10989
3378000 3.16769
3379000 3.22587
3380000 3.28448
3381000 3.34566
3382000 3.40767
3383000 3.47002
3384000 3.53281
3385000 3.59496
3386000 3.65999
3387000 3.72545
3388000 3.79042
3389000 3.8577
3390000 3.92356
3391000 3.99139
3392000 4.0598
3393000 4.12876
3394000 4.1986
3395000 4.26568
3396000 4.33592
3397000 4.40585
3398000 4.47744
3399000 4.54914
3400000 2.02651
3401000 2.04782
3402000 2.07058
3403000 2.09493
3404000 2.12091
3405000 2.14762
3406000 2.17734
3407000 2.20862
3408000 2.24093
3409000 2.27573
3410000 2.31089
3411000 2.34873
3412000 2.38828
3413000 2.42919
3414000 2.47195
3415000 2.51443
3416000 2.56011
3417000 2.60692
3418000 2.65531
3419000 2.70517
3420000 2.75508
3421000 2.80725
3422000 2.86084
3423000 2.91465
3424000 2.971
3425000 3.02687
3426000 3.0852
3427000 3.14411
3428000 3.2042
3429000 3.26564
3430000 3.32606
3431000 3.38841
3432000 3.45214
3433000 3.51667
3434000 3.58245
3435000 3.6467
3436000 3.71399
3437000 3.78227
3438000 3.85118
3439000 3.92021
3440000 3.98844
3441000 4.0591
3442000 4.12911
3443000 4.20016
3444000 4.27243
3445000 4.34286
3446000 4.41565
3447000 4.48909
3448000 4.56157
3449000 4.63496
3450000 2.02764
3451000 2.04853
3452000 2.07147
3453000 2.09583
3454000 2.12219
3455000 2.14913
3456000 2.17897
3457000 2.21047
3458000 2.24354
3459000 2.27843
3460000 2.31393
3461000 2.35191
3462000 2.39146
3463000 2.43289
3464000 2.47587
3465000 2.51903
3466000 2.56513
3467000 2.61231
3468000 2.66115
3469000 2.71103
3470000 2.76131
3471000 2.81412
3472000 2.86807
3473000 2.92297
3474000 2.97863
3475000 3.03362
3476000 3.09153
3477000 3.15074
3478000 3.21161
3479000 3.27295
3480000 3.33332
3481000 3.39677
3482000 3.45882
3483000 3.52271
3484000 3.58902
3485000 3.65275
3486000 3.72034
3487000 3.78887
3488000 3.85804
3489000 3.92756
3490000 3.99574
3491000 4.06663
3492000 4.13833
3493000 4.21022
3494000 4.28277
3495000 4.35396
3496000 4.42597
3497000 4.49922
3498000 4.57372
3499000 4.64868
3500000 2.0419
3501000 2.06396
3502000 2.08772
3503000 2.11313
3504000 2.14036
3505000 2.1681
3506000 2.19851
3507000 2.23096
3508000 2.26509
3509000 2.301
3510000 2.33769
3511000 2.3769
3512000 2.41782
3513000 2.46023
3514000 2.50425
3515000 2.5485
3516000 2.59572
3517000 2.64412
3518000 2.6941
3519000 2.74521
3520000 2.79599
3521000 2.84899
3522000 2.90414
3523000 2.9602
3524000 3.01744
3525000 3.07306
3526000 3.1323
3527000 3.19286
3528000 3.25417
3529000 3.3158
3530000 3.37763
3531000 3.44209
3532000 3.50694
3533000 3.57189
3534000 3.63846
3535000 3.7042
3536000 3.7721
3537000 3.84125
3538000 3.91073
3539000 3.9813
3540000 4.04985
3541000 4.12091
3542000 4.19222
3543000 4.264
3544000 4.33553
3545000 4.4072
3546000 4.48103
3547000 4.55348
3548000 4.62802
3549000 4.70278
3550000 2.0335
3551000 2.055
3552000 2.07794
3553000 2.10256
3554000 2.12864
3555000 2.15549
3556000 2.18482
3557000 2.21623
3558000 2.24942
3559000 2.28418
3560000 2.31948
3561000 2.3578
3562000 2.39747
3563000 2.43905
3564000 2.48163
3565000 2.52471
3566000 2.57075
3567000 2.61811
3568000 2.66625
3569000 2.71585
3570000 2.76546
3571000 2.81695
3572000 2.87066
3573000 2.92561
3574000 2.98117
3575000 3.03724
3576000 3.09362
3577000 3.15307
3578000 3.21364
3579000 3.27521
3580000 3.33562
3581000 3.39846
3582000 3.46248
3583000 3.52743
3584000 3.5923
3585000 3.65682
3586000 3.7211
3587000 3.78928
3588000 3.85726
3589000 3.92622
3590000 3.99257
3591000 4.0626
3592000 4.13337
3593000 4.20489
3594000 4.27606
3595000 4.3459
3596000 4.41878
3597000 4.49134
3598000 4.56497
3599000 4.63917
3600000 2.06721
3601000 2.08923
3602000 2.11323
3603000 2.13896
3604000 2.16621
3605000 2.19418
3606000 2.22493
3607000 2.25684
3608000 2.29049
3609000 2.32581
3610000 2.36181
3611000 2.40064
3612000 2.44078
3613000 2.48285
3614000 2.52643
3615000 2.57012
3616000 2.61623
3617000 2.66359
3618000 2.71262
3619000 2.76279
3620000 2.81307
3621000 2.86538
3622000 2.91939
3623000 2.97446
3624000 3.03081
3625000 3.08619
3626000 3.14492
3627000 3.20473
3628000 3.26489
3629000 3.3265
3630000 3.38762
3631000 3.45144
3632000 3.51597
3633000 3.58162
3634000 3.64808
3635000 3.71357
3636000 3.78163
3637000 3.85045
3638000 3.92019
3639000 3.9892
3640000 4.05642
3641000 4.12701
3642000 4.19897
3643000 4.27115
3644000 4.34338
3645000 4.41514
3646000 4.48909
3647000 4.56315
3648000 4.63755
3649000 4.71129
3650000 2.08307
3651000 2.10573
3652000 2.13004
3653000 2.15609
3654000 2.18368
3655000 2.21204
3656000 2.24314
3657000 2.27598
3658000 2.31019
3659000 2.34608
3660000 2.3828
3661000 2.42244
3662000 2.46348
3663000 2.50561
3664000 2.54977
3665000 2.59414
3666000 2.64071
3667000 2.68907
3668000 2.73866
3669000 2.78967
3670000 2.84084
3671000 2.89386
3672000 2.94802
3673000 3.00347
3674000 3.06037
3675000 3.11683
3676000 3.17482
3677000 3.23535
3678000 3.29674
3679000 3.35828
3680000 3.41914
3681000 3.48328
3682000 3.54824
3683000 3.61266
3684000 3.67931
3685000 3.74402
3686000 3.81181
3687000 3.88091
3688000 3.95079
3689000 4.02129
3690000 4.09084
3691000 4.16151
3692000 4.23346
3693000 4.30543
3694000 4.3787
3695000 4.44891
3696000 4.52284
3697000 4.59718
3698000 4.67148
3699000 4.74628
3700000 2.07307
3701000 2.09481
3702000 2.11829
3703000 2.14395
3704000 2.17117
3705000 2.19884
3706000 2.22924
3707000 2.26136
3708000 2.29525
3709000 2.32982
3710000 2.36586
3711000 2.40475
3712000 2.4452
3713000 2.48702
3714000 2.53049
3715000 2.57412
3716000 2.62006
3717000 2.66812
3718000 2.71715
3719000 2.76776
3720000 2.81865
3721000 2.87174
3722000 2.92631
3723000 2.98069
3724000 3.03713
3725000 3.09305
3726000 3.15153
3727000 3.21157
3728000 3.27232
3729000 3.33442
3730000 3.395
3731000 3.45794
3732000 3.52145
3733000 3.58685
3734000 3.65331
3735000 3.7188
3736000 3.78629
3737000 3.85367
3738000 3.92345
3739000 3.99328
3740000 4.06219
3741000 4.13281
3742000 4.20489
3743000 4.27787
3744000 4.35133
3745000 4.42315
3746000 4.49747
3747000 4.57237
3748000 4.64662
3749000 4.72087
3750000 2.08171
3751000 2.10422
3752000 2.12901
3753000 2.15536
3754000 2.18322
3755000 2.21159
3756000 2.24263
3757000 2.27573
3758000 2.3105
3759000 2.34664
3760000 2.38332
3761000 2.42287
3762000 2.46409
3763000 2.5068
3764000 2.551
3765000 2.59489
3766000 2.64168
3767000 2.68976
3768000 2.73989
3769000 2.79092
3770000 2.84209
3771000 2.89582
3772000 2.95116
3773000 3.00748
3774000 3.06369
3775000 3.11995
3776000 3.17938
3777000 3.23972
3778000 3.30097
3779000 3.36376
3780000 3.42566
3781000 3.48964
3782000 3.55392
3783000 3.62039
3784000 3.68764
3785000 3.75269
3786000 3.82154
3787000 3.89085
3788000 3.9605
3789000 4.03127
3790000 4.09921
3791000 4.17059
3792000 4.24244
3793000 4.31473
3794000 4.38633
3795000 4.45716
3796000 4.53039
3797000 4.60381
3798000 4.67807
3799000 4.75289
3800000 2.07264
3801000 2.09476
3802000 2.11887
3803000 2.14502
3804000 2.17286
3805000 2.20115
3806000 2.23236
3807000 2.2655
3808000 2.30042
3809000 2.33702
3810000 2.37334
3811000 2.41295
3812000 2.45396
3813000 2.49716
3814000 2.54166
3815000 2.58667
3816000 2.63466
3817000 2.68406
3818000 2.73495
3819000 2.78722
3820000 2.8392
3821000 2.89408
3822000 2.94938
3823000 3.00664
3824000 3.0651
3825000 3.12253
3826000 3.18267
3827000 3.24443
3828000 3.30674
3829000 3.37023
3830000 3.43325
3831000 3.49872
3832000 3.56505
3833000 3.63233
3834000 3.70016
3835000 3.76668
3836000 3.83559
3837000 3.90506
3838000 3.97576
3839000 4.04467
3840000 4.11455
3841000 4.18632
3842000 4.25798
3843000 4.32974
3844000 4.40319
3845000 4.47362
3846000 4.54642
3847000 4.62119
3848000 4.69584
3849000 4.77046
3850000 2.08528
3851000 2.10766
3852000 2.13188
3853000 2.15771
3854000 2.18514
3855000 2.21326
3856000 2.24414
3857000 2.27678
3858000 2.31112
3859000 2.34684
3860000 2.38304
3861000 2.42216
3862000 2.4626
3863000 2.50476
3864000 2.5485
3865000 2.5924
3866000 2.63921
3867000 2.68728
3868000 2.73648
3869000 2.78699
3870000 2.83764
3871000 2.89045
3872000 2.94518
3873000 3.00103
3874000 3.05801
3875000 3.11433
3876000 3.17324
3877000 3.23238
3878000 3.29327
3879000 3.35435
3880000 3.41547
3881000 3.47937
3882000 3.54388
3883000 3.60951
3884000 3.67607
3885000 3.74194
3886000 3.80961
3887000 3.87874
3888000 3.94732
3889000 4.01675
3890000 4.08522
3891000 4.15645
3892000 4.22829
3893000 4.29875
3894000 4.37159
3895000 4.44195
3896000 4.51504
3897000 4.58927
3898000 4.66311
3899000 4.7371
3900000 2.08486
3901000 2.10668
3902000 2.13027
3903000 2.15569
3904000 2.183
3905000 2.21071
3906000 2.24139
3907000 2.27383
3908000 2.30789
3909000 2.34317
3910000 2.37901
3911000 2.41752
3912000 2.45809
3913000 2.50008
3914000 2.54363
3915000 2.58737
3916000 2.63303
3917000 2.68024
3918000 2.729
3919000 2.77957
3920000 2.82911
3921000 2.88216
3922000 2.93662
3923000 2.99237
3924000 3.04825
3925000 3.10434
3926000 3.1633
3927000 3.2232
3928000 3.28411
3929000 3.3464
3930000 3.4081
3931000 3.47196
3932000 3.53722
3933000 3.60233
3934000 3.66813
3935000 3.73349
3936000 3.80168
3937000 3.87054
3938000 3.94081
3939000 4.01161
3940000 4.08096
3941000 4.1532
3942000 4.22614
3943000 4.29849
3944000 4.37192
3945000 4.44448
3946000 4.51916
3947000 4.59396
3948000 4.6676
3949000 4.74316
3950000 2.09718
3951000 2.12001
3952000 2.14407
3953000 2.17055
3954000 2.19834
3955000 2.22707
3956000 2.25804
3957000 2.29158
3958000 2.32654
3959000 2.36336
3960000 2.40075
3961000 2.4406
3962000 2.48192
3963000 2.52545
3964000 2.5702
3965000 2.61485
3966000 2.66271
3967000 2.71211
3968000 2.76271
3969000 2.81462
3970000 2.8664
3971000 2.92102
3972000 2.97653
3973000 3.03307
3974000 3.09119
3975000 3.1488
3976000 3.20889
3977000 3.26975
3978000 3.33237
3979000 3.39578
3980000 3.45892
3981000 3.52435
3982000 3.59081
3983000 3.65811
3984000 3.72558
3985000 3.79245
3986000 3.86171
3987000 3.9306
3988000 4.00112
3989000 4.07238
3990000 4.14212
3991000 4.21383
3992000 4.28673
3993000 4.36052
3994000 4.43384
3995000 4.50548
3996000 4.58051
3997000 4.65535
3998000 4.73114
3999000 4.80697
4000000 2.09357
4001000 2.11559
4002000 2.1395
4003000 2.16484
4004000 2.19198
4005000 2.21956
4006000 2.25022
4007000 2.28238
4008000 2.3163
4009000 2.35223
4010000 2.38858
4011000 2.4276
4012000 2.46811
4013000 2.51057
4014000 2.55424
4015000 2.59812
4016000 2.64406
4017000 2.69191
4018000 2.74144
4019000 2.79255
4020000 2.843
4021000 2.89641
4022000 2.95099
4023000 3.00674
4024000 3.06338
4025000 3.11883
4026000 3.17725
4027000 3.23665
4028000 3.29806
4029000 3.36044
4030000 3.42125
4031000 3.48514
4032000 3.54987
4033000 3.61603
4034000 3.68279
4035000 3.74826
4036000 3.8164
4037000 3.8852
4038000 3.95493
4039000 4.02585
4040000 4.0953
4041000 4.16694
4042000 4.2379
4043000 4.31097
4044000 4.38339
4045000 4.45528
4046000 4.52928
4047000 4.60456
4048000 4.67954
4049000 4.75439
4050000 2.12018
4051000 2.14321
4052000 2.16768
4053000 2.19387
4054000 2.22204
4055000 2.25034
4056000 2.28198
4057000 2.31552
4058000 2.35045
4059000 2.38674
4060000 2.42382
4061000 2.46401
4062000 2.50574
4063000 2.54929
4064000 2.5945
4065000 2.63977
4066000 2.68769
4067000 2.73726
4068000 2.78823
4069000 2.84096
4070000 2.89263
4071000 2.94769
4072000 3.00157
4073000 3.05917
4074000 3.11752
4075000 3.17529
4076000 3.23579
4077000 3.29791
4078000 3.36002
4079000 3.42372
4080000 3.48675
4081000 3.55278
4082000 3.61981
4083000 3.68734
4084000 3.75564
4085000 3.82262
4086000 3.8926
4087000 3.96407
4088000 4.0361
4089000 4.10871
4090000 4.17962
4091000 4.25336
4092000 4.32728
4093000 4.40135
4094000 4.47668
4095000 4.5503
4096000 4.62586
4097000 4.702
4098000 4.77895
4099000 4.85634
4100000 2.11356
4101000 2.13657
4102000 2.16148
4103000 2.18807
4104000 2.21693
4105000 2.24605
4106000 2.27827
4107000 2.31235
4108000 2.34811
4109000 2.38564
4110000 2.42354
4111000 2.46435
4112000 2.50703
4113000 2.55142
4114000 2.59699
4115000 2.64287
4116000 2.6917
4117000 2.74156
4118000 2.79331
4119000 2.8463
4120000 2.8991
4121000 2.95466
4122000 3.01122
4123000 3.06963
4124000 3.12887
4125000 3.1867
4126000 3.24808
4127000 3.31071
4128000 3.37411
4129000 3.43861
4130000 3.50206
4131000 3.56807
4132000 3.63532
4133000 3.70269
4134000 3.77159
4135000 3.8394
4136000 3.90837
4137000 3.97918
4138000 4.05074
4139000 4.12312
4140000 4.19373
4141000 4.26645
4142000 4.3401
4143000 4.41467
4144000 4.48999
4145000 4.563
4146000 4.63883
4147000 4.71507
4148000 4.79021
4149000 4.86705
4150000 2.1267
4151000 2.14977
4152000 2.17445
4153000 2.20075
4154000 2.22906
4155000 2.25815
4156000 2.28991
4157000 2.32365
4158000 2.35935
4159000 2.39655
4160000 2.43401
4161000 2.47479
4162000 2.51675
4163000 2.56053
4164000 2.60532
4165000 2.651
4166000 2.69944
4167000 2.74915
4168000 2.80071
4169000 2.85298
4170000 2.90527
4171000 2.96012
4172000 3.01641
4173000 3.07367
4174000 3.13278
4175000 3.19105
4176000 3.25255
4177000 3.31472
4178000 3.37817
4179000 3.44154
4180000 3.50515
4181000 3.57154
4182000 3.63867
4183000 3.70696
4184000 3.77623
4185000 3.84427
4186000 3.91518
4187000 3.98682
4188000 4.05917
4189000 4.13108
4190000 4.20257
4191000 4.27576
4192000 4.34829
4193000 4.4236
4194000 4.4975
4195000 4.57108
4196000 4.64766
4197000 4.72473
4198000 4.80124
4199000 4.87687
4200000 2.1545
4201000 2.17795
4202000 2.20338
4203000 2.23054
4204000 2.25932
4205000 2.28879
4206000 2.32107
4207000 2.35456
4208000 2.39023
4209000 2.42712
4210000 2.46449
4211000 2.50482
4212000 2.54668
4213000 2.59038
4214000 2.63508
4215000 2.68047
4216000 2.7282
4217000 2.7773
4218000 2.82721
4219000 2.8786
4220000 2.92851
4221000 2.98234
4222000 3.03766
4223000 3.09457
4224000 3.15179
4225000 3.20829
4226000 3.26805
4227000 3.32927
4228000 3.39156
4229000 3.4543
4230000 3.51588
4231000 3.58092
4232000 3.64723
4233000 3.71397
4234000 3.78183
4235000 3.84785
4236000 3.91675
4237000 3.98642
4238000 4.05634
4239000 4.12727
4240000 4.19759
4241000 4.26953
4242000 4.34227
4243000 4.41588
4244000 4.49045
4245000 4.56285
4246000 4.63822
4247000 4.71204
4248000 4.78763
4249000 4.86349
4250000 2.14172
4251000 2.16483
4252000 2.18977
4253000 2.21625
4254000 2.24449
4255000 2.27319
4256000 2.30441
4257000 2.33788
4258000 2.37306
4259000 2.40995
4260000 2.44753
4261000 2.4876
4262000 2.52983
4263000 2.57349
4264000 2.61899
4265000 2.66419
4266000 2.71298
4267000 2.76294
4268000 2.81453
4269000 2.86744
4270000 2.91997
4271000 2.97567
4272000 3.03253
4273000 3.09122
4274000 3.15135
4275000 3.21022
4276000 3.27255
4277000 3.336
4278000 3.4007
4279000 3.46634
4280000 3.53129
4281000 3.5986
4282000 3.66668
4283000 3.73557
4284000 3.80579
4285000 3.87503
4286000 3.94701
4287000 4.01983
4288000 4.09326
4289000 4.16717
4290000 4.23992
4291000 4.31479
4292000 4.39071
4293000 4.46435
4294000 4.54064
4295000 4.61546
4296000 4.69356
4297000 4.76925
4298000 4.84716
4299000 4.92655
4300000 2.16709
4301000 2.191
4302000 2.21678
4303000 2.24421
4304000 2.27331
4305000 2.30294
4306000 2.33572
4307000 2.37055
4308000 2.40705
4309000 2.44534
4310000 2.48379
4311000 2.52523
4312000 2.56853
4313000 2.6129
4314000 2.65941
4315000 2.70589
4316000 2.75551
4317000 2.80632
4318000 2.85905
4319000 2.91309
4320000 2.96661
4321000 3.02313
4322000 3.08074
4323000 3.13986
4324000 3.19959
4325000 3.2587
4326000 3.32115
4327000 3.38492
4328000 3.44986
4329000 3.51565
4330000 3.58012
4331000 3.64645
4332000 3.7143
4333000 3.78368
4334000 3.85394
4335000 3.92288
4336000 3.99429
4337000 4.06631
4338000 4.1395
4339000 4.21346
4340000 4.28574
4341000 4.36072
4342000 4.43642
4343000 4.51227
4344000 4.58865
4345000 4.66273
4346000 4.74049
4347000 4.81712
4348000 4.89445
4349000 4.97322
4350000 2.15891
4351000 2.18244
4352000 2.20751
4353000 2.2346
4354000 2.26351
4355000 2.29293
4356000 2.32573
4357000 2.36027
4358000 2.39663
4359000 2.43496
4360000 2.47317
4361000 2.51469
4362000 2.55802
4363000 2.60301
4364000 2.64992
4365000 2.69625
4366000 2.74608
4367000 2.79724
4368000 2.84957
4369000 2.90318
4370000 2.95651
4371000 3.01302
4372000 3.07111
4373000 3.1307
4374000 3.19134
4375000 3.25124
4376000 3.3144
4377000 3.37889
4378000 3.4444
4379000 3.51052
4380000 3.57594
4381000 3.64424
4382000 3.71317
4383000 3.783
4384000 3.85388
4385000 3.92396
4386000 3.99678
4387000 4.07056
4388000 4.14503
4389000 4.21976
4390000 4.2919
4391000 4.36807
4392000 4.44431
4393000 4.52106
4394000 4.59768
4395000 4.67247
4396000 4.74831
4397000 4.82726
4398000 4.90531
4399000 4.98528
4400000 2.17826
4401000 2.2019
4402000 2.2278
4403000 2.25552
4404000 2.28503
4405000 2.31502
4406000 2.34825
4407000 2.3831
4408000 2.42043
4409000 2.45917
4410000 2.49872
4411000 2.54087
4412000 2.58514
4413000 2.6311
4414000 2.67871
4415000 2.72653
4416000 2.7772
4417000 2.82934
4418000 2.88329
4419000 2.93833
4420000 2.99306
4421000 3.05082
4422000 3.1098
4423000 3.17027
4424000 3.23184
4425000 3.29255
4426000 3.35555
4427000 3.42062
4428000 3.48651
4429000 3.55352
4430000 3.61913
4431000 3.68803
4432000 3.75795
4433000 3.82878
4434000 3.89982
4435000 3.97016
4436000 4.04301
4437000 4.11555
4438000 4.18942
4439000 4.26375
4440000 4.33646
4441000 4.41232
4442000 4.48835
4443000 4.5653
4444000 4.64068
4445000 4.71472
4446000 4.79094
4447000 4.86899
4448000 4.9472
4449000 5.02536
4450000 2.18003
4451000 2.20338
4452000 2.22885
4453000 2.25557
4454000 2.28444
4455000 2.31374
4456000 2.34632
4457000 2.38095
4458000 2.41709
4459000 2.45484
4460000 2.49327
4461000 2.5347
4462000 2.5772
4463000 2.62211
4464000 2.66853
4465000 2.71495
4466000 2.76402
4467000 2.81495
4468000 2.86699
4469000 2.92044
4470000 2.97377
4471000 3.02971
4472000 3.08709
4473000 3.1458
4474000 3.20556
4475000 3.26462
4476000 3.32689
4477000 3.38965
4478000 3.45434
4479000 3.51925
4480000 3.58392
4481000 3.65086
4482000 3.71884
4483000 3.78793
4484000 3.85825
4485000 3.92685
4486000 3.99858
4487000 4.07086
4488000 4.14431
4489000 4.21838
4490000 4.29092
4491000 4.36617
4492000 4.44208
4493000 4.51856
4494000 4.59521
4495000 4.66941
4496000 4.74547
4497000 4.82256
4498000 4.90068
4499000 4.97958
4500000 2.20311
4501000 2.22651
4502000 2.25197
4503000 2.279
4504000 2.30775
4505000 2.3374
4506000 2.37007
4507000 2.40448
4508000 2.4407
4509000 2.4783
4510000 2.51661
4511000 2.55823
4512000 2.6013
4513000 2.64643
4514000 2.69306
4515000 2.74021
4516000 2.78956
4517000 2.84104
4518000 2.89386
4519000 2.94815
4520000 3.00159
4521000 3.0578
4522000 3.11541
4523000 3.17485
4524000 3.23495
4525000 3.2943
4526000 3.35688
4527000 3.42052
4528000 3.48528
4529000 3.5509
4530000 3.6157
4531000 3.68352
4532000 3.75246
4533000 3.82178
4534000 3.89201
4535000 3.96129
4536000 4.03186
4537000 4.10355
4538000 4.1759
4539000 4.24975
4540000 4.32181
4541000 4.39742
4542000 4.47381
4543000 4.55069
4544000 4.62781
4545000 4.70284
4546000 4.77926
4547000 4.85817
4548000 4.93659
4549000 5.01636
4550000 2.19862
4551000 2.22274
4552000 2.2485
4553000 2.27644
4554000 2.30623
4555000 2.33652
4556000 2.37012
4557000 2.40567
4558000 2.44311
4559000 2.4826
4560000 2.52179
4561000 2.56387
4562000 2.60849
4563000 2.65491
4564000 2.70263
4565000 2.75079
4566000 2.80159
4567000 2.85378
4568000 2.90782
4569000 2.96347
4570000 3.01899
4571000 3.07733
4572000 3.1368
4573000 3.19728
4574000 3.25917
4575000 3.32049
4576000 3.38458
4577000 3.4498
4578000 3.51498
4579000 3.58251
4580000 3.64868
4581000 3.71728
4582000 3.78756
4583000 3.85886
4584000 3.9308
4585000 4.00155
4586000 4.07518
4587000 4.1482
4588000 4.22235
4589000 4.29789
4590000 4.37127
4591000 4.44803
4592000 4.52516
4593000 4.60324
4594000 4.68149
4595000 4.75744
4596000 4.83506
4597000 4.91328
4598000 4.99262
4599000 5.0705
4600000 2.22275
4601000 2.24753
4602000 2.27405
4603000 2.30252
4604000 2.33275
4605000 2.3635
4606000 2.39752
4607000 2.43312
4608000 2.47034
4609000 2.50961
4610000 2.54947
4611000 2.59216
4612000 2.63648
4613000 2.68243
4614000 2.72969
4615000 2.77768
4616000 2.82865
4617000 2.88039
4618000 2.93404
4619000 2.98936
4620000 3.04366
4621000 3.10139
4622000 3.15947
4623000 3.21915
4624000 3.28052
4625000 3.34074
4626000 3.4042
4627000 3.46842
4628000 3.53405
4629000 3.60065
4630000 3.66649
4631000 3.73317
4632000 3.80267
4633000 3.87305
4634000 3.94389
4635000 4.01405
4636000 4.08641
4637000 4.16025
4638000 4.2348
4639000 4.30843
4640000 4.38146
4641000 4.45724
4642000 4.53438
4643000 4.61205
4644000 4.69009
4645000 4.76614
4646000 4.84549
4647000 4.92314
4648000 5.00251
4649000 5.08259
4650000 2.19686
4651000 2.22095
4652000 2.24726
4653000 2.27558
4654000 2.30519
4655000 2.33565
4656000 2.36918
4657000 2.40494
4658000 2.44207
4659000 2.48111
4660000 2.52087
4661000 2.56382
4662000 2.6082
4663000 2.65423
4664000 2.70188
4665000 2.74991
4666000 2.80081
4667000 2.85307
4668000 2.90693
4669000 2.96221
4670000 3.01693
4671000 3.07432
4672000 3.13351
4673000 3.19364
4674000 3.25466
4675000 3.31568
4676000 3.37892
4677000 3.44348
4678000 3.50914
4679000 3.57602
4680000 3.64144
4681000 3.70926
4682000 3.7778
4683000 3.84729
4684000 3.91651
4685000 3.98606
4686000 4.05805
4687000 4.12955
4688000 4.20181
4689000 4.27596
4690000 4.34825
4691000 4.42337
4692000 4.49915
4693000 4.57539
4694000 4.65142
4695000 4.72387
4696000 4.80122
4697000 4.87909
4698000 4.95717
4699000 5.03557
4700000 2.2355
4701000 2.25998
4702000 2.28622
4703000 2.3134
4704000 2.34312
4705000 2.37367
4706000 2.407
4707000 2.44197
4708000 2.47891
4709000 2.51727
4710000 2.55633
4711000 2.5981
4712000 2.64104
4713000 2.68619
4714000 2.73337
4715000 2.7806
4716000 2.83027
4717000 2.88176
4718000 2.93508
4719000 2.9895
4720000 3.04372
4721000 3.1001
4722000 3.15811
4723000 3.21752
4724000 3.27807
4725000 3.33765
4726000 3.40032
4727000 3.4638
4728000 3.52827
4729000 3.59428
4730000 3.659
4731000 3.72702
4732000 3.79554
4733000 3.86449
4734000 3.93507
4735000 4.00426
4736000 4.07597
4737000 4.14904
4738000 4.22245
4739000 4.29635
4740000 4.36908
4741000 4.44444
4742000 4.52005
4743000 4.59678
4744000 4.67279
4745000 4.74804
4746000 4.82542
4747000 4.90384
4748000 4.9818
4749000 5.06047
4750000 2.21993
4751000 2.24354
4752000 2.26929
4753000 2.29646
4754000 2.32553
4755000 2.35508
4756000 2.38772
4757000 2.42144
4758000 2.4573
4759000 2.4951
4760000 2.53289
4761000 2.57332
4762000 2.61585
4763000 2.66067
4764000 2.70667
4765000 2.75213
4766000 2.80141
4767000 2.85202
4768000 2.9039
4769000 2.95629
4770000 3.00943
4771000 3.06568
4772000 3.12322
4773000 3.18181
4774000 3.24176
4775000 3.30141
4776000 3.36349
4777000 3.42664
4778000 3.49112
4779000 3.55634
4780000 3.62014
4781000 3.68715
4782000 3.75543
4783000 3.82357
4784000 3.89371
4785000 3.96216
4786000 4.03325
4787000 4.10484
4788000 4.17775
4789000 4.25139
4790000 4.32355
4791000 4.39705
4792000 4.47254
4793000 4.5484
4794000 4.62371
4795000 4.69723
4796000 4.77444
4797000 4.85184
4798000 4.92955
4799000 5.00729
4800000 2.23039
4801000 2.25405
4802000 2.28012
4803000 2.30793
4804000 2.33733
4805000 2.36745
4806000 2.40025
4807000 2.43548
4808000 2.47238
4809000 2.51077
4810000 2.54969
4811000 2.5916
4812000 2.63531
4813000 2.68052
4814000 2.72767
4815000 2.77501
4816000 2.82512
4817000 2.87704
4818000 2.92993
4819000 2.98449
4820000 3.03899
4821000 3.09641
4822000 3.15498
4823000 3.21463
4824000 3.27568
4825000 3.33535
4826000 3.39881
4827000 3.46215
4828000 3.52743
4829000 3.59337
4830000 3.65815
4831000 3.72631
4832000 3.79469
4833000 3.86166
4834000 3.93217
4835000 4.00139
4836000 4.07382
4837000 4.14702
4838000 4.22011
4839000 4.29416
4840000 4.36667
4841000 4.44213
4842000 4.51763
4843000 4.59382
4844000 4.67103
4845000 4.74486
4846000 4.82276
4847000 4.89731
4848000 4.97581
4849000 5.05449
4850000 2.21966
4851000 2.2437
4852000 2.26936
4853000 2.29707
4854000 2.32628
4855000 2.35629
4856000 2.38956
4857000 2.42494
4858000 2.46187
4859000 2.5001
4860000 2.53928
4861000 2.5817
4862000 2.62585
4863000 2.67169
4864000 2.71916
4865000 2.7664
4866000 2.81719
4867000 2.86936
4868000 2.92293
4869000 2.9777
4870000 3.0313
4871000 3.08893
4872000 3.14785
4873000 3.2076
4874000 3.26876
4875000 3.32911
4876000 3.39277
4877000 3.45765
4878000 3.52176
4879000 3.58835
4880000 3.65424
4881000 3.72244
4882000 3.7915
4883000 3.86224
4884000 3.93293
4885000 4.00332
4886000 4.07646
4887000 4.14998
4888000 4.22482
4889000 4.3002
4890000 4.3736
4891000 4.44958
4892000 4.52493
4893000 4.60286
4894000 4.68135
4895000 4.75739
4896000 4.83581
4897000 4.91415
4898000 4.99396
4899000 5.07208
4900000 2.23376
4901000 2.25823
4902000 2.28448
4903000 2.31243
4904000 2.34214
4905000 2.37229
4906000 2.4058
4907000 2.44108
4908000 2.47775
4909000 2.51649
4910000 2.55578
4911000 2.59795
4912000 2.64213
4913000 2.68796
4914000 2.73526
4915000 2.78219
4916000 2.83212
4917000 2.88423
4918000 2.93744
4919000 2.99161
4920000 3.04615
4921000 3.10382
4922000 3.16212
4923000 3.22199
4924000 3.28344
4925000 3.34408
4926000 3.40798
4927000 3.47304
4928000 3.53927
4929000 3.60634
4930000 3.67211
4931000 3.74104
4932000 3.80855
4933000 3.87936
4934000 3.95074
4935000 4.02094
4936000 4.09262
4937000 4.16665
4938000 4.24124
4939000 4.31686
4940000 4.38989
4941000 4.46613
4942000 4.54162
4943000 4.61948
4944000 4.69634
4945000 4.77121
4946000 4.84941
4947000 4.9274
4948000 5.00627
4949000 5.08535
4950000 2.25622
4951000 2.28049
4952000 2.30666
4953000 2.33488
4954000 2.365
4955000 2.39593
4956000 2.42945
4957000 2.46504
4958000 2.50264
4959000 2.54225
4960000 2.58129
4961000 2.62404
4962000 2.66833
4963000 2.71428
4964000 2.76153
4965000 2.8091
4966000 2.86021
4967000 2.91209
4968000 2.96577
4969000 3.02133
4970000 3.07559
4971000 3.13341
4972000 3.19297
4973000 3.25352
4974000 3.31557
4975000 3.37663
4976000 3.44054
4977000 3.50514
4978000 3.57144
4979000 3.6387
4980000 3.70542
4981000 3.77485
4982000 3.84474
4983000 3.91623
4984000 3.98787
4985000 4.05906
4986000 4.13309
4987000 4.20784
4988000 4.2823
4989000 4.35852
4990000 4.43225
4991000 4.50696
4992000 4.58342
4993000 4.66172
4994000 4.74043
4995000 4.81526
4996000 4.89295
4997000 4.97222
4998000 5.05186
4999000 5.13233
5000000 2.23704
5001000 2.2605
5002000 2.28612
5003000 2.31361
5004000 2.34249
5005000 2.37234
5006000 2.4048
5007000 2.43977
5008000 2.47612
5009000 2.51478
5010000 2.5539
5011000 2.5959
5012000 2.63987
5013000 2.68532
5014000 2.7325
5015000 2.78008
5016000 2.83077
5017000 2.88254
5018000 2.93613
5019000 2.99092
5020000 3.04558
5021000 3.10279
5022000 3.16147
5023000 3.22186
5024000 3.28307
5025000 3.34364
5026000 3.40721
5027000 3.47165
5028000 3.53725
5029000 3.60429
5030000 3.66995
5031000 3.73881
5032000 3.80757
5033000 3.8769
5034000 3.94841
5035000 4.01791
5036000 4.08994
5037000 4.16376
5038000 4.23811
5039000 4.31348
5040000 4.38695
5041000 4.46316
5042000 4.54003
5043000 4.61685
5044000 4.69458
5045000 4.76952
5046000 4.84836
5047000 4.92706
5048000 5.00616
5049000 5.08603
5050000 2.26252
5051000 2.287
5052000 2.31359
5053000 2.34178
5054000 2.37167
5055000 2.40226
5056000 2.43585
5057000 2.4711
5058000 2.50862
5059000 2.54763
5060000 2.58717
5061000 2.63
5062000 2.67376
5063000 2.71963
5064000 2.76684
5065000 2.81424
5066000 2.86461
5067000 2.91632
5068000 2.96887
5069000 3.02361
5070000 3.07828
5071000 3.13528
5072000 3.19438
5073000 3.25468
5074000 3.31528
5075000 3.37561
5076000 3.43865
5077000 3.50339
5078000 3.5689
5079000 3.63573
5080000 3.70159
5081000 3.7706
5082000 3.84049
5083000 3.91026
5084000 3.98186
5085000 4.05176
5086000 4.12472
5087000 4.19717
5088000 4.26986
5089000 4.34425
5090000 4.41645
5091000 4.49279
5092000 4.5698
5093000 4.64757
5094000 4.72486
5095000 4.8007
5096000 4.87965
5097000 4.95699
5098000 5.0369
5099000 5.1166
5100000 2.27392
5101000 2.29901
5102000 2.32593
5103000 2.35451
5104000 2.38484
5105000 2.41567
5106000 2.44952
5107000 2.48626
5108000 2.52437
5109000 2.56484
5110000 2.60535
5111000 2.64926
5112000 2.69439
5113000 2.74207
5114000 2.79097
5115000 2.83984
5116000 2.89121
5117000 2.9449
5118000 3.00014
5119000 3.05696
5120000 3.11358
5121000 3.17332
5122000 3.23417
5123000 3.29649
5124000 3.35967
5125000 3.42229
5126000 3.48833
5127000 3.55523
5128000 3.62272
5129000 3.69188
5130000 3.7602
5131000 3.83106
5132000 3.90221
5133000 3.97545
5134000 4.04921
5135000 4.121
5136000 4.19672
5137000 4.27289
5138000 4.34908
5139000 4.42533
5140000 4.5
5141000 4.57781
5142000 4.65708
5143000 4.73523
5144000 4.81482
5145000 4.89162
5146000 4.97291
5147000 5.05384
5148000 5.13585
5149000 5.21604
5150000 2.27449
5151000 2.29952
5152000 2.32627
5153000 2.35495
5154000 2.38585
5155000 2.41723
5156000 2.4517
5157000 2.48838
5158000 2.5269
5159000 2.5677
5160000 2.60892
5161000 2.65291
5162000 2.69908
5163000 2.74693
5164000 2.79675
5165000 2.84605
5166000 2.89882
5167000 2.95314
5168000 3.00884
5169000 3.06609
5170000 3.12268
5171000 3.18224
5172000 3.24328
5173000 3.30578
5174000 3.37005
5175000 3.43331
5176000 3.49988
5177000 3.56715
5178000 3.63616
5179000 3.7057
5180000 3.77508
5181000 3.84651
5182000 3.91901
5183000 3.99292
5184000 4.06782
5185000 4.14075
5186000 4.21589
5187000 4.29285
5188000 4.37069
5189000 4.44913
5190000 4.52548
5191000 4.6043
5192000 4.68297
5193000 4.7637
5194000 4.8423
5195000 4.92101
5196000 5.00301
5197000 5.08481
5198000 5.16737
5199000 5.24981
5200000 2.28892
5201000 2.31377
5202000 2.34023
5203000 2.3683
5204000 2.39892
5205000 2.42976
5206000 2.46414
5207000 2.5004
5208000 2.53785
5209000 2.57769
5210000 2.61793
5211000 2.66152
5212000 2.70674
5213000 2.75368
5214000 2.80236
5215000 2.85084
5216000 2.90298
5217000 2.95617
5218000 3.0114
5219000 3.06752
5220000 3.12335
5221000 3.1828
5222000 3.24368
5223000 3.3059
5224000 3.36891
5225000 3.43091
5226000 3.49587
5227000 3.56283
5228000 3.6308
5229000 3.69979
5230000 3.76714
5231000 3.83795
5232000 3.90973
5233000 3.98275
5234000 4.05669
5235000 4.12801
5236000 4.20324
5237000 4.27928
5238000 4.35547
5239000 4.43204
5240000 4.50754
5241000 4.58383
5242000 4.66297
5243000 4.74135
5244000 4.8214
5245000 4.8989
5246000 4.97965
5247000 5.0613
5248000 5.14276
5249000 5.22478
5250000 2.29976
5251000 2.32473
5252000 2.35157
5253000 2.38008
5254000 2.41082
5255000 2.44198
5256000 2.47619
5257000 2.51279
5258000 2.55128
5259000 2.59181
5260000 2.63246
5261000 2.67643
5262000 2.72213
5263000 2.76966
5264000 2.81861
5265000 2.86777
5266000 2.91998
5267000 2.97387
5268000 3.02906
5269000 3.08471
5270000 3.14147
5271000 3.20119
5272000 3.26185
5273000 3.32352
5274000 3.38702
5275000 3.44918
5276000 3.51388
5277000 3.57999
5278000 3.64828
5279000 3.71709
5280000 3.78522
5281000 3.85554
5282000 3.92787
5283000 4.00108
5284000 4.07363
5285000 4.146
5286000 4.22129
5287000 4.29741
5288000 4.37484
5289000 4.45274
5290000 4.52833
5291000 4.60706
5292000 4.6873
5293000 4.76657
5294000 4.84693
5295000 4.92533
5296000 5.00701
5297000 5.08965
5298000 5.17266
5299000 5.25604
5300000 2.31253
5301000 2.33834
5302000 2.3664
5303000 2.3964
5304000 2.42838
5305000 2.46092
5306000 2.49646
5307000 2.53413
5308000 2.57381
5309000 2.61529
5310000 2.65623
5311000 2.70115
5312000 2.74773
5313000 2.79562
5314000 2.84586
5315000 2.8962
5316000 2.94894
5317000 3.00354
5318000 3.05985
5319000 3.11746
5320000 3.1746
5321000 3.23467
5322000 3.29652
5323000 3.35955
5324000 3.42379
5325000 3.48709
5326000 3.55371
5327000 3.62079
5328000 3.68937
5329000 3.75909
5330000 3.82752
5331000 3.89932
5332000 3.97162
5333000 4.044
5334000 4.11851
5335000 4.19118
5336000 4.26676
5337000 4.34295
5338000 4.41998
5339000 4.49791
5340000 4.5725
5341000 4.64914
5342000 4.72732
5343000 4.80684
5344000 4.88707
5345000 4.96254
5346000 5.04343
5347000 5.12496
5348000 5.20557
5349000 5.28792
5350000 2.32055
5351000 2.34645
5352000 2.37437
5353000 2.40401
5354000 2.43531
5355000 2.46689
5356000 2.50177
5357000 2.53851
5358000 2.5774
5359000 2.6182
5360000 2.65941
5361000 2.70377
5362000 2.74962
5363000 2.79748
5364000 2.84625
5365000 2.89469
5366000 2.94706
5367000 3.00097
5368000 3.05639
5369000 3.11312
5370000 3.1691
5371000 3.22798
5372000 3.28843
5373000 3.35045
5374000 3.41363
5375000 3.47612
5376000 3.54124
5377000 3.60762
5378000 3.67531
5379000 3.74392
5380000 3.81142
5381000 3.88198
5382000 3.95325
5383000 4.02475
5384000 4.09727
5385000 4.16707
5386000 4.24087
5387000 4.31643
5388000 4.39268
5389000 4.46933
5390000 4.5441
5391000 4.62076
5392000 4.6995
5393000 4.77675
5394000 4.85595
5395000 4.93214
5396000 5.0111
5397000 5.09113
5398000 5.17181
5399000 5.25361
5400000 2.32662
5401000 2.35207
5402000 2.37986
5403000 2.40941
5404000 2.44082
5405000 2.4729
5406000 2.50808
5407000 2.54559
5408000 2.58463
5409000 2.62583
5410000 2.66726
5411000 2.71196
5412000 2.75853
5413000 2.80646
5414000 2.85605
5415000 2.90468
5416000 2.95728
5417000 3.01176
5418000 3.06789
5419000 3.1251
5420000 3.18136
5421000 3.24077
5422000 3.30211
5423000 3.36478
5424000 3.42795
5425000 3.49161
5426000 3.5581
5427000 3.6258
5428000 3.6946
5429000 3.76335
5430000 3.83181
5431000 3.90334
5432000 3.9756
5433000 4.04933
5434000 4.12385
5435000 4.19613
5436000 4.26997
5437000 4.34618
5438000 4.42327
5439000 4.50071
5440000 4.57613
5441000 4.65551
5442000 4.73443
5443000 4.81484
5444000 4.89526
5445000 4.97079
5446000 5.05107
5447000 5.13086
5448000 5.21029
5449000 5.29252
5450000 2.33562
5451000 2.36077
5452000 2.38831
5453000 2.41793
5454000 2.44927
5455000 2.48098
5456000 2.51616
5457000 2.55304
5458000 2.59143
5459000 2.63243
5460000 2.67332
5461000 2.71782
5462000 2.76393
5463000 2.81172
5464000 2.86086
5465000 2.91035
5466000 2.96325
5467000 3.01798
5468000 3.07388
5469000 3.13176
5470000 3.18906
5471000 3.24932
5472000 3.31082
5473000 3.374
5474000 3.43813
5475000 3.50113
5476000 3.56708
5477000 3.6348
5478000 3.7037
5479000 3.77404
5480000 3.84292
5481000 3.91521
5482000 3.9884
5483000 4.06271
5484000 4.1378
5485000 4.21107
5486000 4.28762
5487000 4.36476
5488000 4.44283
5489000 4.52189
5490000 4.59806
5491000 4.67804
5492000 4.75854
5493000 4.83965
5494000 4.92108
5495000 4.9985
5496000 5.08061
5497000 5.16276
5498000 5.24588
5499000 5.32684
5500000 2.33214
5501000 2.35718
5502000 2.38429
5503000 2.41341
5504000 2.44438
5505000 2.4754
5506000 2.51045
5507000 2.54715
5508000 2.5859
5509000 2.62643
5510000 2.66761
5511000 2.71141
5512000 2.75761
5513000 2.80549
5514000 2.85435
5515000 2.90379
5516000 2.95601
5517000 3.01073
5518000 3.06673
5519000 3.12386
5520000 3.18102
5521000 3.24092
5522000 3.30273
5523000 3.36561
5524000 3.42994
5525000 3.49281
5526000 3.55978
5527000 3.62741
5528000 3.69641
5529000 3.76668
5530000 3.83606
5531000 3.9084
5532000 3.98122
5533000 4.0556
5534000 4.13065
5535000 4.20352
5536000 4.27984
5537000 4.357
5538000 4.43474
5539000 4.5131
5540000 4.58963
5541000 4.66928
5542000 4.74932
5543000 4.83008
5544000 4.91047
5545000 4.98957
5546000 5.07092
5547000 5.15342
5548000 5.23562
5549000 5.31749
5550000 2.36598
5551000 2.39195
5552000 2.41964
5553000 2.44908
5554000 2.48007
5555000 2.51177
5556000 2.54688
5557000 2.58427
5558000 2.6232
5559000 2.66399
5560000 2.70533
5561000 2.74971
5562000 2.79621
5563000 2.84421
5564000 2.8938
5565000 2.9433
5566000 2.99589
5567000 3.05014
5568000 3.10637
5569000 3.16398
5570000 3.22063
5571000 3.28095
5572000 3.34266
5573000 3.40595
5574000 3.46951
5575000 3.53328
5576000 3.59925
5577000 3.66609
5578000 3.73492
5579000 3.80501
5580000 3.87412
5581000 3.94509
5582000 4.01776
5583000 4.09211
5584000 4.16721
5585000 4.24025
5586000 4.31653
5587000 4.39404
5588000 4.47227
5589000 4.55027
5590000 4.62603
5591000 4.70445
5592000 4.78476
5593000 4.86386
5594000 4.94462
5595000 5.02272
5596000 5.10395
5597000 5.18575
5598000 5.2667
5599000 5.3496
5600000 2.34379
5601000 2.36882
5602000 2.39579
5603000 2.42468
5604000 2.45544
5605000 2.48664
5606000 2.52135
5607000 2.5581
5608000 2.59685
5609000 2.63733
5610000 2.67767
5611000 2.7212
5612000 2.76706
5613000 2.81477
5614000 2.86397
5615000 2.91341
5616000 2.96578
5617000 3.01983
5618000 3.0758
5619000 3.13308
5620000 3.18988
5621000 3.24947
5622000 3.31101
5623000 3.3732
5624000 3.43763
5625000 3.50101
5626000 3.56746
5627000 3.63482
5628000 3.70325
5629000 3.77322
5630000 3.84157
5631000 3.91317
5632000 3.98613
5633000 4.05975
5634000 4.13449
5635000 4.20741
5636000 4.2836
5637000 4.36056
5638000 4.43748
5639000 4.5152
5640000 4.59077
5641000 4.66955
5642000 4.74973
5643000 4.82981
5644000 4.91068
5645000 4.98931
5646000 5.0703
5647000 5.15194
5648000 5.23476
5649000 5.31622
5650000 2.36374
5651000 2.38967
5652000 2.41777
5653000 2.44716
5654000 2.47889
5655000 2.51122
5656000 2.54647
5657000 2.58397
5658000 2.62309
5659000 2.66413
5660000 2.70478
5661000 2.74925
5662000 2.79555
5663000 2.84404
5664000 2.89438
5665000 2.94431
5666000 2.99757
5667000 3.05247
5668000 3.10857
5669000 3.16655
5670000 3.2239
5671000 3.28386
5672000 3.34577
5673000 3.40945
5674000 3.47398
5675000 3.53761
5676000 3.60432
5677000 3.67273
5678000 3.74153
5679000 3.81193
5680000 3.88126
5681000 3.95314
5682000 4.02655
5683000 4.10038
5684000 4.17474
5685000 4.24741
5686000 4.32348
5687000 4.4005
5688000 4.47788
5689000 4.5561
5690000 4.63203
5691000 4.71181
5692000 4.79168
5693000 4.8726
5694000 4.95358
5695000 5.03033
5696000 5.11205
5697000 5.19452
5698000 5.27614
5699000 5.35958
5700000 2.38083
5701000 2.40761
5702000 2.43616
5703000 2.46696
5704000 2.49937
5705000 2.53222
5706000 2.56849
5707000 2.60706
5708000 2.64637
5709000 2.68818
5710000 2.73077
5711000 2.77624
5712000 2.82347
5713000 2.87222
5714000 2.92297
5715000 2.97365
5716000 3.02738
5717000 3.08257
5718000 3.13962
5719000 3.19787
5720000 3.25483
5721000 3.31582
5722000 3.37792
5723000 3.44111
5724000 3.50616
5725000 3.56951
5726000 3.63627
5727000 3.70429
5728000 3.77397
5729000 3.84378
5730000 3.91275
5731000 3.98481
5732000 4.05869
5733000 4.13285
5734000 4.2082
5735000 4.28053
5736000 4.35727
5737000 4.43519
5738000 4.51408
5739000 4.59307
5740000 4.66915
5741000 4.74939
5742000 4.83064
5743000 4.91168
5744000 4.99393
5745000 5.07288
5746000 5.1553
5747000 5.23842
5748000 5.32139
5749000 5.40536
5750000 2.37064
5751000 2.39714
5752000 2.42516
5753000 2.45537
5754000 2.48775
5755000 2.52045
5756000 2.55657
5757000 2.59486
5758000 2.6345
5759000 2.67685
5760000 2.71919
5761000 2.76507
5762000 2.8128
5763000 2.86208
5764000 2.91327
5765000 2.96434
5766000 3.01865
5767000 3.07425
5768000 3.13151
5769000 3.1905
5770000 3.24868
5771000 3.30984
5772000 3.37295
5773000 3.4374
5774000 3.50269
5775000 3.5672
5776000 3.63349
5777000 3.70234
5778000 3.7712
5779000 3.84242
5780000 3.91239
5781000 3.98561
5782000 4.05914
5783000 4.13342
5784000 4.2094
5785000 4.28315
5786000 4.35933
5787000 4.43682
5788000 4.51387
5789000 4.59341
5790000 4.67044
5791000 4.75057
5792000 4.83014
5793000 4.91078
5794000 4.99234
5795000 5.07201
5796000 5.15358
5797000 5.23698
5798000 5.32072
5799000 5.40488
5800000 2.39165
5801000 2.41794
5802000 2.4464
5803000 2.47661
5804000 2.50845
5805000 2.54115
5806000 2.57716
5807000 2.61544
5808000 2.65511
5809000 2.69729
5810000 2.7395
5811000 2.78487
5812000 2.83221
5813000 2.88176
5814000 2.93268
5815000 2.98347
5816000 3.03769
5817000 3.09331
5818000 3.15068
5819000 3.20947
5820000 3.2674
5821000 3.32898
5822000 3.39199
5823000 3.45665
5824000 3.52229
5825000 3.58732
5826000 3.65524
5827000 3.72407
5828000 3.7948
5829000 3.866
5830000 3.93612
5831000 4.00937
5832000 4.08396
5833000 4.1596
5834000 4.23444
5835000 4.30913
5836000 4.38726
5837000 4.46595
5838000 4.54543
5839000 4.62494
5840000 4.70333
5841000 4.78402
5842000 4.86606
5843000 4.94906
5844000 5.03249
5845000 5.11274
5846000 5.19682
5847000 5.27794
5848000 5.36215
5849000 5.4473
5850000 2.39759
5851000 2.42409
5852000 2.45237
5853000 2.48299
5854000 2.51546
5855000 2.54827
5856000 2.58459
5857000 2.62257
5858000 2.66296
5859000 2.70543
5860000 2.74793
5861000 2.79415
5862000 2.8418
5863000 2.89171
5864000 2.94333
5865000 2.99458
5866000 3.04913
5867000 3.10516
5868000 3.16331
5869000 3.22172
5870000 3.28049
5871000 3.34244
5872000 3.40599
5873000 3.47041
5874000 3.53571
5875000 3.60096
5876000 3.66912
5877000 3.7381
5878000 3.80743
5879000 3.8791
5880000 3.94943
5881000 4.02261
5882000 4.09726
5883000 4.17265
5884000 4.24868
5885000 4.32255
5886000 4.40041
5887000 4.47862
5888000 4.55708
5889000 4.6369
5890000 4.71368
5891000 4.79462
5892000 4.876
5893000 4.95803
5894000 5.03871
5895000 5.11802
5896000 5.20051
5897000 5.28435
5898000 5.36839
5899000 5.45231
5900000 2.42405
5901000 2.45125
5902000 2.48055
5903000 2.51181
5904000 2.54489
5905000 2.57829
5906000 2.61509
5907000 2.65383
5908000 2.69459
5909000 2.73737
5910000 2.77996
5911000 2.82606
5912000 2.87418
5913000 2.92415
5914000 2.97557
5915000 3.02647
5916000 3.08116
5917000 3.13751
5918000 3.19532
5919000 3.2548
5920000 3.31346
5921000 3.37514
5922000 3.43858
5923000 3.50296
5924000 3.569
5925000 3.63384
5926000 3.70225
5927000 3.77199
5928000 3.84181
5929000 3.91286
5930000 3.98313
5931000 4.05546
5932000 4.12893
5933000 4.20447
5934000 4.2809
5935000 4.35551
5936000 4.43319
5937000 4.51162
5938000 4.59094
5939000 4.6712
5940000 4.74802
5941000 4.82914
5942000 4.91024
5943000 4.99151
5944000 5.07387
5945000 5.15328
5946000 5.23582
5947000 5.31951
5948000 5.40346
5949000 5.48836
5950000 2.43582
5951000 2.46274
5952000 2.49123
5953000 2.52193
5954000 2.55489
5955000 2.5879
5956000 2.6244
5957000 2.66326
5958000 2.70396
5959000 2.74639
5960000 2.7893
5961000 2.83532
5962000 2.88357
5963000 2.93378
5964000 2.98575
5965000 3.0371
5966000 3.09217
5967000 3.14917
5968000 3.20785
5969000 3.26784
5970000 3.32741
5971000 3.39022
5972000 3.45363
5973000 3.51908
5974000 3.58525
5975000 3.65065
5976000 3.71995
5977000 3.79061
5978000 3.86276
5979000 3.93545
5980000 4.00733
5981000 4.08226
5982000 4.15849
5983000 4.23531
5984000 4.31321
5985000 4.38985
5986000 4.4689
5987000 4.54935
5988000 4.62909
5989000 4.71106
5990000 4.79059
5991000 4.87346
5992000 4.9571
5993000 5.04099
5994000 5.126
5995000 5.20753
5996000 5.2933
5997000 5.37896
5998000 5.46412
5999000 5.54884
6000000 2.42868
6001000 2.45528
6002000 2.48416
6003000 2.51486
6004000 2.54754
6005000 2.58078
6006000 2.6175
6007000 2.6563
6008000 2.69711
6009000 2.74
6010000 2.78292
6011000 2.82966
6012000 2.8782
6013000 2.92886
6014000 2.98088
6015000 3.03314
6016000 3.08876
6017000 3.14617
6018000 3.20471
6019000 3.26508
6020000 3.3247
6021000 3.38777
6022000 3.4524
6023000 3.51773
6024000 3.5849
6025000 3.65084
6026000 3.71939
6027000 3.78915
6028000 3.86102
6029000 3.93288
6030000 4.00366
6031000 4.07844
6032000 4.15361
6033000 4.23036
6034000 4.30818
6035000 4.38385
6036000 4.46198
6037000 4.54105
6038000 4.62017
6039000 4.70125
6040000 4.78009
6041000 4.86249
6042000 4.94481
6043000 5.02877
6044000 5.11119
6045000 5.19304
6046000 5.27842
6047000 5.3627
6048000 5.4487
6049000 5.53518
6050000 2.44699
6051000 2.47375
6052000 2.50299
6053000 2.53403
6054000 2.56699
6055000 2.60025
6056000 2.63693
6057000 2.67588
6058000 2.71622
6059000 2.75894
6060000 2.80171
6061000 2.84818
6062000 2.89649
6063000 2.9466
6064000 2.99844
6065000 3.0508
6066000 3.10565
6067000 3.16248
6068000 3.21994
6069000 3.27932
6070000 3.33795
6071000 3.39972
6072000 3.46325
6073000 3.52737
6074000 3.59318
6075000 3.65819
6076000 3.72641
6077000 3.79569
6078000 3.86594
6079000 3.93777
6080000 4.00789
6081000 4.08046
6082000 4.15454
6083000 4.22989
6084000 4.30625
6085000 4.38098
6086000 4.45905
6087000 4.53792
6088000 4.61601
6089000 4.69599
6090000 4.77369
6091000 4.85308
6092000 4.93497
6093000 5.01665
6094000 5.09913
6095000 5.17809
6096000 5.26134
6097000 5.34519
6098000 5.42961
6099000 5.51354
6100000 2.44517
6101000 2.47218
6102000 2.50129
6103000 2.53232
6104000 2.56546
6105000 2.59919
6106000 2.63604
6107000 2.67518
6108000 2.71614
6109000 2.75913
6110000 2.80258
6111000 2.8496
6112000 2.89791
6113000 2.94808
6114000 2.9995
6115000 3.0513
6116000 3.10637
6117000 3.16268
6118000 3.22084
6119000 3.28
6120000 3.33809
6121000 3.39955
6122000 3.46237
6123000 3.52701
6124000 3.59163
6125000 3.65627
6126000 3.72466
6127000 3.79408
6128000 3.86414
6129000 3.93522
6130000 4.00387
6131000 4.07697
6132000 4.15128
6133000 4.22678
6134000 4.30273
6135000 4.37734
6136000 4.45505
6137000 4.53249
6138000 4.61164
6139000 4.69064
6140000 4.76758
6141000 4.84805
6142000 4.92944
6143000 5.01088
6144000 5.09351
6145000 5.17336
6146000 5.25708
6147000 5.34061
6148000 5.42426
6149000 5.5076
6150000 2.49275
6151000 2.52076
6152000 2.55066
6153000 2.58282
6154000 2.61701
6155000 2.65051
6156000 2.6884
6157000 2.72836
6158000 2.76963
6159000 2.81332
6160000 2.85698
6161000 2.9038
6162000 2.95289
6163000 3.00372
6164000 3.05598
6165000 3.1079
6166000 3.16356
6167000 3.2202
6168000 3.27877
6169000 3.33789
6170000 3.39699
6171000 3.45984
6172000 3.52431
6173000 3.58959
6174000 3.65608
6175000 3.72213
6176000 3.79069
6177000 3.86099
6178000 3.93223
6179000 4.00444
6180000 4.07575
6181000 4.15048
6182000 4.22609
6183000 4.30216
6184000 4.37899
6185000 4.45454
6186000 4.5325
6187000 4.6119
6188000 4.69119
6189000 4.77219
6190000 4.84937
6191000 4.93124
6192000 5.0135
6193000 5.09635
6194000 5.17944
6195000 5.25895
6196000 5.34249
6197000 5.42614
6198000 5.51053
6199000 5.59471
6200000 2.47552
6201000 2.5017
6202000 2.52986
6203000 2.55978
6204000 2.59205
6205000 2.62422
6206000 2.66007
6207000 2.69769
6208000 2.73771
6209000 2.77997
6210000 2.82218
6211000 2.8677
6212000 2.91533
6213000 2.96472
6214000 3.01557
6215000 3.06645
6216000 3.12022
6217000 3.17595
6218000 3.23361
6219000 3.2919
6220000 3.3501
6221000 3.41165
6222000 3.47465
6223000 3.5388
6224000 3.60398
6225000 3.66855
6226000 3.73535
6227000 3.80448
6228000 3.87461
6229000 3.94603
6230000 4.01621
6231000 4.08941
6232000 4.16385
6233000 4.23906
6234000 4.31483
6235000 4.38819
6236000 4.46581
6237000 4.54447
6238000 4.6236
6239000 4.70315
6240000 4.78054
6241000 4.86146
6242000 4.94259
6243000 5.02485
6244000 5.10728
6245000 5.18626
6246000 5.26915
6247000 5.35293
6248000 5.43588
6249000 5.51702
6250000 2.48023
6251000 2.50704
6252000 2.53571
6253000 2.56614
6254000 2.59883
6255000 2.6317
6256000 2.66786
6257000 2.70661
6258000 2.74717
6259000 2.78979
6260000 2.83225
6261000 2.8784
6262000 2.92616
6263000 2.9759
6264000 3.02739
6265000 3.07928
6266000 3.13426
6267000 3.19085
6268000 3.249
6269000 3.30837
6270000 3.36712
6271000 3.42942
6272000 3.49305
6273000 3.5584
6274000 3.62444
6275000 3.69014
6276000 3.75881
6277000 3.82829
6278000 3.89906
6279000 3.97145
6280000 4.04115
6281000 4.11534
6282000 4.19057
6283000 4.26691
6284000 4.34361
6285000 4.41835
6286000 4.49591
6287000 4.575
6288000 4.65495
6289000 4.73546
6290000 4.81244
6291000 4.89385
6292000 4.97608
6293000 5.05829
6294000 5.14125
6295000 5.22196
6296000 5.30547
6297000 5.39001
6298000 5.47524
6299000 5.56021
6300000 2.47207
6301000 2.49912
6302000 2.52876
6303000 2.56014
6304000 2.59332
6305000 2.62655
6306000 2.66397
6307000 2.70334
6308000 2.74488
6309000 2.78814
6310000 2.83142
6311000 2.87821
6312000 2.92715
6313000 2.97807
6314000 3.03081
6315000 3.08305
6316000 3.13827
6317000 3.19527
6318000 3.25386
6319000 3.31397
6320000 3.37317
6321000 3.43544
6322000 3.49828
6323000 3.56361
6324000 3.62994
6325000 3.69502
6326000 3.76348
6327000 3.83352
6328000 3.90477
6329000 3.97715
6330000 4.04814
6331000 4.12247
6332000 4.19792
6333000 4.27375
6334000 4.3506
6335000 4.4255
6336000 4.50335
6337000 4.58226
6338000 4.66097
6339000 4.74046
6340000 4.81645
6341000 4.89749
6342000 4.97912
6343000 5.06151
6344000 5.14421
6345000 5.22345
