2 0.000391722
10002 0.000352304
20002 0.000270676
30002 0.000404723
40002 0.000442224
50002 0.000478142
60002 0.000528935
70002 0.000775819
80002 0.000586271
90002 0.000637856
100002 0.000657398
110002 0.000722609
120002 0.000730068
130002 0.000793237
140002 0.000800236
150002 0.00085103
160002 0.000872531
170002 0.000907074
180002 0.000943409
190002 0.000978243
200002 0.000369847
210002 0.000395056
220002 0.00040664
230002 0.00042689
240002 0.000444016
250002 0.000460766
260002 0.000848155
270002 0.000499851
280002 0.000515519
290002 0.000534394
300002 0.00628131
310002 0.000565978
320002 0.000585854
330002 0.00141172
340002 0.00151535
350002 0.000643523
360002 0.000658774
370002 0.000677482
380002 0.000685983
390002 0.000712108
400002 0.00156622
410002 0.0017649
420002 0.000767735
430002 0.000781277
440002 0.00189873
450002 0.00190482
460002 0.00206603
470002 0.00198111
480002 0.00189398
490002 0.000891197
500002 0.00167752
510002 0.000993534
520002 0.000945866
530002 0.000963492
540002 0.000989659
550002 0.000986534
560002 0.00207886
570002 0.00102691
580002 0.00607546
590002 0.00107183
600002 0.001088
610002 0.0024795
620002 0.00252592
630002 0.00255871
640002 0.00258967
650002 0.00264609
660002 0.00265196
670002 0.00293739
680002 0.00273684
690002 0.00126342
700002 0.001264
710002 0.00296006
720002 0.00517342
730002 0.00338887
740002 0.00133967
750002 0.00298193
760002 0.00142788
770002 0.00139296
780002 0.00141534
790002 0.0038818
800002 0.00327765
810002 0.00148863
820002 0.0015718
830002 0.00151518
840002 0.00331215
850002 0.00346595
860002 0.00403363
870002 0.00341661
880002 0.00344115
890002 0.00865812
900002 0.00162201
910002 0.00163535
920002 0.00169443
930002 0.0017669
940002 0.00371197
950002 0.00371047
960002 0.00172281
970002 0.00384788
980002 0.00183452
990002 0.00178848
