0.1 8.4e-08
0.05 8.29996e-08
0.025 1.67001e-07
0.0125 3.34e-07
0.00625 5.84e-07
0.003125 1.167e-06
0.0015625 2.292e-06
0.00078125 4.584e-06
0.000390625 9.127e-06
0.000195313 1.8295e-05
9.76563e-05 3.6423e-05
4.88281e-05 7.3805e-05
2.44141e-05 0.000146944
1.2207e-05 0.000290303
6.10352e-06 0.000607862
3.05176e-06 0.00117192
1.52588e-06 0.00230784
7.62939e-07 0.00471453
3.8147e-07 0.00941156
1.90735e-07 0.018955
9.53674e-08 0.0388096
4.76837e-08 0.0857543
2.38419e-08 0.160484
1.19209e-08 0.322296
5.96046e-09 0.636983
2.98023e-09 1.34518
1.49012e-09 2.61932
7.45058e-10 5.21919
