2 4.1e-08
10002 4.0625e-05
20002 0.000156959
30002 0.000107125
40002 0.000142791
50002 0.000178667
60002 0.000213875
70002 0.000249875
80002 0.000285292
90002 0.000320834
100002 0.000373459
110002 0.000386083
120002 0.000767501
130002 0.0004655
140002 0.000508667
150002 0.000550708
160002 0.000584666
170002 0.000615876
180002 0.000647501
190002 0.000676876
200002 0.000706
210002 0.000748458
220002 0.000788833
230002 0.000819792
240002 0.000841875
250002 0.00104338
260002 0.000927083
270002 0.00105121
280002 0.00102017
290002 0.00113892
300002 0.00107117
310002 0.001109
320002 0.00114125
330002 0.00117642
340002 0.00121721
350002 0.00137667
360002 0.00130988
370002 0.00134025
380002 0.0013595
390002 0.00139558
400002 0.00142896
410002 0.00162492
420002 0.00149683
430002 0.00153563
440002 0.00158296
450002 0.00161883
460002 0.00230588
470002 0.00170129
480002 0.00192296
490002 0.00208125
500002 0.0018
510002 0.00181867
520002 0.00188521
530002 0.00198929
540002 0.00193458
550002 0.00197025
560002 0.00223138
570002 0.0020685
580002 0.00211204
590002 0.00214633
600002 0.00312833
610002 0.00218033
620002 0.00224242
630002 0.00228404
640002 0.00231546
650002 0.00234663
660002 0.0024245
670002 0.00235379
680002 0.00415888
690002 0.00252683
700002 0.00259271
710002 0.00317275
720002 0.00257467
730002 0.00262767
740002 0.00266134
750002 0.00272958
760002 0.00272713
770002 0.00277738
780002 0.00280638
790002 0.00285863
800002 0.00309917
810002 0.0030325
820002 0.00302633
830002 0.00302971
840002 0.00301413
850002 0.00306892
860002 0.0030625
870002 0.00313225
880002 0.00329696
890002 0.00341583
900002 0.003268
910002 0.00326658
920002 0.00337679
930002 0.00386025
940002 0.00338604
950002 0.00342342
960002 0.00345538
970002 0.00352338
980002 0.00381625
990002 0.00396633
