0.1 0.00122307
0.05 0.000258733
0.025 0.00021052
0.0125 0.000207228
0.00625 0.000203144
0.003125 0.000203394
0.0015625 0.000204478
0.00078125 0.000206812
0.000390625 0.000211478
0.000195313 0.000220354
9.76563e-05 0.000233522
4.88281e-05 0.0002699
2.44141e-05 0.000342866
1.2207e-05 0.000505923
6.10352e-06 0.00220663
3.05176e-06 0.00143868
1.52588e-06 0.00257229
7.62939e-07 0.00512757
3.8147e-07 0.0113197
1.90735e-07 0.0194396
9.53674e-08 0.0382856
4.76837e-08 0.0703365
2.38419e-08 0.0937096
1.19209e-08 0.254604
5.96046e-09 0.487061
2.98023e-09 0.942186
1.49012e-09 1.71531
7.45058e-10 3.50212
3.72529e-10 5.77445
1.86265e-10 5.62667
9.31323e-11 5.58666
4.65661e-11 5.68599
2.32831e-11 5.66532
1.16415e-11 5.83885
5.82077e-12 6.35473
2.91038e-12 6.25228
1.45519e-12 6.12032
