0 324000
1000 324000
2000 324023
3000 324148
4000 324372
5000 324702
6000 325070
7000 325573
8000 326131
9000 326701
10000 327297
11000 327799
12000 328252
13000 328665
14000 329045
15000 329386
16000 329714
17000 330067
18000 330464
19000 330862
20000 331242
21000 331626
22000 331976
23000 332325
24000 332676
25000 333034
26000 333374
27000 333687
28000 334065
29000 334411
30000 334829
31000 335210
32000 335618
33000 336059
34000 336528
35000 337026
36000 337541
37000 338052
38000 338619
39000 339205
40000 339772
41000 340347
42000 340868
43000 341348
44000 341864
45000 342458
46000 342995
47000 343546
48000 344110
49000 344728
50000 345334
51000 345877
52000 346452
53000 347050
54000 347652
55000 348258
56000 348866
57000 349458
58000 350060
59000 350690
60000 351265
61000 351749
62000 352213
63000 352678
64000 353216
65000 353789
66000 354375
67000 355032
68000 355632
69000 356294
70000 356950
71000 357563
72000 358195
73000 358832
74000 359526
75000 360213
76000 360835
77000 361516
78000 362115
79000 362691
80000 363297
81000 363857
82000 364405
83000 364942
84000 365470
85000 366084
86000 366674
87000 367251
88000 367876
89000 368596
90000 369236
91000 369850
92000 370526
93000 371239
94000 371947
95000 372679
96000 373327
97000 374000
98000 374613
99000 375238
100000 375802
101000 376362
102000 376887
103000 377500
104000 378117
105000 378719
106000 379323
107000 379944
108000 380611
109000 381287
110000 381971
111000 382682
112000 383397
113000 384057
114000 384704
115000 385390
116000 385987
117000 386605
118000 387253
119000 387917
120000 388575
121000 389198
122000 389785
123000 390425
124000 391079
125000 391723
126000 392352
127000 392919
128000 393600
129000 394227
130000 394912
131000 395536
132000 396232
133000 396824
134000 397519
135000 398228
136000 398888
137000 399595
138000 400292
139000 400990
140000 401730
141000 402393
142000 403035
143000 403681
144000 404340
145000 405092
146000 405763
147000 406415
148000 407119
149000 407835
150000 408545
151000 409147
152000 409786
153000 410505
154000 411235
155000 412015
156000 412712
157000 413462
158000 414247
159000 414959
160000 415774
161000 416483
162000 417200
163000 417933
164000 418728
165000 419518
166000 420228
167000 420911
168000 421651
169000 422322
170000 423072
171000 423773
172000 424476
173000 425222
174000 425913
175000 426676
176000 427353
177000 428097
178000 428865
179000 429590
180000 430379
181000 431137
182000 431867
183000 432645
184000 433447
185000 434217
186000 435012
187000 435783
188000 436516
189000 437261
190000 438000
191000 438675
192000 439385
193000 440109
194000 440860
195000 441635
196000 442340
197000 443138
198000 443860
199000 444623
200000 445396
201000 446150
202000 446911
203000 447667
204000 448453
205000 449259
206000 449998
207000 450756
208000 451558
209000 452320
210000 453100
211000 453832
212000 454505
213000 455233
214000 456004
215000 456794
216000 457464
217000 458153
218000 458857
219000 459575
220000 460336
221000 461096
222000 461772
223000 462551
224000 463323
225000 464128
226000 464827
227000 465559
228000 466263
229000 467084
230000 467886
231000 468694
232000 469493
233000 470347
234000 471175
235000 471898
236000 472636
237000 473357
238000 474143
239000 474882
240000 475603
241000 476281
242000 477077
243000 477872
244000 478627
245000 479419
246000 480115
247000 480869
248000 481665
249000 482483
250000 483311
251000 484099
252000 484885
253000 485659
254000 486531
255000 487368
256000 488161
257000 488938
258000 489734
259000 490596
260000 491421
261000 492177
262000 492987
263000 493723
264000 494512
265000 495306
266000 496044
267000 496832
268000 497622
269000 498406
270000 499147
271000 499918
272000 500758
273000 501577
274000 502400
275000 503224
276000 503974
277000 504759
278000 505616
279000 506419
280000 507245
281000 508061
282000 508999
283000 509892
284000 510766
285000 511628
286000 512478
287000 513295
288000 514177
289000 515016
290000 515884
291000 516648
292000 517418
293000 518292
294000 519108
295000 519965
296000 520738
297000 521539
298000 522387
299000 523250
300000 524143
301000 524928
302000 525740
303000 526612
304000 527455
305000 528299
306000 529139
307000 529962
308000 530818
309000 531650
310000 532443
311000 533318
312000 534129
313000 534968
314000 535821
315000 536675
316000 537446
317000 538274
318000 539073
319000 539924
320000 540769
321000 541606
322000 542409
323000 543233
324000 544066
325000 544900
326000 545703
327000 546556
328000 547374
329000 548254
330000 549203
331000 550066
332000 550956
333000 551822
334000 552752
335000 553663
336000 554559
337000 555381
338000 556256
339000 557129
340000 557981
341000 558835
342000 559734
343000 560673
344000 561546
345000 562403
346000 563247
347000 564090
348000 564887
349000 565842
350000 566708
351000 567463
352000 568264
353000 569027
354000 569881
355000 570753
356000 571568
357000 572404
358000 573258
359000 574129
360000 575019
361000 575866
362000 576698
363000 577503
364000 578441
365000 579287
366000 580136
367000 580911
368000 581738
369000 582642
370000 583518
371000 584373
372000 585176
373000 586016
374000 586854
375000 587733
376000 588561
377000 589438
378000 590323
379000 591192
380000 592130
381000 592997
382000 593872
383000 594758
384000 595673
385000 596580
386000 597420
387000 598368
388000 599235
389000 600186
390000 601102
391000 601911
392000 602767
393000 603630
394000 604511
395000 605365
396000 606201
397000 607056
398000 607955
399000 608834
400000 609774
401000 610619
402000 611514
403000 612371
404000 613288
405000 614210
406000 615081
407000 616013
408000 616923
409000 617817
410000 618721
411000 619541
412000 620416
413000 621285
414000 622243
415000 623191
416000 624029
417000 624967
418000 625883
419000 626772
420000 627640
421000 628521
422000 629429
423000 630361
424000 631242
425000 632175
426000 633086
427000 634013
428000 634896
429000 635834
430000 636756
431000 637738
432000 638688
433000 639626
434000 640592
435000 641489
436000 642407
437000 643318
438000 644231
439000 645105
440000 646054
441000 646986
442000 647850
443000 648768
444000 649577
445000 650471
446000 651305
447000 652164
448000 653107
449000 654036
450000 654942
451000 655778
452000 656622
453000 657545
454000 658480
455000 659467
456000 660384
457000 661347
458000 662261
459000 663165
460000 664061
461000 664997
462000 665897
463000 666829
464000 667784
465000 668712
466000 669663
467000 670583
468000 671452
469000 672351
470000 673247
471000 674151
472000 675019
473000 675941
474000 676865
475000 677787
476000 678715
477000 679600
478000 680495
479000 681385
480000 682323
481000 683233
482000 684130
483000 685034
484000 685990
485000 686907
486000 687784
487000 688689
488000 689637
489000 690577
490000 691550
491000 692463
492000 693427
493000 694292
494000 695260
495000 696177
496000 697081
497000 697990
498000 698840
499000 699775
500000 700681
501000 701556
502000 702520
503000 703501
504000 704444
505000 705389
506000 706351
507000 707271
508000 708208
509000 709157
510000 710076
511000 710983
512000 711913
513000 712823
514000 713723
515000 714680
516000 715589
517000 716492
518000 717424
519000 718392
520000 719431
521000 720384
522000 721361
523000 722313
524000 723202
525000 724158
526000 725107
527000 726025
528000 726967
529000 727918
530000 728859
531000 729772
532000 730698
533000 731596
534000 732572
535000 733562
536000 734506
537000 735392
538000 736302
539000 737292
540000 738207
541000 739130
542000 740034
543000 740993
544000 741982
545000 742912
546000 743847
547000 744766
548000 745668
549000 746655
550000 747610
551000 748540
552000 749451
553000 750352
554000 751272
555000 752253
556000 753172
557000 754084
558000 755066
559000 756001
560000 757013
561000 757983
562000 758955
563000 759913
564000 760857
565000 761836
566000 762809
567000 763718
568000 764616
569000 765567
570000 766507
571000 767365
572000 768318
573000 769286
574000 770257
575000 771191
576000 772167
577000 773152
578000 774127
579000 775092
580000 776076
581000 777000
582000 777941
583000 778941
584000 779871
585000 780810
586000 781766
587000 782709
588000 783577
589000 784547
590000 785490
591000 786408
592000 787357
593000 788332
594000 789265
595000 790220
596000 791138
597000 792072
598000 793001
599000 793964
600000 794968
601000 795847
602000 796802
603000 797735
604000 798746
605000 799657
606000 800614
607000 801542
608000 802475
609000 803474
610000 804443
611000 805331
612000 806247
613000 807219
614000 808195
615000 809127
616000 810012
617000 810932
618000 811829
619000 812762
620000 813671
621000 814603
622000 815474
623000 816409
624000 817363
625000 818317
626000 819227
627000 820126
628000 821102
629000 822039
630000 823033
631000 824028
632000 824981
633000 825903
634000 826870
635000 827912
636000 828858
637000 829820
638000 830738
639000 831692
640000 832671
641000 833653
642000 834618
643000 835610
644000 836561
645000 837489
646000 838382
647000 839362
648000 840288
649000 841323
650000 842249
651000 843170
652000 844132
653000 845080
654000 846033
655000 847027
656000 848032
657000 849006
658000 849965
659000 850914
660000 851869
661000 852743
662000 853669
663000 854553
664000 855524
665000 856482
666000 857441
667000 858316
668000 859291
669000 860296
670000 861247
671000 862146
672000 863146
673000 864152
674000 865093
675000 866099
676000 867085
677000 868056
678000 869037
679000 869977
680000 870869
681000 871784
682000 872748
683000 873658
684000 874613
685000 875633
686000 876602
687000 877600
688000 878514
689000 879502
690000 880464
691000 881368
692000 882334
693000 883268
694000 884212
695000 885193
696000 886097
697000 887027
698000 887956
699000 888895
700000 889843
701000 890719
702000 891676
703000 892595
704000 893508
705000 894447
706000 895370
707000 896296
708000 897156
709000 897995
710000 898974
711000 899909
712000 900862
713000 901847
714000 902755
715000 903739
716000 904654
717000 905603
718000 906606
719000 907528
720000 908434
721000 909289
722000 910176
723000 911086
724000 912129
725000 913055
726000 913930
727000 914883
728000 915821
729000 916745
730000 917688
731000 918565
732000 919542
733000 920459
734000 921380
735000 922300
736000 923209
737000 924077
738000 925087
739000 926073
740000 927015
741000 927876
742000 928837
743000 929748
744000 930726
745000 931669
746000 932612
747000 933588
748000 934531
749000 935507
750000 936399
751000 937314
752000 938229
753000 939164
754000 940100
755000 941082
756000 941996
757000 942920
758000 943796
759000 944731
760000 945685
761000 946571
762000 947443
763000 948401
764000 949322
765000 950304
766000 951203
767000 952114
768000 953042
769000 953951
770000 954857
771000 955773
772000 956646
773000 957523
774000 958508
775000 959493
776000 960389
777000 961317
778000 962208
779000 963134
780000 964108
781000 965009
782000 965954
783000 966852
784000 967838
785000 968793
786000 969651
787000 970582
788000 971448
789000 972360
790000 973319
791000 974267
792000 975234
793000 976202
794000 977143
795000 978039
796000 978917
797000 979844
798000 980740
799000 981722
800000 982686
801000 983572
802000 984451
803000 985320
804000 986278
805000 987225
806000 988099
807000 989068
808000 989963
809000 990891
810000 991844
811000 992803
812000 993713
813000 994639
814000 995550
815000 996465
816000 997341
817000 998215
818000 999131
819000 1000027
820000 1000892
821000 1001713
822000 1002595
823000 1003481
824000 1004368
825000 1005271
826000 1006188
827000 1007031
828000 1007963
829000 1008833
830000 1009655
831000 1010509
832000 1011373
833000 1012264
834000 1013195
835000 1014096
836000 1014957
837000 1015818
838000 1016726
839000 1017619
840000 1018503
841000 1019382
842000 1020160
843000 1021049
844000 1021957
845000 1022847
846000 1023631
847000 1024544
848000 1025431
849000 1026283
850000 1027208
851000 1028117
852000 1028979
853000 1029856
854000 1030784
855000 1031694
856000 1032635
857000 1033486
858000 1034409
859000 1035306
860000 1036220
861000 1037100
862000 1037901
863000 1038784
864000 1039646
865000 1040601
866000 1041447
867000 1042295
868000 1043130
869000 1044091
870000 1044977
871000 1045863
872000 1046705
873000 1047588
874000 1048489
875000 1049393
876000 1050190
877000 1051063
878000 1051948
879000 1052797
880000 1053677
881000 1054487
882000 1055375
883000 1056202
884000 1057037
885000 1057845
886000 1058710
887000 1059580
888000 1060445
889000 1061300
890000 1062207
891000 1063016
892000 1063854
893000 1064716
894000 1065562
895000 1066439
896000 1067254
897000 1068197
898000 1069017
899000 1069905
900000 1070739
901000 1071578
902000 1072397
903000 1073284
904000 1074136
905000 1074981
906000 1075843
907000 1076696
908000 1077531
909000 1078353
910000 1079220
911000 1080003
912000 1080834
913000 1081648
914000 1082444
915000 1083284
916000 1084113
917000 1084897
918000 1085768
919000 1086668
920000 1087507
921000 1088347
922000 1089202
923000 1090055
924000 1090866
925000 1091715
926000 1092531
927000 1093380
928000 1094277
929000 1095098
930000 1095957
931000 1096774
932000 1097572
933000 1098376
934000 1099149
935000 1100028
936000 1100784
937000 1101623
938000 1102375
939000 1103258
940000 1104036
941000 1104840
942000 1105656
943000 1106444
944000 1107288
945000 1108090
946000 1108888
947000 1109717
948000 1110453
949000 1111284
950000 1112115
951000 1112926
952000 1113764
953000 1114594
954000 1115371
955000 1116189
956000 1116948
957000 1117717
958000 1118429
959000 1119255
960000 1120095
961000 1120890
962000 1121738
963000 1122549
964000 1123374
965000 1124140
966000 1124987
967000 1125758
968000 1126556
969000 1127385
970000 1128230
971000 1129087
972000 1129867
973000 1130650
974000 1131478
975000 1132272
976000 1133020
977000 1133752
978000 1134599
979000 1135409
980000 1136218
981000 1136982
982000 1137770
983000 1138504
984000 1139284
985000 1140059
986000 1140839
987000 1141561
988000 1142295
989000 1143091
990000 1143862
991000 1144579
992000 1145310
993000 1146080
994000 1146861
995000 1147671
996000 1148423
997000 1149134
998000 1149909
999000 1150636
1000000 1151396
1001000 1152136
1002000 1152878
1003000 1153680
1004000 1154412
1005000 1155209
1006000 1155958
1007000 1156709
1008000 1157455
1009000 1158181
1010000 1158954
1011000 1159717
1012000 1160426
1013000 1161165
1014000 1161938
1015000 1162641
1016000 1163415
1017000 1164159
1018000 1164842
1019000 1165543
1020000 1166290
1021000 1167064
1022000 1167809
1023000 1168564
1024000 1169286
1025000 1170047
1026000 1170792
1027000 1171564
1028000 1172334
1029000 1173116
1030000 1173891
1031000 1174588
1032000 1175329
1033000 1176089
1034000 1176840
1035000 1177556
1036000 1178282
1037000 1178985
1038000 1179663
1039000 1180420
1040000 1181167
1041000 1181908
1042000 1182647
1043000 1183343
1044000 1184069
1045000 1184755
1046000 1185433
1047000 1186161
1048000 1186836
1049000 1187521
1050000 1188210
1051000 1188930
1052000 1189626
1053000 1190290
1054000 1191038
1055000 1191813
1056000 1192500
1057000 1193220
1058000 1193905
1059000 1194559
1060000 1195254
1061000 1195930
1062000 1196602
1063000 1197306
1064000 1197945
1065000 1198611
1066000 1199316
1067000 1200041
1068000 1200766
1069000 1201468
1070000 1202140
1071000 1202852
1072000 1203511
1073000 1204188
1074000 1204887
1075000 1205550
1076000 1206256
1077000 1206973
1078000 1207633
1079000 1208309
1080000 1208989
1081000 1209652
1082000 1210371
1083000 1211064
1084000 1211718
1085000 1212415
1086000 1213080
1087000 1213820
1088000 1214527
1089000 1215163
1090000 1215865
1091000 1216532
1092000 1217185
1093000 1217873
1094000 1218513
1095000 1219181
1096000 1219841
1097000 1220429
1098000 1221124
1099000 1221810
1100000 1222458
1101000 1223126
1102000 1223799
1103000 1224464
1104000 1225093
1105000 1225744
1106000 1226385
1107000 1227025
1108000 1227658
1109000 1228335
1110000 1228967
1111000 1229634
1112000 1230337
1113000 1231010
1114000 1231638
1115000 1232241
1116000 1232882
1117000 1233575
1118000 1234225
1119000 1234869
1120000 1235508
1121000 1236117
1122000 1236760
1123000 1237373
1124000 1238022
1125000 1238677
1126000 1239395
1127000 1239996
1128000 1240647
1129000 1241305
1130000 1241985
1131000 1242614
1132000 1243266
1133000 1243859
1134000 1244488
1135000 1245141
1136000 1245762
1137000 1246299
1138000 1246908
1139000 1247603
1140000 1248256
1141000 1248889
1142000 1249547
1143000 1250109
1144000 1250678
1145000 1251303
1146000 1251868
1147000 1252543
1148000 1253154
1149000 1253834
1150000 1254441
1151000 1255027
1152000 1255637
1153000 1256210
1154000 1256855
1155000 1257462
1156000 1258034
1157000 1258606
1158000 1259216
1159000 1259800
1160000 1260410
1161000 1261049
1162000 1261636
1163000 1262243
1164000 1262858
1165000 1263419
1166000 1264006
1167000 1264674
1168000 1265272
1169000 1265864
1170000 1266499
1171000 1267088
1172000 1267672
1173000 1268279
1174000 1268857
1175000 1269444
1176000 1270024
1177000 1270612
1178000 1271232
1179000 1271826
1180000 1272397
1181000 1272959
1182000 1273505
1183000 1274071
1184000 1274669
1185000 1275238
1186000 1275783
1187000 1276413
1188000 1276976
1189000 1277542
1190000 1278083
1191000 1278685
1192000 1279266
1193000 1279862
1194000 1280394
1195000 1280933
1196000 1281484
1197000 1282034
1198000 1282562
1199000 1283161
1200000 1283711
1201000 1284299
1202000 1284876
1203000 1285429
1204000 1285956
1205000 1286535
1206000 1287120
1207000 1287652
1208000 1288211
1209000 1288729
1210000 1289262
1211000 1289822
1212000 1290363
1213000 1290929
1214000 1291537
1215000 1292077
1216000 1292648
1217000 1293219
1218000 1293716
1219000 1294261
1220000 1294811
1221000 1295276
1222000 1295853
1223000 1296360
1224000 1296870
1225000 1297396
1226000 1297906
1227000 1298459
1228000 1298983
1229000 1299539
1230000 1300079
1231000 1300599
1232000 1301144
1233000 1301687
1234000 1302213
1235000 1302698
1236000 1303230
1237000 1303756
1238000 1304245
1239000 1304749
1240000 1305307
1241000 1305804
1242000 1306296
1243000 1306766
1244000 1307274
1245000 1307760
1246000 1308231
1247000 1308748
1248000 1309234
1249000 1309720
1250000 1310234
1251000 1310710
1252000 1311193
1253000 1311758
1254000 1312258
1255000 1312765
1256000 1313262
1257000 1313767
1258000 1314286
1259000 1314774
1260000 1315277
1261000 1315759
1262000 1316232
1263000 1316764
1264000 1317213
1265000 1317691
1266000 1318143
1267000 1318647
1268000 1319151
1269000 1319647
1270000 1320124
1271000 1320648
1272000 1321168
1273000 1321629
1274000 1322075
1275000 1322591
1276000 1323080
1277000 1323546
1278000 1324011
1279000 1324477
1280000 1324964
1281000 1325455
1282000 1325935
1283000 1326370
1284000 1326868
1285000 1327328
1286000 1327836
1287000 1328295
1288000 1328799
1289000 1329257
1290000 1329720
1291000 1330177
1292000 1330587
1293000 1331017
1294000 1331493
1295000 1331940
1296000 1332423
1297000 1332923
1298000 1333373
1299000 1333841
1300000 1334269
1301000 1334730
1302000 1335131
1303000 1335590
1304000 1336071
1305000 1336527
1306000 1336969
1307000 1337380
1308000 1337852
1309000 1338326
1310000 1338733
1311000 1339165
1312000 1339607
1313000 1340016
1314000 1340429
1315000 1340864
1316000 1341312
1317000 1341717
1318000 1342173
1319000 1342583
1320000 1343079
1321000 1343501
1322000 1343914
1323000 1344373
1324000 1344801
1325000 1345209
1326000 1345626
1327000 1346051
1328000 1346446
1329000 1346874
1330000 1347287
1331000 1347681
1332000 1348095
1333000 1348516
1334000 1348899
1335000 1349328
1336000 1349720
1337000 1350126
1338000 1350533
1339000 1350959
1340000 1351380
1341000 1351812
1342000 1352209
1343000 1352633
1344000 1353000
1345000 1353427
1346000 1353846
1347000 1354225
1348000 1354668
1349000 1355042
1350000 1355459
1351000 1355867
1352000 1356278
1353000 1356704
1354000 1357110
1355000 1357496
1356000 1357903
1357000 1358279
1358000 1358646
1359000 1359092
1360000 1359509
1361000 1359873
1362000 1360282
1363000 1360649
1364000 1361024
1365000 1361398
1366000 1361829
1367000 1362230
1368000 1362628
1369000 1363035
1370000 1363427
1371000 1363844
1372000 1364211
1373000 1364587
1374000 1364982
1375000 1365363
1376000 1365750
1377000 1366132
1378000 1366483
1379000 1366853
1380000 1367230
1381000 1367627
1382000 1368010
1383000 1368366
1384000 1368729
1385000 1369133
1386000 1369482
1387000 1369831
1388000 1370151
1389000 1370555
1390000 1370944
1391000 1371282
1392000 1371660
1393000 1371996
1394000 1372350
1395000 1372744
1396000 1373097
1397000 1373453
1398000 1373765
1399000 1374111
1400000 1374473
1401000 1374811
1402000 1375186
1403000 1375542
1404000 1375869
1405000 1376219
1406000 1376559
1407000 1376851
1408000 1377227
1409000 1377607
1410000 1377882
1411000 1378198
1412000 1378588
1413000 1378911
1414000 1379276
1415000 1379621
1416000 1380007
1417000 1380338
1418000 1380683
1419000 1381037
1420000 1381363
1421000 1381688
1422000 1382007
1423000 1382327
1424000 1382659
1425000 1383010
1426000 1383357
1427000 1383666
1428000 1384003
1429000 1384359
1430000 1384651
1431000 1384995
1432000 1385332
1433000 1385654
1434000 1385950
1435000 1386276
1436000 1386615
1437000 1386896
1438000 1387238
1439000 1387540
1440000 1387859
1441000 1388176
1442000 1388494
1443000 1388828
1444000 1389137
1445000 1389439
1446000 1389749
1447000 1390071
1448000 1390374
1449000 1390694
1450000 1390996
1451000 1391338
1452000 1391687
1453000 1392017
1454000 1392337
1455000 1392625
1456000 1392942
1457000 1393251
1458000 1393566
1459000 1393872
1460000 1394243
1461000 1394544
1462000 1394852
1463000 1395176
1464000 1395436
1465000 1395764
1466000 1396065
1467000 1396385
1468000 1396671
1469000 1396929
1470000 1397227
1471000 1397536
1472000 1397858
1473000 1398169
1474000 1398495
1475000 1398760
1476000 1399061
1477000 1399351
1478000 1399590
1479000 1399895
1480000 1400220
1481000 1400522
1482000 1400822
1483000 1401103
1484000 1401371
1485000 1401693
1486000 1401981
1487000 1402261
1488000 1402537
1489000 1402835
1490000 1403173
1491000 1403486
1492000 1403771
1493000 1404037
1494000 1404309
1495000 1404592
1496000 1404875
1497000 1405155
1498000 1405420
1499000 1405728
1500000 1405989
1501000 1406287
1502000 1406552
1503000 1406807
1504000 1407081
1505000 1407352
1506000 1407657
1507000 1407905
1508000 1408162
1509000 1408430
1510000 1408686
1511000 1408976
1512000 1409255
1513000 1409487
1514000 1409738
1515000 1409989
1516000 1410230
1517000 1410478
1518000 1410730
1519000 1410990
1520000 1411256
1521000 1411529
1522000 1411777
1523000 1412040
1524000 1412304
1525000 1412591
1526000 1412835
1527000 1413081
1528000 1413343
1529000 1413654
1530000 1413902
1531000 1414113
1532000 1414356
1533000 1414605
1534000 1414881
1535000 1415155
1536000 1415352
1537000 1415629
1538000 1415890
1539000 1416134
1540000 1416389
1541000 1416627
1542000 1416876
1543000 1417153
1544000 1417372
1545000 1417618
1546000 1417875
1547000 1418062
1548000 1418291
1549000 1418562
1550000 1418812
1551000 1419070
1552000 1419283
1553000 1419500
1554000 1419738
1555000 1419963
1556000 1420172
1557000 1420441
1558000 1420693
1559000 1420897
1560000 1421135
1561000 1421356
1562000 1421583
1563000 1421797
1564000 1422040
1565000 1422245
1566000 1422499
1567000 1422736
1568000 1422967
1569000 1423194
1570000 1423407
1571000 1423581
1572000 1423809
1573000 1424077
1574000 1424313
1575000 1424543
1576000 1424742
1577000 1424970
1578000 1425196
1579000 1425428
1580000 1425684
1581000 1425869
1582000 1426093
1583000 1426302
1584000 1426536
1585000 1426761
1586000 1426965
1587000 1427188
1588000 1427411
1589000 1427642
1590000 1427851
1591000 1428036
1592000 1428275
1593000 1428467
1594000 1428675
1595000 1428867
1596000 1429102
1597000 1429291
1598000 1429526
1599000 1429719
1600000 1429918
1601000 1430117
1602000 1430326
1603000 1430514
1604000 1430727
1605000 1430908
1606000 1431105
1607000 1431296
1608000 1431519
1609000 1431724
1610000 1431946
1611000 1432140
1612000 1432333
1613000 1432529
1614000 1432717
1615000 1432929
1616000 1433137
1617000 1433319
1618000 1433502
1619000 1433666
1620000 1433852
1621000 1434047
1622000 1434300
1623000 1434493
1624000 1434677
1625000 1434905
1626000 1435082
1627000 1435266
1628000 1435452
1629000 1435670
1630000 1435885
1631000 1436091
1632000 1436293
1633000 1436450
1634000 1436709
1635000 1436913
1636000 1437109
1637000 1437263
1638000 1437467
1639000 1437707
1640000 1437882
1641000 1438074
1642000 1438263
1643000 1438471
1644000 1438656
1645000 1438847
1646000 1438997
1647000 1439191
1648000 1439393
1649000 1439559
1650000 1439741
1651000 1439937
1652000 1440092
1653000 1440293
1654000 1440433
1655000 1440616
1656000 1440814
1657000 1440990
1658000 1441161
1659000 1441320
1660000 1441481
1661000 1441660
1662000 1441854
1663000 1441986
1664000 1442152
1665000 1442351
1666000 1442511
1667000 1442719
1668000 1442893
1669000 1443069
1670000 1443217
1671000 1443407
1672000 1443602
1673000 1443743
1674000 1443905
1675000 1444053
1676000 1444213
1677000 1444369
1678000 1444545
1679000 1444740
1680000 1444907
1681000 1445055
1682000 1445210
1683000 1445396
1684000 1445554
1685000 1445733
1686000 1445904
1687000 1446073
1688000 1446247
1689000 1446403
1690000 1446566
1691000 1446726
1692000 1446877
1693000 1447023
1694000 1447189
1695000 1447338
1696000 1447510
1697000 1447636
1698000 1447768
1699000 1447892
1700000 1448033
1701000 1448194
1702000 1448301
1703000 1448463
1704000 1448623
1705000 1448790
1706000 1448964
1707000 1449145
1708000 1449315
1709000 1449448
1710000 1449603
1711000 1449762
1712000 1449902
1713000 1450061
1714000 1450195
1715000 1450372
1716000 1450519
1717000 1450648
1718000 1450795
1719000 1450934
1720000 1451063
1721000 1451200
1722000 1451334
1723000 1451482
1724000 1451599
1725000 1451738
1726000 1451840
1727000 1451983
1728000 1452147
1729000 1452280
1730000 1452412
1731000 1452566
1732000 1452680
1733000 1452811
1734000 1452991
1735000 1453155
1736000 1453318
1737000 1453484
1738000 1453609
1739000 1453765
1740000 1453879
1741000 1454039
1742000 1454157
1743000 1454270
1744000 1454437
1745000 1454578
1746000 1454718
1747000 1454868
1748000 1455015
1749000 1455179
1750000 1455317
1751000 1455476
1752000 1455584
1753000 1455725
1754000 1455868
1755000 1455993
1756000 1456145
1757000 1456287
1758000 1456424
1759000 1456556
1760000 1456706
1761000 1456888
1762000 1457034
1763000 1457142
1764000 1457304
1765000 1457415
1766000 1457546
1767000 1457656
1768000 1457769
1769000 1457891
1770000 1458015
1771000 1458103
1772000 1458245
1773000 1458358
1774000 1458521
1775000 1458654
1776000 1458777
1777000 1458876
1778000 1459036
1779000 1459135
1780000 1459261
1781000 1459352
1782000 1459466
1783000 1459586
1784000 1459680
1785000 1459817
1786000 1459950
1787000 1460073
1788000 1460194
1789000 1460324
1790000 1460431
1791000 1460551
1792000 1460639
1793000 1460794
1794000 1460861
1795000 1461000
1796000 1461114
1797000 1461242
1798000 1461378
1799000 1461504
1800000 1461602
1801000 1461699
1802000 1461827
1803000 1461986
1804000 1462109
1805000 1462259
1806000 1462384
1807000 1462478
1808000 1462596
1809000 1462680
1810000 1462811
1811000 1462924
1812000 1463017
1813000 1463156
1814000 1463276
1815000 1463377
1816000 1463483
1817000 1463551
1818000 1463671
1819000 1463797
1820000 1463962
1821000 1464042
1822000 1464173
1823000 1464280
1824000 1464381
1825000 1464470
1826000 1464574
1827000 1464654
1828000 1464785
1829000 1464874
1830000 1464980
1831000 1465084
1832000 1465193
1833000 1465296
1834000 1465393
1835000 1465497
1836000 1465587
1837000 1465643
1838000 1465747
1839000 1465847
1840000 1465897
1841000 1465991
1842000 1466068
1843000 1466166
1844000 1466245
1845000 1466339
1846000 1466426
1847000 1466546
1848000 1466633
1849000 1466763
1850000 1466879
1851000 1466973
1852000 1467040
1853000 1467132
1854000 1467232
1855000 1467331
1856000 1467448
1857000 1467554
1858000 1467654
1859000 1467782
1860000 1467871
1861000 1467970
1862000 1468056
1863000 1468160
1864000 1468254
1865000 1468365
1866000 1468466
1867000 1468570
1868000 1468703
1869000 1468814
1870000 1468923
1871000 1469027
1872000 1469102
1873000 1469209
1874000 1469314
1875000 1469420
1876000 1469525
1877000 1469610
1878000 1469699
1879000 1469790
1880000 1469911
1881000 1469994
1882000 1470071
1883000 1470135
1884000 1470227
1885000 1470299
1886000 1470342
1887000 1470430
1888000 1470503
1889000 1470620
1890000 1470736
1891000 1470826
1892000 1470921
1893000 1471033
1894000 1471123
1895000 1471193
1896000 1471309
1897000 1471394
1898000 1471484
1899000 1471578
1900000 1471627
1901000 1471715
1902000 1471793
1903000 1471872
1904000 1471989
1905000 1472087
1906000 1472169
1907000 1472221
1908000 1472298
1909000 1472417
1910000 1472509
1911000 1472590
1912000 1472676
1913000 1472729
1914000 1472782
1915000 1472853
1916000 1472914
1917000 1473038
1918000 1473114
1919000 1473205
1920000 1473285
1921000 1473384
1922000 1473432
1923000 1473521
1924000 1473626
1925000 1473710
1926000 1473775
1927000 1473850
1928000 1473937
1929000 1474026
1930000 1474100
1931000 1474188
1932000 1474231
1933000 1474354
1934000 1474451
1935000 1474496
1936000 1474573
1937000 1474647
1938000 1474738
1939000 1474781
1940000 1474844
1941000 1474935
1942000 1475025
1943000 1475069
1944000 1475175
1945000 1475244
1946000 1475311
1947000 1475413
1948000 1475482
1949000 1475557
1950000 1475662
1951000 1475722
1952000 1475778
1953000 1475845
1954000 1475900
1955000 1475953
1956000 1476011
1957000 1476105
1958000 1476206
1959000 1476297
1960000 1476371
1961000 1476426
1962000 1476473
1963000 1476566
1964000 1476629
1965000 1476705
1966000 1476781
1967000 1476890
1968000 1476938
1969000 1477034
1970000 1477081
1971000 1477097
1972000 1477156
1973000 1477233
1974000 1477273
1975000 1477330
1976000 1477407
1977000 1477490
1978000 1477598
1979000 1477682
1980000 1477758
1981000 1477811
1982000 1477860
1983000 1477924
1984000 1477992
1985000 1478028
1986000 1478096
1987000 1478162
1988000 1478257
1989000 1478308
1990000 1478364
1991000 1478457
1992000 1478493
1993000 1478576
1994000 1478675
1995000 1478728
1996000 1478782
1997000 1478839
1998000 1478910
1999000 1478952
2000000 1479025
2001000 1479082
2002000 1479172
2003000 1479265
2004000 1479347
2005000 1479408
2006000 1479465
2007000 1479509
2008000 1479604
2009000 1479672
2010000 1479727
2011000 1479765
2012000 1479798
2013000 1479854
2014000 1479937
2015000 1479996
2016000 1480096
2017000 1480156
2018000 1480222
2019000 1480304
2020000 1480375
2021000 1480455
2022000 1480518
2023000 1480593
2024000 1480646
2025000 1480668
2026000 1480726
2027000 1480787
2028000 1480837
2029000 1480878
2030000 1480936
2031000 1481029
2032000 1481063
2033000 1481120
2034000 1481187
2035000 1481228
2036000 1481289
2037000 1481356
2038000 1481416
2039000 1481464
2040000 1481528
2041000 1481634
2042000 1481688
2043000 1481768
2044000 1481807
2045000 1481852
2046000 1481926
2047000 1481974
2048000 1482060
2049000 1482120
2050000 1482178
2051000 1482235
2052000 1482326
2053000 1482391
2054000 1482477
2055000 1482535
2056000 1482576
2057000 1482608
2058000 1482671
2059000 1482720
2060000 1482768
2061000 1482840
2062000 1482891
2063000 1482939
2064000 1483000
2065000 1483050
2066000 1483108
2067000 1483188
2068000 1483249
2069000 1483278
2070000 1483337
2071000 1483358
2072000 1483401
2073000 1483458
2074000 1483497
2075000 1483556
2076000 1483577
2077000 1483625
2078000 1483660
2079000 1483682
2080000 1483728
2081000 1483799
2082000 1483869
2083000 1483906
2084000 1483952
2085000 1483997
2086000 1484054
2087000 1484110
2088000 1484151
2089000 1484215
2090000 1484287
2091000 1484325
2092000 1484363
2093000 1484406
2094000 1484448
2095000 1484464
2096000 1484511
2097000 1484569
2098000 1484636
2099000 1484678
2100000 1484711
2101000 1484736
2102000 1484798
2103000 1484826
2104000 1484886
2105000 1484953
2106000 1484965
2107000 1485008
2108000 1485063
2109000 1485097
2110000 1485148
2111000 1485188
2112000 1485265
2113000 1485318
2114000 1485384
2115000 1485411
2116000 1485452
2117000 1485494
2118000 1485530
2119000 1485588
2120000 1485636
2121000 1485647
2122000 1485696
2123000 1485727
2124000 1485763
2125000 1485803
2126000 1485849
2127000 1485892
2128000 1485915
2129000 1485978
2130000 1486035
2131000 1486073
2132000 1486136
2133000 1486201
2134000 1486236
2135000 1486295
2136000 1486340
2137000 1486408
2138000 1486426
2139000 1486490
2140000 1486531
2141000 1486568
2142000 1486610
2143000 1486658
2144000 1486719
2145000 1486750
2146000 1486808
2147000 1486854
2148000 1486886
2149000 1486902
2150000 1486975
2151000 1487051
2152000 1487083
2153000 1487127
2154000 1487215
2155000 1487298
2156000 1487374
2157000 1487395
2158000 1487432
2159000 1487482
2160000 1487524
2161000 1487588
2162000 1487642
2163000 1487707
2164000 1487768
2165000 1487803
2166000 1487852
2167000 1487886
2168000 1487938
2169000 1487949
2170000 1488005
2171000 1488062
2172000 1488112
2173000 1488139
2174000 1488173
2175000 1488206
2176000 1488258
2177000 1488304
2178000 1488379
2179000 1488401
2180000 1488461
2181000 1488521
2182000 1488582
2183000 1488634
2184000 1488693
2185000 1488741
2186000 1488792
2187000 1488831
2188000 1488862
2189000 1488892
2190000 1488928
2191000 1488970
2192000 1488986
2193000 1489026
2194000 1489056
2195000 1489097
2196000 1489130
2197000 1489184
2198000 1489221
2199000 1489267
2200000 1489297
2201000 1489372
2202000 1489430
2203000 1489447
2204000 1489453
2205000 1489483
2206000 1489512
2207000 1489580
2208000 1489633
2209000 1489674
2210000 1489727
2211000 1489771
2212000 1489847
2213000 1489873
2214000 1489942
2215000 1489993
2216000 1490049
2217000 1490072
2218000 1490099
2219000 1490130
2220000 1490176
2221000 1490243
2222000 1490290
2223000 1490334
2224000 1490397
2225000 1490447
2226000 1490465
2227000 1490507
2228000 1490523
2229000 1490544
2230000 1490558
2231000 1490632
2232000 1490669
2233000 1490706
2234000 1490747
2235000 1490817
2236000 1490863
2237000 1490914
2238000 1490933
2239000 1490968
2240000 1491008
2241000 1491039
2242000 1491070
2243000 1491136
2244000 1491194
2245000 1491255
2246000 1491299
2247000 1491328
2248000 1491398
2249000 1491439
2250000 1491483
2251000 1491520
2252000 1491557
2253000 1491597
2254000 1491623
2255000 1491680
2256000 1491710
2257000 1491740
2258000 1491765
2259000 1491799
2260000 1491833
2261000 1491859
2262000 1491901
2263000 1491921
2264000 1491970
2265000 1492010
2266000 1492036
2267000 1492048
2268000 1492073
2269000 1492107
2270000 1492179
2271000 1492230
2272000 1492290
2273000 1492316
2274000 1492348
2275000 1492390
2276000 1492428
2277000 1492459
2278000 1492500
2279000 1492511
2280000 1492543
2281000 1492583
2282000 1492635
2283000 1492691
2284000 1492745
2285000 1492781
2286000 1492830
2287000 1492852
2288000 1492878
2289000 1492909
2290000 1492940
2291000 1492959
2292000 1492997
2293000 1493023
2294000 1493051
2295000 1493103
2296000 1493148
2297000 1493185
2298000 1493210
2299000 1493267
2300000 1493292
2301000 1493348
2302000 1493405
2303000 1493417
2304000 1493451
2305000 1493483
2306000 1493498
2307000 1493540
2308000 1493577
2309000 1493645
2310000 1493653
2311000 1493677
2312000 1493733
2313000 1493756
2314000 1493780
2315000 1493841
2316000 1493869
2317000 1493934
2318000 1493919
2319000 1493964
2320000 1493989
2321000 1494017
2322000 1494053
2323000 1494097
2324000 1494114
2325000 1494154
2326000 1494208
2327000 1494270
2328000 1494342
2329000 1494373
2330000 1494403
2331000 1494444
2332000 1494504
2333000 1494548
2334000 1494604
2335000 1494660
2336000 1494709
2337000 1494751
2338000 1494782
2339000 1494822
2340000 1494800
2341000 1494827
2342000 1494848
2343000 1494870
2344000 1494928
2345000 1494990
2346000 1495040
2347000 1495054
2348000 1495073
2349000 1495132
2350000 1495193
2351000 1495244
2352000 1495296
2353000 1495338
2354000 1495366
2355000 1495406
2356000 1495495
2357000 1495522
2358000 1495547
2359000 1495600
2360000 1495616
2361000 1495683
2362000 1495731
2363000 1495786
2364000 1495831
2365000 1495840
2366000 1495854
2367000 1495903
2368000 1495956
2369000 1495996
2370000 1496039
2371000 1496089
2372000 1496130
2373000 1496158
2374000 1496174
2375000 1496232
2376000 1496280
2377000 1496322
2378000 1496332
2379000 1496391
2380000 1496445
2381000 1496476
2382000 1496497
2383000 1496554
2384000 1496608
2385000 1496638
2386000 1496656
2387000 1496659
2388000 1496711
2389000 1496754
2390000 1496810
2391000 1496871
2392000 1496934
2393000 1496969
2394000 1496980
2395000 1496983
2396000 1497058
2397000 1497089
2398000 1497143
2399000 1497197
2400000 1497251
2401000 1497323
2402000 1497351
2403000 1497384
2404000 1497429
2405000 1497484
2406000 1497537
2407000 1497558
2408000 1497588
2409000 1497621
2410000 1497677
2411000 1497685
2412000 1497735
2413000 1497794
2414000 1497845
2415000 1497918
2416000 1497961
2417000 1497973
2418000 1497966
2419000 1498011
2420000 1498065
2421000 1498103
2422000 1498136
2423000 1498128
2424000 1498186
2425000 1498231
2426000 1498261
2427000 1498310
2428000 1498335
2429000 1498377
2430000 1498411
2431000 1498448
2432000 1498501
2433000 1498543
2434000 1498551
2435000 1498600
2436000 1498666
2437000 1498662
2438000 1498698
2439000 1498746
2440000 1498770
2441000 1498788
2442000 1498803
2443000 1498829
2444000 1498856
2445000 1498918
2446000 1498946
2447000 1499014
2448000 1499033
2449000 1499040
2450000 1499080
2451000 1499107
2452000 1499116
2453000 1499135
2454000 1499198
2455000 1499245
2456000 1499301
2457000 1499383
2458000 1499414
2459000 1499448
2460000 1499453
2461000 1499492
2462000 1499526
2463000 1499546
2464000 1499592
2465000 1499608
2466000 1499638
2467000 1499668
2468000 1499714
2469000 1499734
2470000 1499758
2471000 1499783
2472000 1499841
2473000 1499874
2474000 1499938
2475000 1499958
2476000 1500011
2477000 1500040
2478000 1500070
2479000 1500092
2480000 1500115
2481000 1500169
2482000 1500229
2483000 1500238
2484000 1500291
2485000 1500335
2486000 1500387
2487000 1500422
2488000 1500494
2489000 1500534
2490000 1500554
2491000 1500599
2492000 1500624
2493000 1500645
2494000 1500678
2495000 1500734
2496000 1500776
2497000 1500825
2498000 1500854
2499000 1500913
2500000 1500952
2501000 1500977
2502000 1501021
2503000 1501070
2504000 1501139
2505000 1501174
2506000 1501221
2507000 1501292
2508000 1501350
2509000 1501393
2510000 1501459
2511000 1501503
2512000 1501508
2513000 1501580
2514000 1501612
2515000 1501684
2516000 1501717
2517000 1501755
2518000 1501796
2519000 1501831
2520000 1501865
2521000 1501881
2522000 1501927
2523000 1501999
2524000 1502069
2525000 1502112
2526000 1502137
2527000 1502176
2528000 1502230
2529000 1502251
2530000 1502280
2531000 1502331
2532000 1502360
2533000 1502381
2534000 1502427
2535000 1502454
2536000 1502479
2537000 1502519
2538000 1502551
2539000 1502619
2540000 1502687
2541000 1502722
2542000 1502735
2543000 1502797
2544000 1502810
2545000 1502841
2546000 1502872
2547000 1502920
2548000 1502955
2549000 1502999
2550000 1503027
2551000 1503063
2552000 1503038
2553000 1503086
2554000 1503108
2555000 1503137
2556000 1503175
2557000 1503219
2558000 1503266
2559000 1503310
2560000 1503347
2561000 1503404
2562000 1503416
2563000 1503463
2564000 1503499
2565000 1503566
2566000 1503629
2567000 1503667
2568000 1503692
2569000 1503732
2570000 1503766
2571000 1503830
2572000 1503891
2573000 1503952
2574000 1504044
2575000 1504051
2576000 1504077
2577000 1504138
2578000 1504158
2579000 1504224
2580000 1504253
2581000 1504323
2582000 1504383
2583000 1504434
2584000 1504488
2585000 1504523
2586000 1504571
2587000 1504592
2588000 1504647
2589000 1504670
2590000 1504689
2591000 1504738
2592000 1504786
2593000 1504811
2594000 1504821
2595000 1504857
2596000 1504907
2597000 1504917
2598000 1504978
2599000 1505049
2600000 1505087
2601000 1505092
2602000 1505136
2603000 1505169
2604000 1505228
2605000 1505259
2606000 1505294
2607000 1505334
2608000 1505376
2609000 1505418
2610000 1505447
2611000 1505500
2612000 1505522
2613000 1505550
2614000 1505609
2615000 1505654
2616000 1505710
2617000 1505753
2618000 1505803
2619000 1505854
2620000 1505911
2621000 1505962
2622000 1505991
2623000 1506034
2624000 1506068
2625000 1506117
2626000 1506158
2627000 1506197
2628000 1506250
2629000 1506258
2630000 1506291
2631000 1506313
2632000 1506343
2633000 1506373
2634000 1506410
2635000 1506454
2636000 1506508
2637000 1506566
2638000 1506609
2639000 1506647
2640000 1506677
2641000 1506719
2642000 1506756
2643000 1506780
2644000 1506838
2645000 1506892
2646000 1506947
2647000 1506961
2648000 1506997
2649000 1507035
2650000 1507091
2651000 1507135
2652000 1507173
2653000 1507206
2654000 1507248
2655000 1507303
2656000 1507314
2657000 1507371
2658000 1507418
2659000 1507457
2660000 1507513
2661000 1507549
2662000 1507562
2663000 1507606
2664000 1507629
2665000 1507687
2666000 1507725
2667000 1507765
2668000 1507786
2669000 1507812
2670000 1507871
2671000 1507933
2672000 1508019
2673000 1508046
2674000 1508092
2675000 1508151
2676000 1508198
2677000 1508283
2678000 1508314
2679000 1508367
2680000 1508424
2681000 1508473
2682000 1508520
2683000 1508532
2684000 1508559
2685000 1508618
2686000 1508665
2687000 1508699
2688000 1508724
2689000 1508782
2690000 1508806
2691000 1508857
2692000 1508914
2693000 1508953
2694000 1508992
2695000 1509022
2696000 1509074
2697000 1509110
2698000 1509153
2699000 1509188
2700000 1509206
2701000 1509277
2702000 1509304
2703000 1509353
2704000 1509411
2705000 1509465
2706000 1509498
2707000 1509538
2708000 1509579
2709000 1509634
2710000 1509648
2711000 1509682
2712000 1509712
2713000 1509730
2714000 1509757
2715000 1509807
2716000 1509854
2717000 1509902
2718000 1509959
2719000 1510031
2720000 1510082
2721000 1510148
2722000 1510199
2723000 1510210
2724000 1510276
2725000 1510345
2726000 1510381
2727000 1510425
2728000 1510491
2729000 1510534
2730000 1510576
2731000 1510612
2732000 1510687
2733000 1510746
2734000 1510785
2735000 1510821
2736000 1510856
2737000 1510899
2738000 1510953
2739000 1511006
2740000 1511056
2741000 1511106
2742000 1511157
2743000 1511199
2744000 1511256
2745000 1511290
2746000 1511345
2747000 1511410
2748000 1511449
2749000 1511486
2750000 1511507
2751000 1511538
2752000 1511557
2753000 1511571
2754000 1511627
2755000 1511673
2756000 1511720
2757000 1511825
2758000 1511897
2759000 1511943
2760000 1512001
2761000 1512037
2762000 1512085
2763000 1512123
2764000 1512173
2765000 1512259
2766000 1512290
2767000 1512351
2768000 1512396
2769000 1512448
2770000 1512492
2771000 1512544
2772000 1512591
2773000 1512621
2774000 1512652
2775000 1512717
2776000 1512796
2777000 1512850
2778000 1512888
2779000 1512951
2780000 1513014
2781000 1513072
2782000 1513114
2783000 1513149
2784000 1513189
2785000 1513241
2786000 1513274
2787000 1513328
2788000 1513394
2789000 1513453
2790000 1513485
2791000 1513530
2792000 1513552
2793000 1513621
2794000 1513615
2795000 1513668
2796000 1513714
2797000 1513738
2798000 1513788
2799000 1513826
2800000 1513831
2801000 1513874
2802000 1513919
2803000 1513968
2804000 1514038
2805000 1514079
2806000 1514114
2807000 1514179
2808000 1514236
2809000 1514281
2810000 1514297
2811000 1514364
2812000 1514425
2813000 1514487
2814000 1514527
2815000 1514585
2816000 1514634
2817000 1514703
2818000 1514764
2819000 1514815
2820000 1514864
2821000 1514938
2822000 1514993
2823000 1515029
2824000 1515108
2825000 1515143
2826000 1515171
2827000 1515226
2828000 1515270
2829000 1515323
2830000 1515372
2831000 1515421
2832000 1515435
2833000 1515462
2834000 1515528
2835000 1515538
2836000 1515570
2837000 1515653
2838000 1515706
2839000 1515738
2840000 1515808
2841000 1515868
2842000 1515909
2843000 1515960
2844000 1516027
2845000 1516059
2846000 1516111
2847000 1516148
2848000 1516210
2849000 1516260
2850000 1516327
2851000 1516362
2852000 1516392
2853000 1516484
2854000 1516539
2855000 1516580
2856000 1516616
2857000 1516655
2858000 1516701
2859000 1516725
2860000 1516766
2861000 1516799
2862000 1516852
2863000 1516877
2864000 1516941
2865000 1517011
2866000 1517090
2867000 1517153
2868000 1517189
2869000 1517219
2870000 1517272
2871000 1517319
2872000 1517320
2873000 1517358
2874000 1517419
2875000 1517438
2876000 1517488
2877000 1517542
2878000 1517569
2879000 1517635
2880000 1517682
2881000 1517728
2882000 1517788
2883000 1517856
2884000 1517904
2885000 1517968
2886000 1518011
2887000 1518101
2888000 1518147
2889000 1518177
2890000 1518224
2891000 1518249
2892000 1518294
2893000 1518319
2894000 1518380
2895000 1518473
2896000 1518525
2897000 1518554
2898000 1518591
2899000 1518640
2900000 1518709
2901000 1518764
2902000 1518858
2903000 1518877
2904000 1518937
2905000 1518993
2906000 1519027
2907000 1519048
2908000 1519124
2909000 1519157
2910000 1519222
2911000 1519271
2912000 1519350
2913000 1519400
2914000 1519453
2915000 1519515
2916000 1519565
2917000 1519619
2918000 1519679
2919000 1519733
2920000 1519753
2921000 1519789
2922000 1519807
2923000 1519839
2924000 1519900
2925000 1519968
2926000 1520047
2927000 1520098
2928000 1520141
2929000 1520195
2930000 1520243
2931000 1520277
2932000 1520321
2933000 1520392
2934000 1520451
2935000 1520516
2936000 1520587
2937000 1520659
2938000 1520712
2939000 1520756
2940000 1520818
2941000 1520869
2942000 1520923
2943000 1520973
2944000 1520982
2945000 1521031
2946000 1521109
2947000 1521149
2948000 1521211
2949000 1521316
2950000 1521373
2951000 1521403
2952000 1521450
2953000 1521484
2954000 1521517
2955000 1521564
2956000 1521606
2957000 1521630
2958000 1521719
2959000 1521781
2960000 1521835
2961000 1521883
2962000 1521942
2963000 1522045
2964000 1522113
2965000 1522163
2966000 1522217
2967000 1522254
2968000 1522316
2969000 1522353
2970000 1522396
2971000 1522449
2972000 1522501
2973000 1522580
2974000 1522635
2975000 1522692
2976000 1522739
2977000 1522807
2978000 1522892
2979000 1522917
2980000 1522964
2981000 1523016
2982000 1523070
2983000 1523125
2984000 1523172
2985000 1523217
2986000 1523297
2987000 1523349
2988000 1523413
2989000 1523476
2990000 1523543
2991000 1523597
2992000 1523672
2993000 1523733
2994000 1523811
2995000 1523850
2996000 1523908
2997000 1523932
2998000 1523965
2999000 1524010
3000000 1524084
3001000 1524115
3002000 1524174
3003000 1524228
3004000 1524311
3005000 1524383
3006000 1524427
3007000 1524474
3008000 1524542
3009000 1524635
3010000 1524691
3011000 1524734
3012000 1524820
3013000 1524904
3014000 1524969
3015000 1525065
3016000 1525147
3017000 1525225
3018000 1525301
3019000 1525357
3020000 1525414
3021000 1525460
3022000 1525504
3023000 1525558
3024000 1525623
3025000 1525709
3026000 1525779
3027000 1525825
3028000 1525888
3029000 1525939
3030000 1525966
3031000 1526034
3032000 1526101
3033000 1526152
3034000 1526214
3035000 1526270
3036000 1526347
3037000 1526425
3038000 1526465
3039000 1526527
3040000 1526572
3041000 1526631
3042000 1526668
3043000 1526720
3044000 1526740
3045000 1526762
3046000 1526817
3047000 1526875
3048000 1526911
3049000 1526963
3050000 1527027
3051000 1527066
3052000 1527131
3053000 1527212
3054000 1527289
3055000 1527339
3056000 1527396
3057000 1527429
3058000 1527497
3059000 1527575
3060000 1527656
3061000 1527700
3062000 1527751
3063000 1527835
3064000 1527911
3065000 1527996
3066000 1528074
3067000 1528130
3068000 1528197
3069000 1528277
3070000 1528378
3071000 1528432
3072000 1528472
3073000 1528498
3074000 1528584
3075000 1528646
3076000 1528691
3077000 1528749
3078000 1528801
3079000 1528886
3080000 1528954
3081000 1529014
3082000 1529076
3083000 1529148
3084000 1529247
3085000 1529305
3086000 1529361
3087000 1529420
3088000 1529487
3089000 1529553
3090000 1529626
3091000 1529687
3092000 1529741
3093000 1529836
3094000 1529905
3095000 1529945
3096000 1530007
3097000 1530078
3098000 1530125
3099000 1530212
3100000 1530313
3101000 1530341
3102000 1530380
3103000 1530435
3104000 1530499
3105000 1530560
3106000 1530666
3107000 1530721
3108000 1530809
3109000 1530888
3110000 1530972
3111000 1531040
3112000 1531107
3113000 1531162
3114000 1531199
3115000 1531262
3116000 1531316
3117000 1531375
3118000 1531462
3119000 1531555
3120000 1531613
3121000 1531687
3122000 1531734
3123000 1531783
3124000 1531845
3125000 1531899
3126000 1531961
3127000 1532032
3128000 1532118
3129000 1532165
3130000 1532237
3131000 1532305
3132000 1532378
3133000 1532449
3134000 1532513
3135000 1532592
3136000 1532646
3137000 1532704
3138000 1532774
3139000 1532834
3140000 1532900
3141000 1532933
3142000 1532987
3143000 1533091
3144000 1533138
3145000 1533247
3146000 1533330
3147000 1533403
3148000 1533520
3149000 1533607
3150000 1533675
3151000 1533759
3152000 1533838
3153000 1533900
3154000 1533966
3155000 1534020
3156000 1534086
3157000 1534152
3158000 1534239
3159000 1534335
3160000 1534429
3161000 1534510
3162000 1534574
3163000 1534649
3164000 1534722
3165000 1534785
3166000 1534845
3167000 1534908
3168000 1535021
3169000 1535073
3170000 1535146
3171000 1535239
3172000 1535301
3173000 1535390
3174000 1535435
3175000 1535540
3176000 1535589
3177000 1535652
3178000 1535741
3179000 1535791
3180000 1535866
3181000 1535921
3182000 1535987
3183000 1536024
3184000 1536089
3185000 1536184
3186000 1536263
3187000 1536340
3188000 1536425
3189000 1536478
3190000 1536548
3191000 1536616
3192000 1536647
3193000 1536718
3194000 1536767
3195000 1536851
3196000 1536905
3197000 1536960
3198000 1537037
3199000 1537107
3200000 1537169
3201000 1537245
3202000 1537307
3203000 1537366
3204000 1537452
3205000 1537516
3206000 1537610
3207000 1537688
3208000 1537749
3209000 1537827
3210000 1537888
3211000 1537939
3212000 1537997
3213000 1538074
3214000 1538154
3215000 1538232
3216000 1538310
3217000 1538404
3218000 1538498
3219000 1538549
3220000 1538600
3221000 1538680
3222000 1538746
3223000 1538833
3224000 1538871
3225000 1538963
3226000 1539050
3227000 1539128
3228000 1539219
3229000 1539256
3230000 1539328
3231000 1539363
3232000 1539447
3233000 1539515
3234000 1539604
3235000 1539679
3236000 1539739
3237000 1539817
3238000 1539899
3239000 1539981
3240000 1540066
3241000 1540129
3242000 1540211
3243000 1540281
3244000 1540334
3245000 1540421
3246000 1540512
3247000 1540564
3248000 1540621
3249000 1540701
3250000 1540783
3251000 1540823
3252000 1540898
3253000 1540959
3254000 1541027
3255000 1541108
3256000 1541167
3257000 1541246
3258000 1541325
3259000 1541390
3260000 1541445
3261000 1541500
3262000 1541575
3263000 1541641
3264000 1541731
3265000 1541798
3266000 1541866
3267000 1541961
3268000 1542029
3269000 1542114
3270000 1542188
3271000 1542259
3272000 1542347
3273000 1542405
3274000 1542468
3275000 1542565
3276000 1542660
3277000 1542698
3278000 1542752
3279000 1542827
3280000 1542904
3281000 1542984
3282000 1543080
3283000 1543171
3284000 1543187
3285000 1543273
3286000 1543331
3287000 1543396
3288000 1543465
3289000 1543555
3290000 1543624
3291000 1543704
3292000 1543797
3293000 1543883
3294000 1543949
3295000 1544019
3296000 1544092
3297000 1544171
3298000 1544229
3299000 1544329
3300000 1544409
3301000 1544452
3302000 1544536
3303000 1544603
3304000 1544690
3305000 1544765
3306000 1544858
3307000 1544947
3308000 1545017
3309000 1545077
3310000 1545159
3311000 1545214
3312000 1545289
3313000 1545360
3314000 1545424
3315000 1545471
3316000 1545545
3317000 1545621
3318000 1545691
3319000 1545747
3320000 1545810
3321000 1545872
3322000 1545941
3323000 1546046
3324000 1546153
3325000 1546234
3326000 1546300
3327000 1546359
3328000 1546409
3329000 1546492
3330000 1546563
3331000 1546633
3332000 1546727
3333000 1546824
3334000 1546881
3335000 1546978
3336000 1547022
3337000 1547126
3338000 1547187
3339000 1547234
3340000 1547322
3341000 1547390
3342000 1547472
3343000 1547548
3344000 1547658
3345000 1547741
3346000 1547798
3347000 1547858
3348000 1547949
3349000 1548010
3350000 1548060
3351000 1548137
3352000 1548229
3353000 1548298
3354000 1548391
3355000 1548461
3356000 1548539
3357000 1548639
3358000 1548726
3359000 1548777
3360000 1548841
3361000 1548903
3362000 1548973
3363000 1549033
3364000 1549121
3365000 1549207
3366000 1549271
3367000 1549343
3368000 1549443
3369000 1549531
3370000 1549605
3371000 1549669
3372000 1549720
3373000 1549796
3374000 1549883
3375000 1549964
3376000 1550011
3377000 1550045
3378000 1550101
3379000 1550180
3380000 1550252
3381000 1550337
3382000 1550431
3383000 1550486
3384000 1550562
3385000 1550646
3386000 1550720
3387000 1550832
3388000 1550904
3389000 1550990
3390000 1551102
3391000 1551217
3392000 1551298
3393000 1551351
3394000 1551421
3395000 1551475
3396000 1551547
3397000 1551639
3398000 1551710
3399000 1551782
3400000 1551883
3401000 1551968
3402000 1552038
3403000 1552115
3404000 1552156
3405000 1552206
3406000 1552294
3407000 1552373
3408000 1552442
3409000 1552514
3410000 1552582
3411000 1552680
3412000 1552787
3413000 1552854
3414000 1552923
3415000 1553000
3416000 1553115
3417000 1553179
3418000 1553248
3419000 1553320
3420000 1553413
3421000 1553477
3422000 1553548
3423000 1553623
3424000 1553714
3425000 1553821
3426000 1553926
3427000 1553996
3428000 1554093
3429000 1554192
3430000 1554261
3431000 1554352
3432000 1554451
3433000 1554533
3434000 1554606
3435000 1554679
3436000 1554757
3437000 1554821
3438000 1554910
3439000 1555001
3440000 1555079
3441000 1555187
3442000 1555235
3443000 1555312
3444000 1555403
3445000 1555504
3446000 1555592
3447000 1555680
3448000 1555762
3449000 1555855
3450000 1555934
3451000 1556025
3452000 1556104
3453000 1556185
3454000 1556266
3455000 1556320
3456000 1556380
3457000 1556456
3458000 1556538
3459000 1556611
3460000 1556677
3461000 1556800
3462000 1556873
3463000 1556970
3464000 1557066
3465000 1557166
3466000 1557241
3467000 1557318
3468000 1557399
3469000 1557487
3470000 1557563
3471000 1557651
3472000 1557725
3473000 1557813
3474000 1557893
3475000 1557993
3476000 1558066
3477000 1558114
3478000 1558197
3479000 1558279
3480000 1558384
3481000 1558455
3482000 1558528
3483000 1558596
3484000 1558701
3485000 1558752
3486000 1558813
3487000 1558885
3488000 1558987
3489000 1559052
3490000 1559126
3491000 1559202
3492000 1559259
3493000 1559340
3494000 1559444
3495000 1559529
3496000 1559610
3497000 1559695
3498000 1559771
3499000 1559848
3500000 1559943
3501000 1560044
3502000 1560131
3503000 1560185
3504000 1560251
3505000 1560324
3506000 1560442
3507000 1560527
3508000 1560610
3509000 1560711
3510000 1560791
3511000 1560888
3512000 1560934
3513000 1560992
3514000 1561073
3515000 1561159
3516000 1561255
3517000 1561341
3518000 1561407
3519000 1561474
3520000 1561566
3521000 1561666
3522000 1561763
3523000 1561865
3524000 1561956
3525000 1562051
3526000 1562139
3527000 1562230
3528000 1562310
3529000 1562418
3530000 1562500
3531000 1562580
3532000 1562644
3533000 1562740
3534000 1562834
3535000 1562928
3536000 1562990
3537000 1563060
3538000 1563146
3539000 1563250
3540000 1563338
3541000 1563422
3542000 1563512
3543000 1563600
3544000 1563668
3545000 1563762
3546000 1563853
3547000 1563913
3548000 1564033
3549000 1564131
3550000 1564220
3551000 1564321
3552000 1564410
3553000 1564459
3554000 1564543
3555000 1564633
3556000 1564713
3557000 1564833
3558000 1564910
3559000 1565002
3560000 1565084
3561000 1565165
3562000 1565233
3563000 1565315
3564000 1565411
3565000 1565510
3566000 1565592
3567000 1565656
3568000 1565771
3569000 1565840
3570000 1565929
3571000 1566033
3572000 1566123
3573000 1566221
3574000 1566325
3575000 1566388
3576000 1566505
3577000 1566603
3578000 1566663
3579000 1566754
3580000 1566863
3581000 1566942
3582000 1567008
3583000 1567104
3584000 1567191
3585000 1567284
3586000 1567388
3587000 1567474
3588000 1567565
3589000 1567649
3590000 1567725
3591000 1567814
3592000 1567912
3593000 1568001
3594000 1568062
3595000 1568137
3596000 1568222
3597000 1568320
3598000 1568397
3599000 1568494
3600000 1568591
3601000 1568680
3602000 1568770
3603000 1568870
3604000 1568977
3605000 1569043
3606000 1569128
3607000 1569223
3608000 1569312
3609000 1569406
3610000 1569507
3611000 1569604
3612000 1569699
3613000 1569788
3614000 1569878
3615000 1569971
3616000 1570064
3617000 1570165
3618000 1570230
3619000 1570342
3620000 1570459
3621000 1570516
3622000 1570641
3623000 1570730
3624000 1570835
3625000 1570925
3626000 1571022
3627000 1571096
3628000 1571178
3629000 1571281
3630000 1571343
3631000 1571454
3632000 1571555
3633000 1571637
3634000 1571746
3635000 1571872
3636000 1571968
3637000 1572039
3638000 1572143
3639000 1572234
3640000 1572345
3641000 1572448
3642000 1572544
3643000 1572626
3644000 1572727
3645000 1572817
3646000 1572894
3647000 1572962
3648000 1573067
3649000 1573137
3650000 1573214
3651000 1573294
3652000 1573384
3653000 1573487
3654000 1573544
3655000 1573635
3656000 1573732
3657000 1573815
3658000 1573900
3659000 1574001
3660000 1574105
3661000 1574232
3662000 1574302
3663000 1574385
3664000 1574446
3665000 1574520
3666000 1574603
3667000 1574693
3668000 1574788
3669000 1574888
3670000 1574987
3671000 1575046
3672000 1575124
3673000 1575265
3674000 1575370
3675000 1575458
3676000 1575555
3677000 1575637
3678000 1575725
3679000 1575801
3680000 1575883
3681000 1575966
3682000 1576038
3683000 1576134
3684000 1576232
3685000 1576316
3686000 1576423
3687000 1576551
3688000 1576629
3689000 1576704
3690000 1576793
3691000 1576875
3692000 1576933
3693000 1577019
3694000 1577095
3695000 1577186
3696000 1577260
3697000 1577345
3698000 1577452
3699000 1577534
3700000 1577657
3701000 1577744
3702000 1577804
3703000 1577907
3704000 1577981
3705000 1578076
3706000 1578174
3707000 1578272
3708000 1578334
3709000 1578416
3710000 1578507
3711000 1578575
3712000 1578682
3713000 1578792
3714000 1578875
3715000 1579018
3716000 1579117
3717000 1579246
3718000 1579326
3719000 1579459
3720000 1579547
3721000 1579658
3722000 1579755
3723000 1579907
3724000 1579987
3725000 1580087
3726000 1580170
3727000 1580293
3728000 1580358
3729000 1580474
3730000 1580561
3731000 1580640
3732000 1580746
3733000 1580844
3734000 1580947
3735000 1581059
3736000 1581176
3737000 1581232
3738000 1581335
3739000 1581434
3740000 1581491
3741000 1581573
3742000 1581688
3743000 1581794
3744000 1581902
3745000 1581997
3746000 1582121
3747000 1582199
3748000 1582285
3749000 1582367
3750000 1582469
3751000 1582572
3752000 1582659
3753000 1582738
3754000 1582860
3755000 1582984
3756000 1583068
3757000 1583156
3758000 1583217
3759000 1583274
3760000 1583350
3761000 1583432
3762000 1583547
3763000 1583677
3764000 1583802
3765000 1583885
3766000 1583967
3767000 1584070
3768000 1584140
3769000 1584219
3770000 1584320
3771000 1584404
3772000 1584501
3773000 1584595
3774000 1584693
3775000 1584783
3776000 1584917
3777000 1585000
3778000 1585118
3779000 1585230
3780000 1585312
3781000 1585422
3782000 1585513
3783000 1585607
3784000 1585707
3785000 1585825
3786000 1585908
3787000 1585996
3788000 1586081
3789000 1586157
3790000 1586241
3791000 1586321
3792000 1586388
3793000 1586483
3794000 1586581
3795000 1586702
3796000 1586803
3797000 1586907
3798000 1587014
3799000 1587116
3800000 1587237
3801000 1587349
3802000 1587438
3803000 1587538
3804000 1587645
3805000 1587735
3806000 1587804
3807000 1587886
3808000 1587998
3809000 1588089
3810000 1588177
3811000 1588264
3812000 1588387
3813000 1588449
3814000 1588574
3815000 1588663
3816000 1588770
3817000 1588885
3818000 1588987
3819000 1589118
3820000 1589203
3821000 1589334
3822000 1589463
3823000 1589587
3824000 1589697
3825000 1589791
3826000 1589887
3827000 1590001
3828000 1590107
3829000 1590193
3830000 1590298
3831000 1590422
3832000 1590515
3833000 1590629
3834000 1590744
3835000 1590833
3836000 1590934
3837000 1591019
3838000 1591110
3839000 1591198
3840000 1591277
3841000 1591400
3842000 1591527
3843000 1591619
3844000 1591734
3845000 1591851
3846000 1591966
3847000 1592084
3848000 1592172
3849000 1592275
3850000 1592357
3851000 1592453
3852000 1592530
3853000 1592586
3854000 1592705
3855000 1592810
3856000 1592918
3857000 1593004
3858000 1593106
3859000 1593220
3860000 1593355
3861000 1593442
3862000 1593545
3863000 1593663
3864000 1593762
3865000 1593865
3866000 1593967
3867000 1594082
3868000 1594209
3869000 1594329
3870000 1594437
3871000 1594514
3872000 1594613
3873000 1594731
3874000 1594828
3875000 1594921
3876000 1595029
3877000 1595107
3878000 1595196
3879000 1595291
3880000 1595394
3881000 1595484
3882000 1595545
3883000 1595681
3884000 1595762
3885000 1595876
3886000 1595978
3887000 1596065
3888000 1596169
3889000 1596268
3890000 1596378
3891000 1596487
3892000 1596607
3893000 1596725
3894000 1596859
3895000 1596948
3896000 1597046
3897000 1597154
3898000 1597240
3899000 1597366
3900000 1597480
3901000 1597609
3902000 1597700
3903000 1597821
3904000 1597923
3905000 1597972
3906000 1598064
3907000 1598176
3908000 1598287
3909000 1598414
3910000 1598513
3911000 1598631
3912000 1598746
3913000 1598869
3914000 1598977
3915000 1599097
3916000 1599184
3917000 1599279
3918000 1599392
3919000 1599520
3920000 1599620
3921000 1599717
3922000 1599826
3923000 1599932
3924000 1600026
3925000 1600101
3926000 1600188
3927000 1600286
3928000 1600426
3929000 1600529
3930000 1600639
3931000 1600737
3932000 1600845
3933000 1600942
3934000 1601024
3935000 1601128
3936000 1601238
3937000 1601333
3938000 1601411
3939000 1601537
3940000 1601621
3941000 1601722
3942000 1601825
3943000 1601939
3944000 1602049
3945000 1602131
3946000 1602253
3947000 1602359
3948000 1602454
3949000 1602571
3950000 1602681
3951000 1602775
3952000 1602873
3953000 1603007
3954000 1603101
3955000 1603199
3956000 1603294
3957000 1603376
3958000 1603508
3959000 1603610
3960000 1603704
3961000 1603819
3962000 1603932
3963000 1604048
3964000 1604153
3965000 1604257
3966000 1604371
3967000 1604444
3968000 1604547
3969000 1604661
3970000 1604741
3971000 1604860
3972000 1604925
3973000 1605017
3974000 1605098
3975000 1605215
3976000 1605317
3977000 1605413
3978000 1605509
3979000 1605620
3980000 1605773
3981000 1605879
3982000 1605968
3983000 1606073
3984000 1606160
3985000 1606277
3986000 1606399
3987000 1606511
3988000 1606620
3989000 1606744
3990000 1606853
3991000 1606977
3992000 1607064
3993000 1607169
3994000 1607266
3995000 1607360
3996000 1607464
3997000 1607593
3998000 1607675
3999000 1607767
4000000 1607895
4001000 1607998
4002000 1608110
4003000 1608202
4004000 1608309
4005000 1608412
4006000 1608518
4007000 1608649
4008000 1608766
4009000 1608878
4010000 1608978
4011000 1609093
4012000 1609237
4013000 1609319
4014000 1609416
4015000 1609518
4016000 1609619
4017000 1609720
4018000 1609829
4019000 1609918
4020000 1610041
4021000 1610124
4022000 1610262
4023000 1610376
4024000 1610453
4025000 1610568
4026000 1610668
4027000 1610741
4028000 1610851
4029000 1610979
4030000 1611064
4031000 1611192
4032000 1611288
4033000 1611402
4034000 1611508
4035000 1611621
4036000 1611760
4037000 1611875
4038000 1611966
4039000 1612078
4040000 1612192
4041000 1612321
4042000 1612451
4043000 1612545
4044000 1612639
4045000 1612771
4046000 1612900
4047000 1612989
4048000 1613088
4049000 1613171
4050000 1613259
4051000 1613394
4052000 1613478
4053000 1613590
4054000 1613676
4055000 1613781
4056000 1613899
4057000 1614015
4058000 1614095
4059000 1614213
4060000 1614287
4061000 1614398
4062000 1614504
4063000 1614633
4064000 1614756
4065000 1614865
4066000 1614971
4067000 1615083
4068000 1615188
4069000 1615304
4070000 1615427
4071000 1615554
4072000 1615704
4073000 1615836
4074000 1615939
4075000 1616038
4076000 1616174
4077000 1616312
4078000 1616433
4079000 1616542
4080000 1616668
4081000 1616757
4082000 1616863
4083000 1616949
4084000 1617065
4085000 1617174
4086000 1617282
4087000 1617395
4088000 1617503
4089000 1617600
4090000 1617705
4091000 1617796
4092000 1617891
4093000 1618003
4094000 1618137
4095000 1618250
4096000 1618359
4097000 1618469
4098000 1618562
4099000 1618656
4100000 1618799
4101000 1618915
4102000 1619035
4103000 1619150
4104000 1619240
4105000 1619338
4106000 1619464
4107000 1619551
4108000 1619641
4109000 1619745
4110000 1619822
4111000 1619929
4112000 1620064
4113000 1620200
4114000 1620320
4115000 1620459
4116000 1620579
4117000 1620683
4118000 1620789
4119000 1620892
4120000 1620997
4121000 1621090
4122000 1621185
4123000 1621297
4124000 1621432
4125000 1621558
4126000 1621688
4127000 1621803
4128000 1621920
4129000 1622029
4130000 1622154
4131000 1622226
4132000 1622334
4133000 1622460
4134000 1622582
4135000 1622679
4136000 1622787
4137000 1622907
4138000 1623034
4139000 1623170
4140000 1623302
4141000 1623430
4142000 1623550
4143000 1623655
4144000 1623735
4145000 1623886
4146000 1623977
4147000 1624055
4148000 1624203
4149000 1624306
4150000 1624437
4151000 1624549
4152000 1624653
4153000 1624764
4154000 1624891
4155000 1624975
4156000 1625084
4157000 1625181
4158000 1625295
4159000 1625428
4160000 1625577
4161000 1625712
4162000 1625800
4163000 1625915
4164000 1626047
4165000 1626179
4166000 1626250
4167000 1626358
4168000 1626460
4169000 1626570
4170000 1626695
4171000 1626809
4172000 1626957
4173000 1627066
4174000 1627170
4175000 1627277
4176000 1627428
4177000 1627535
4178000 1627668
4179000 1627813
4180000 1627919
4181000 1628055
4182000 1628138
4183000 1628256
4184000 1628380
4185000 1628488
4186000 1628636
4187000 1628753
4188000 1628871
4189000 1628981
4190000 1629117
4191000 1629255
4192000 1629390
4193000 1629487
4194000 1629599
4195000 1629687
4196000 1629771
4197000 1629894
4198000 1630000
4199000 1630097
4200000 1630215
4201000 1630318
4202000 1630413
4203000 1630526
4204000 1630616
4205000 1630743
4206000 1630863
4207000 1630978
4208000 1631086
4209000 1631210
4210000 1631333
4211000 1631436
4212000 1631559
4213000 1631701
4214000 1631782
4215000 1631893
4216000 1632024
4217000 1632141
4218000 1632269
4219000 1632407
4220000 1632505
4221000 1632631
4222000 1632713
4223000 1632797
4224000 1632914
4225000 1633029
4226000 1633146
4227000 1633267
4228000 1633344
4229000 1633489
4230000 1633600
4231000 1633734
4232000 1633835
4233000 1633954
4234000 1634078
4235000 1634192
4236000 1634295
4237000 1634399
4238000 1634536
4239000 1634645
4240000 1634775
4241000 1634893
4242000 1635010
4243000 1635096
4244000 1635211
4245000 1635317
4246000 1635447
4247000 1635592
4248000 1635691
4249000 1635801
4250000 1635922
4251000 1636035
4252000 1636165
4253000 1636289
4254000 1636386
4255000 1636507
4256000 1636612
4257000 1636715
4258000 1636821
4259000 1636926
4260000 1637039
4261000 1637137
4262000 1637288
4263000 1637438
4264000 1637540
4265000 1637664
4266000 1637797
4267000 1637911
4268000 1638018
4269000 1638122
4270000 1638253
4271000 1638379
4272000 1638502
4273000 1638613
4274000 1638707
4275000 1638814
4276000 1638912
4277000 1639024
4278000 1639115
4279000 1639201
4280000 1639324
4281000 1639472
4282000 1639588
4283000 1639697
4284000 1639825
4285000 1639955
4286000 1640063
4287000 1640185
4288000 1640312
4289000 1640431
4290000 1640529
4291000 1640632
4292000 1640768
4293000 1640896
4294000 1641007
4295000 1641136
4296000 1641280
4297000 1641395
4298000 1641524
4299000 1641664
4300000 1641792
4301000 1641907
4302000 1642028
4303000 1642143
4304000 1642265
4305000 1642379
4306000 1642529
4307000 1642682
4308000 1642796
4309000 1642900
4310000 1643032
4311000 1643181
4312000 1643299
4313000 1643406
4314000 1643540
4315000 1643664
4316000 1643785
4317000 1643897
4318000 1644015
4319000 1644146
4320000 1644271
4321000 1644398
4322000 1644518
4323000 1644643
4324000 1644770
4325000 1644896
4326000 1645034
4327000 1645167
4328000 1645302
4329000 1645407
4330000 1645499
4331000 1645624
4332000 1645769
4333000 1645900
4334000 1646035
4335000 1646148
4336000 1646274
4337000 1646415
4338000 1646518
4339000 1646636
4340000 1646767
4341000 1646905
4342000 1646997
4343000 1647128
4344000 1647217
4345000 1647347
4346000 1647465
4347000 1647612
4348000 1647751
4349000 1647873
4350000 1647974
4351000 1648098
4352000 1648194
4353000 1648328
4354000 1648465
4355000 1648560
4356000 1648674
4357000 1648819
4358000 1648959
4359000 1649062
4360000 1649181
4361000 1649301
4362000 1649407
4363000 1649547
4364000 1649690
4365000 1649838
4366000 1649959
4367000 1650091
4368000 1650237
4369000 1650363
4370000 1650441
4371000 1650568
4372000 1650674
4373000 1650777
4374000 1650905
4375000 1651064
4376000 1651213
4377000 1651353
4378000 1651480
4379000 1651597
4380000 1651714
4381000 1651828
4382000 1651976
4383000 1652105
4384000 1652235
4385000 1652330
4386000 1652461
4387000 1652568
4388000 1652695
4389000 1652835
4390000 1652941
4391000 1653070
4392000 1653180
4393000 1653303
4394000 1653439
4395000 1653577
4396000 1653691
4397000 1653800
4398000 1653941
4399000 1654078
4400000 1654209
4401000 1654355
4402000 1654478
4403000 1654595
4404000 1654760
4405000 1654885
4406000 1655048
4407000 1655170
4408000 1655300
4409000 1655428
4410000 1655554
4411000 1655679
4412000 1655817
4413000 1655934
4414000 1656076
4415000 1656194
4416000 1656342
4417000 1656478
4418000 1656599
4419000 1656718
4420000 1656870
4421000 1657003
4422000 1657112
4423000 1657247
4424000 1657344
4425000 1657455
4426000 1657592
4427000 1657738
4428000 1657878
4429000 1658013
4430000 1658168
4431000 1658270
4432000 1658395
4433000 1658518
4434000 1658654
4435000 1658772
4436000 1658882
4437000 1659009
4438000 1659121
4439000 1659244
4440000 1659370
4441000 1659492
4442000 1659657
4443000 1659804
4444000 1659926
4445000 1660051
4446000 1660159
4447000 1660312
4448000 1660439
4449000 1660541
4450000 1660653
4451000 1660787
4452000 1660903
4453000 1661008
4454000 1661125
4455000 1661262
4456000 1661386
4457000 1661532
4458000 1661660
4459000 1661789
4460000 1661915
4461000 1662072
4462000 1662222
4463000 1662324
4464000 1662448
4465000 1662567
4466000 1662711
4467000 1662831
4468000 1662953
4469000 1663072
4470000 1663220
4471000 1663323
4472000 1663455
4473000 1663604
4474000 1663743
4475000 1663891
4476000 1663989
4477000 1664120
4478000 1664266
4479000 1664374
4480000 1664494
4481000 1664616
4482000 1664724
4483000 1664818
4484000 1664949
4485000 1665069
4486000 1665186
4487000 1665333
4488000 1665447
4489000 1665563
4490000 1665682
4491000 1665806
4492000 1665918
4493000 1666040
4494000 1666190
4495000 1666322
4496000 1666415
4497000 1666533
4498000 1666642
4499000 1666745
4500000 1666874
4501000 1667013
4502000 1667134
4503000 1667287
4504000 1667413
4505000 1667546
4506000 1667678
4507000 1667795
4508000 1667907
4509000 1668022
4510000 1668172
4511000 1668288
4512000 1668420
4513000 1668567
4514000 1668705
4515000 1668878
4516000 1669001
4517000 1669115
4518000 1669260
4519000 1669403
4520000 1669552
4521000 1669690
4522000 1669810
4523000 1669922
4524000 1670073
4525000 1670209
4526000 1670321
4527000 1670455
4528000 1670607
4529000 1670754
4530000 1670886
4531000 1671027
4532000 1671176
4533000 1671288
4534000 1671432
4535000 1671561
4536000 1671688
4537000 1671830
4538000 1671960
4539000 1672101
4540000 1672227
4541000 1672345
4542000 1672478
4543000 1672596
4544000 1672704
4545000 1672849
4546000 1672961
4547000 1673071
4548000 1673207
4549000 1673325
4550000 1673461
4551000 1673589
4552000 1673699
4553000 1673849
4554000 1673966
4555000 1674095
4556000 1674212
4557000 1674348
4558000 1674446
4559000 1674591
4560000 1674749
4561000 1674864
4562000 1675022
4563000 1675157
4564000 1675284
4565000 1675423
4566000 1675558
4567000 1675674
4568000 1675792
4569000 1675921
4570000 1676026
4571000 1676138
4572000 1676276
4573000 1676383
4574000 1676489
4575000 1676627
4576000 1676762
4577000 1676896
4578000 1677041
4579000 1677198
4580000 1677346
4581000 1677476
4582000 1677585
4583000 1677712
4584000 1677841
4585000 1677968
4586000 1678118
4587000 1678239
4588000 1678404
4589000 1678546
4590000 1678673
4591000 1678798
4592000 1678954
4593000 1679103
4594000 1679239
4595000 1679383
4596000 1679483
4597000 1679624
4598000 1679759
4599000 1679864
4600000 1680019
4601000 1680173
4602000 1680308
4603000 1680461
4604000 1680579
4605000 1680721
4606000 1680835
4607000 1680980
4608000 1681139
4609000 1681272
4610000 1681410
4611000 1681527
4612000 1681643
4613000 1681766
4614000 1681892
4615000 1682038
4616000 1682150
4617000 1682277
4618000 1682456
4619000 1682622
4620000 1682765
4621000 1682940
4622000 1683051
4623000 1683173
4624000 1683294
4625000 1683427
4626000 1683523
4627000 1683654
4628000 1683806
4629000 1683933
4630000 1684071
4631000 1684212
4632000 1684379
4633000 1684531
4634000 1684673
4635000 1684821
4636000 1684951
4637000 1685042
4638000 1685184
4639000 1685305
4640000 1685426
4641000 1685588
4642000 1685730
4643000 1685864
4644000 1685986
4645000 1686132
4646000 1686232
4647000 1686378
4648000 1686512
4649000 1686649
4650000 1686790
4651000 1686922
4652000 1687074
4653000 1687267
4654000 1687397
4655000 1687530
4656000 1687657
4657000 1687775
4658000 1687911
4659000 1688056
4660000 1688197
4661000 1688310
4662000 1688418
4663000 1688582
4664000 1688740
4665000 1688867
4666000 1689039
4667000 1689192
4668000 1689292
4669000 1689451
4670000 1689579
4671000 1689699
4672000 1689834
4673000 1689941
4674000 1690104
4675000 1690232
4676000 1690381
4677000 1690522
4678000 1690675
4679000 1690830
4680000 1690959
4681000 1691086
4682000 1691207
4683000 1691318
4684000 1691476
4685000 1691584
4686000 1691711
4687000 1691831
4688000 1691981
4689000 1692111
4690000 1692230
4691000 1692353
4692000 1692490
4693000 1692622
4694000 1692749
4695000 1692888
4696000 1693028
4697000 1693174
4698000 1693318
4699000 1693475
4700000 1693618
4701000 1693743
4702000 1693866
4703000 1694004
4704000 1694134
4705000 1694257
4706000 1694364
4707000 1694484
4708000 1694645
4709000 1694779
4710000 1694915
4711000 1695038
4712000 1695184
4713000 1695327
4714000 1695458
4715000 1695604
4716000 1695769
4717000 1695930
4718000 1696062
4719000 1696189
4720000 1696329
4721000 1696478
4722000 1696624
4723000 1696761
4724000 1696915
4725000 1697045
4726000 1697160
4727000 1697297
4728000 1697466
4729000 1697613
4730000 1697725
4731000 1697856
4732000 1697988
4733000 1698118
4734000 1698240
4735000 1698404
4736000 1698560
4737000 1698689
4738000 1698812
4739000 1698955
4740000 1699111
4741000 1699259
4742000 1699399
4743000 1699536
4744000 1699697
4745000 1699853
4746000 1700001
4747000 1700191
4748000 1700358
4749000 1700500
4750000 1700646
4751000 1700784
4752000 1700940
4753000 1701096
4754000 1701230
4755000 1701377
4756000 1701494
4757000 1701645
4758000 1701769
4759000 1701909
4760000 1702090
4761000 1702252
4762000 1702401
4763000 1702553
4764000 1702724
4765000 1702900
4766000 1703088
4767000 1703218
4768000 1703367
4769000 1703477
4770000 1703641
4771000 1703796
4772000 1703960
4773000 1704097
4774000 1704192
4775000 1704360
4776000 1704475
4777000 1704622
4778000 1704785
4779000 1704916
4780000 1705063
4781000 1705215
4782000 1705353
4783000 1705489
4784000 1705644
4785000 1705772
4786000 1705916
4787000 1706050
4788000 1706162
4789000 1706312
4790000 1706451
4791000 1706623
4792000 1706790
4793000 1706945
4794000 1707098
4795000 1707220
4796000 1707363
4797000 1707494
4798000 1707626
4799000 1707748
4800000 1707885
4801000 1708035
4802000 1708196
4803000 1708297
4804000 1708396
4805000 1708546
4806000 1708671
4807000 1708809
4808000 1708932
4809000 1709088
4810000 1709247
4811000 1709427
4812000 1709553
4813000 1709723
4814000 1709897
4815000 1710019
4816000 1710183
4817000 1710308
4818000 1710488
4819000 1710630
4820000 1710764
4821000 1710903
4822000 1711100
4823000 1711264
4824000 1711389
4825000 1711532
4826000 1711674
4827000 1711813
4828000 1711948
4829000 1712100
4830000 1712250
4831000 1712388
4832000 1712532
4833000 1712691
4834000 1712784
4835000 1712934
4836000 1713073
4837000 1713194
4838000 1713324
4839000 1713468
4840000 1713598
4841000 1713750
4842000 1713856
4843000 1714012
4844000 1714175
4845000 1714320
4846000 1714457
4847000 1714589
4848000 1714761
4849000 1714928
