0 0.0594158
1000 1.45388
2000 4.82706
3000 9.38953
4000 14.9045
5000 20.4288
6000 25.015
7000 28.617
8000 31.0677
9000 31.8575
10000 31.1954
11000 29.5681
12000 27.1
13000 25.3301
14000 25.0614
15000 25.5131
16000 25.8746
17000 26.0167
18000 25.6803
19000 24.4101
20000 22.4695
21000 20.4284
22000 18.4876
23000 17.0257
24000 16.5463
25000 16.8813
26000 17.6724
27000 18.9499
28000 20.5132
29000 21.9809
30000 23.4389
31000 25.0253
32000 26.4217
33000 27.5451
34000 28.588
35000 29.4026
36000 29.8211
37000 30.0333
38000 29.9227
39000 29.1695
40000 27.9609
41000 26.6478
42000 25.3313
43000 24.2585
44000 23.7669
45000 23.7579
46000 24.078
47000 24.8048
48000 25.7996
49000 26.7375
50000 27.6471
51000 28.5742
52000 29.291
53000 29.8216
54000 30.3742
55000 30.8417
56000 31.0739
57000 31.1818
58000 31.0881
59000 30.5991
60000 29.902
61000 29.1985
62000 28.4318
63000 27.742
64000 27.3689
65000 27.2428
66000 27.2729
67000 27.5918
68000 28.158
69000 28.7349
70000 29.3748
71000 30.1019
72000 30.7103
73000 31.2068
74000 31.7105
75000 32.1027
76000 32.3042
77000 32.438
78000 32.4795
79000 32.2763
80000 31.9499
81000 31.6094
82000 31.1656
83000 30.7188
84000 30.4186
85000 30.195
86000 30.0429
87000 30.0883
88000 30.2772
89000 30.4845
90000 30.8089
91000 31.2453
92000 31.6454
93000 32.0084
94000 32.4127
95000 32.7603
96000 33.0003
97000 33.2208
98000 33.3847
99000 33.3886
100000 33.3281
101000 33.2405
102000 33.0445
103000 32.7646
104000 32.5475
105000 32.3366
106000 32.0915
107000 31.9378
108000 31.8668
109000 31.7963
110000 31.8201
111000 31.9664
112000 32.1284
113000 32.341
114000 32.6735
115000 33.0031
116000 33.273
117000 33.5532
118000 33.7867
119000 33.8868
120000 33.9375
121000 33.9753
122000 33.9044
123000 33.7767
124000 33.6918
125000 33.5701
126000 33.3844
127000 33.2454
128000 33.1054
129000 32.9324
130000 32.8165
131000 32.8033
132000 32.8027
133000 32.8693
134000 33.0308
135000 33.2225
136000 33.4072
137000 33.6243
138000 33.8546
139000 34.0223
140000 34.1675
141000 34.3216
142000 34.3913
143000 34.4191
144000 34.469
145000 34.4584
146000 34.3788
147000 34.3054
148000 34.2163
149000 34.0802
150000 33.9825
151000 33.9511
152000 33.9075
153000 33.8712
154000 33.9134
155000 33.9705
156000 34.0242
157000 34.131
158000 34.2711
159000 34.4016
160000 34.5534
161000 34.7348
162000 34.8623
163000 34.9726
164000 35.1092
165000 35.211
166000 35.255
167000 35.2971
168000 35.3174
169000 35.2895
170000 35.2547
171000 35.224
172000 35.1451
173000 35.0585
174000 35.0379
175000 35.0072
176000 34.9523
177000 34.9209
178000 34.9131
179000 34.9047
180000 34.9387
181000 35.0276
182000 35.1083
183000 35.1897
184000 35.316
185000 35.4432
186000 35.5202
187000 35.6135
188000 35.724
189000 35.7903
190000 35.8465
191000 35.9084
192000 35.8975
193000 35.849
194000 35.836
195000 35.792
196000 35.6926
197000 35.6062
198000 35.5462
199000 35.4529
200000 35.4011
201000 35.4015
202000 35.3765
203000 35.3668
204000 35.4176
205000 35.457
206000 35.4859
207000 35.5662
208000 35.6577
209000 35.7308
210000 35.8205
211000 35.918
212000 35.9561
213000 35.9654
214000 35.985
215000 35.9507
216000 35.8831
217000 35.8146
218000 35.7219
219000 35.5957
220000 35.4882
221000 35.3965
222000 35.288
223000 35.1908
224000 35.1441
225000 35.0981
226000 35.0669
227000 35.081
228000 35.1074
229000 35.1001
230000 35.1315
231000 35.1875
232000 35.2191
233000 35.2516
234000 35.3229
235000 35.3778
236000 35.4012
237000 35.4263
238000 35.4215
239000 35.3866
240000 35.3469
241000 35.3018
242000 35.1958
243000 35.077
244000 35.0011
245000 34.9242
246000 34.8596
247000 34.8232
248000 34.778
249000 34.7114
250000 34.6767
251000 34.6694
252000 34.6474
253000 34.6504
254000 34.6866
255000 34.7175
256000 34.741
257000 34.7877
258000 34.8294
259000 34.8364
260000 34.8607
261000 34.8935
262000 34.862
263000 34.8031
264000 34.7585
265000 34.6943
266000 34.6218
267000 34.5809
268000 34.5332
269000 34.4512
270000 34.3973
271000 34.351
272000 34.2668
273000 34.2021
274000 34.1828
275000 34.1563
276000 34.1421
277000 34.1613
278000 34.1717
279000 34.1758
280000 34.209
281000 34.2543
282000 34.2461
283000 34.2463
284000 34.2699
285000 34.2752
286000 34.2801
287000 34.3084
288000 34.3084
289000 34.2825
290000 34.2645
291000 34.2459
292000 34.2011
293000 34.1442
294000 34.1115
295000 34.0686
296000 34.0255
297000 33.9974
298000 33.9641
299000 33.9053
300000 33.8664
301000 33.8602
302000 33.8379
303000 33.8023
304000 33.7894
305000 33.7705
306000 33.7464
307000 33.7601
308000 33.7803
309000 33.7781
310000 33.8055
311000 33.8279
312000 33.8103
313000 33.7827
314000 33.7665
315000 33.7265
316000 33.6801
317000 33.6535
318000 33.6134
319000 33.5415
320000 33.5013
321000 33.4697
322000 33.4211
323000 33.3896
324000 33.366
325000 33.3121
326000 33.2525
327000 33.2102
328000 33.1672
329000 33.1299
330000 33.1344
331000 33.1549
332000 33.1603
333000 33.1848
334000 33.203
335000 33.2068
336000 33.2102
337000 33.2251
338000 33.2191
339000 33.2006
340000 33.1815
341000 33.1501
342000 33.1096
343000 33.0668
344000 33.028
345000 32.9836
346000 32.9345
347000 32.8727
348000 32.8052
349000 32.7241
350000 32.6767
351000 32.656
352000 32.6286
353000 32.6067
354000 32.5814
355000 32.5471
356000 32.5256
357000 32.5151
358000 32.5059
359000 32.4966
360000 32.4934
361000 32.4857
362000 32.4702
363000 32.4501
364000 32.4094
365000 32.3711
366000 32.3217
367000 32.2785
368000 32.223
369000 32.1464
370000 32.0858
371000 32.0483
372000 32.0178
373000 31.9898
374000 31.9682
375000 31.925
376000 31.8714
377000 31.8233
378000 31.7879
379000 31.7552
380000 31.7432
381000 31.7603
382000 31.7666
383000 31.7652
384000 31.7675
385000 31.7575
386000 31.7349
387000 31.7245
388000 31.715
389000 31.6745
390000 31.6412
391000 31.6121
392000 31.5585
393000 31.5098
394000 31.4755
395000 31.4284
396000 31.3724
397000 31.3285
398000 31.2658
399000 31.1924
400000 31.1472
401000 31.1231
402000 31.0902
403000 31.0708
404000 31.0547
405000 31.0219
406000 30.9912
407000 30.9723
408000 30.9493
409000 30.9159
410000 30.8999
411000 30.8851
412000 30.8517
413000 30.8319
414000 30.8132
415000 30.7942
416000 30.7844
417000 30.7677
418000 30.7369
419000 30.6963
420000 30.6595
421000 30.6203
422000 30.5715
423000 30.5298
424000 30.5048
425000 30.4744
426000 30.4455
427000 30.4362
428000 30.4297
429000 30.408
430000 30.4005
431000 30.3822
432000 30.351
433000 30.3261
434000 30.305
435000 30.2763
436000 30.2436
437000 30.2251
438000 30.1973
439000 30.1678
440000 30.1491
441000 30.1311
442000 30.102
443000 30.0766
444000 30.0599
445000 30.0152
446000 29.9669
447000 29.9232
448000 29.8575
449000 29.791
450000 29.7507
451000 29.7139
452000 29.6751
453000 29.6514
454000 29.631
455000 29.6023
456000 29.5896
457000 29.5789
458000 29.5518
459000 29.5261
460000 29.5051
461000 29.4692
462000 29.4396
463000 29.4208
464000 29.404
465000 29.3876
466000 29.3698
467000 29.3561
468000 29.339
469000 29.3146
470000 29.2923
471000 29.2575
472000 29.2128
473000 29.1744
474000 29.138
475000 29.0891
476000 29.0505
477000 29.0285
478000 28.9931
479000 28.9635
480000 28.9447
481000 28.916
482000 28.8768
483000 28.8488
484000 28.8115
485000 28.7627
486000 28.7297
487000 28.7048
488000 28.6697
489000 28.6455
490000 28.6338
491000 28.6152
492000 28.5904
493000 28.5808
494000 28.5459
495000 28.5019
496000 28.4678
497000 28.424
498000 28.3748
499000 28.3357
500000 28.2979
501000 28.2504
502000 28.2124
503000 28.1813
504000 28.1471
505000 28.1201
506000 28.0973
507000 28.0663
508000 28.0263
509000 27.9938
510000 27.9603
511000 27.9263
512000 27.9059
513000 27.8937
514000 27.8775
515000 27.8598
516000 27.8483
517000 27.8317
518000 27.8066
519000 27.782
520000 27.7478
521000 27.7135
522000 27.6806
523000 27.6471
524000 27.6104
525000 27.5712
526000 27.5328
527000 27.4993
528000 27.4598
529000 27.4216
530000 27.3924
531000 27.3614
532000 27.3296
533000 27.3073
534000 27.2742
535000 27.2357
536000 27.214
537000 27.1973
538000 27.1751
539000 27.1537
540000 27.1364
541000 27.1081
542000 27.081
543000 27.0479
544000 27.0109
545000 26.9813
546000 26.9496
547000 26.9179
548000 26.8872
549000 26.8528
550000 26.8218
551000 26.7868
552000 26.7569
553000 26.7265
554000 26.6917
555000 26.6559
556000 26.6288
557000 26.607
558000 26.5799
559000 26.5592
560000 26.5341
561000 26.5023
562000 26.4686
563000 26.434
564000 26.3986
565000 26.365
566000 26.3342
567000 26.3068
568000 26.2724
569000 26.2365
570000 26.2053
571000 26.18
572000 26.1488
573000 26.1208
574000 26.0867
575000 26.045
576000 26.0027
577000 25.9623
578000 25.9176
579000 25.8809
580000 25.853
581000 25.8248
582000 25.7987
583000 25.7799
584000 25.7637
585000 25.7363
586000 25.7095
587000 25.6826
588000 25.6521
589000 25.6179
590000 25.5862
591000 25.5502
592000 25.5124
593000 25.4836
594000 25.4567
595000 25.4295
596000 25.4132
597000 25.3923
598000 25.3574
599000 25.3203
600000 25.2797
601000 25.24
602000 25.2025
603000 25.1712
604000 25.1325
605000 25.0997
606000 25.0742
607000 25.0495
608000 25.0224
609000 24.9943
610000 24.9682
611000 24.9379
612000 24.9091
613000 24.886
614000 24.8541
615000 24.8216
616000 24.7934
617000 24.7613
618000 24.7315
619000 24.7055
620000 24.6815
621000 24.6499
622000 24.6187
623000 24.5839
624000 24.5524
625000 24.5219
626000 24.493
627000 24.465
628000 24.4302
629000 24.3947
630000 24.3621
631000 24.3308
632000 24.3004
633000 24.2727
634000 24.2448
635000 24.2053
636000 24.1753
637000 24.1501
638000 24.1229
639000 24.0953
640000 24.0744
641000 24.0532
642000 24.0309
643000 24.0121
644000 23.9883
645000 23.9566
646000 23.9281
647000 23.8917
648000 23.849
649000 23.8024
650000 23.7675
651000 23.7277
652000 23.6898
653000 23.6635
654000 23.6323
655000 23.6025
656000 23.5772
657000 23.5487
658000 23.5201
659000 23.4954
660000 23.4663
661000 23.4342
662000 23.4064
663000 23.3791
664000 23.3437
665000 23.3166
666000 23.2935
667000 23.2721
668000 23.2495
669000 23.2284
670000 23.2019
671000 23.1722
672000 23.1371
673000 23.095
674000 23.0537
675000 23.0186
676000 22.989
677000 22.9589
678000 22.9305
679000 22.9063
680000 22.8801
681000 22.8527
682000 22.828
683000 22.8046
684000 22.7772
685000 22.7478
686000 22.7188
687000 22.6886
688000 22.6624
689000 22.6332
690000 22.6038
691000 22.5766
692000 22.5476
693000 22.5184
694000 22.489
695000 22.4588
696000 22.4318
697000 22.4011
698000 22.3702
699000 22.3422
700000 22.3112
701000 22.2796
702000 22.2456
703000 22.2145
704000 22.1822
705000 22.1492
706000 22.1197
707000 22.0881
708000 22.0601
709000 22.0396
710000 22.0163
711000 21.9931
712000 21.969
713000 21.9414
714000 21.9096
715000 21.8734
716000 21.8413
717000 21.811
718000 21.7788
719000 21.7553
720000 21.7293
721000 21.7045
722000 21.6824
723000 21.6576
724000 21.6266
725000 21.604
726000 21.5817
727000 21.5471
728000 21.5128
729000 21.4819
730000 21.4466
731000 21.4142
732000 21.3786
733000 21.3388
734000 21.3011
735000 21.2736
736000 21.2419
737000 21.2166
738000 21.1887
739000 21.1594
740000 21.1255
741000 21.0978
742000 21.0638
743000 21.028
744000 20.994
745000 20.9635
746000 20.9317
747000 20.9015
748000 20.8792
749000 20.8571
750000 20.8405
751000 20.8228
752000 20.8017
753000 20.7758
754000 20.7514
755000 20.7233
756000 20.6936
757000 20.6649
758000 20.6347
759000 20.6007
760000 20.5679
761000 20.5371
762000 20.505
763000 20.471
764000 20.4385
765000 20.4055
766000 20.3744
767000 20.3456
768000 20.318
769000 20.2891
770000 20.2592
771000 20.2263
772000 20.1973
773000 20.166
774000 20.134
775000 20.1072
776000 20.0846
777000 20.0577
778000 20.0334
779000 20.0102
780000 19.9832
781000 19.9546
782000 19.9289
783000 19.9035
784000 19.8719
785000 19.8467
786000 19.8251
787000 19.7912
788000 19.764
789000 19.7358
790000 19.6995
791000 19.6702
792000 19.6485
793000 19.6189
794000 19.5956
795000 19.5805
796000 19.5549
797000 19.5221
798000 19.4937
799000 19.4577
800000 19.4184
801000 19.3896
802000 19.3675
803000 19.3417
804000 19.3155
805000 19.2922
806000 19.2646
807000 19.23
808000 19.2036
809000 19.1753
810000 19.147
811000 19.1203
812000 19.0958
813000 19.0656
814000 19.0368
815000 19.0114
816000 18.9862
817000 18.9586
818000 18.9294
819000 18.9022
820000 18.874
821000 18.8481
822000 18.8253
823000 18.7986
824000 18.7711
825000 18.7477
826000 18.7189
827000 18.6884
828000 18.6591
829000 18.6338
830000 18.6076
831000 18.5837
832000 18.5583
833000 18.5267
834000 18.4949
835000 18.4698
836000 18.4418
837000 18.4136
838000 18.3894
839000 18.3598
840000 18.3302
841000 18.3068
842000 18.2853
843000 18.2599
844000 18.24
845000 18.2203
846000 18.2003
847000 18.1766
848000 18.1537
849000 18.1282
850000 18.1012
851000 18.074
852000 18.0457
853000 18.0198
854000 17.9913
855000 17.9627
856000 17.9338
857000 17.9071
858000 17.8793
859000 17.859
860000 17.8377
861000 17.8124
862000 17.7941
863000 17.7738
864000 17.7439
865000 17.7163
866000 17.6963
867000 17.6674
868000 17.6384
869000 17.6125
870000 17.5846
871000 17.5546
872000 17.5372
873000 17.5135
874000 17.485
875000 17.464
876000 17.4442
877000 17.4154
878000 17.3894
879000 17.3674
880000 17.3392
881000 17.3136
882000 17.2923
883000 17.2685
884000 17.2435
885000 17.2252
886000 17.2039
887000 17.1782
888000 17.1583
889000 17.1373
890000 17.1092
891000 17.0836
892000 17.057
893000 17.0271
894000 16.9972
895000 16.9698
896000 16.9458
897000 16.918
898000 16.8969
899000 16.8771
900000 16.8569
901000 16.8329
902000 16.8141
903000 16.7931
904000 16.7659
905000 16.745
906000 16.7269
907000 16.7015
908000 16.6785
909000 16.6608
910000 16.6373
911000 16.6111
912000 16.5902
913000 16.5689
914000 16.5422
915000 16.515
916000 16.4908
917000 16.4625
918000 16.4326
919000 16.4058
920000 16.3788
921000 16.3495
922000 16.3272
923000 16.3042
924000 16.2829
925000 16.2675
926000 16.2501
927000 16.2272
928000 16.2051
929000 16.1855
930000 16.1586
931000 16.1342
932000 16.11
933000 16.0847
934000 16.0585
935000 16.033
936000 16.0138
937000 15.992
938000 15.973
939000 15.9502
940000 15.9312
941000 15.9101
942000 15.8906
943000 15.8723
944000 15.849
945000 15.8255
946000 15.804
947000 15.7763
948000 15.7543
949000 15.7327
950000 15.7112
951000 15.6885
952000 15.6695
953000 15.6499
954000 15.6276
955000 15.6061
956000 15.5864
957000 15.5613
958000 15.5397
959000 15.5213
960000 15.499
961000 15.4765
962000 15.4521
963000 15.4283
964000 15.4017
965000 15.3817
966000 15.3572
967000 15.3342
968000 15.3133
969000 15.2928
970000 15.2681
971000 15.2461
972000 15.2283
973000 15.2073
974000 15.1845
975000 15.1638
976000 15.1402
977000 15.1163
978000 15.0946
979000 15.0734
980000 15.0523
981000 15.0388
982000 15.02
983000 14.9978
984000 14.981
985000 14.963
986000 14.937
987000 14.9159
988000 14.8977
989000 14.8706
990000 14.8458
991000 14.8278
992000 14.804
993000 14.7791
994000 14.7593
995000 14.7368
996000 14.7143
997000 14.6987
998000 14.681
999000 14.6628
1000000 14.6454
1001000 14.6265
1002000 14.6052
1003000 14.5832
1004000 14.5637
1005000 14.5426
1006000 14.5219
1007000 14.504
1008000 14.4869
1009000 14.4703
1010000 14.4518
1011000 14.4339
1012000 14.416
1013000 14.3937
1014000 14.3712
1015000 14.353
1016000 14.3271
1017000 14.3049
1018000 14.2885
1019000 14.2671
1020000 14.2433
1021000 14.2229
1022000 14.2012
1023000 14.1793
1024000 14.1643
1025000 14.1472
1026000 14.1258
1027000 14.1103
1028000 14.0955
1029000 14.0734
1030000 14.053
1031000 14.039
1032000 14.0177
1033000 13.9965
1034000 13.9802
1035000 13.9635
1036000 13.9424
1037000 13.9251
1038000 13.9073
1039000 13.8838
1040000 13.8617
1041000 13.8419
1042000 13.8184
1043000 13.801
1044000 13.7857
1045000 13.7693
1046000 13.7533
1047000 13.7382
1048000 13.7219
1049000 13.7042
1050000 13.6898
1051000 13.6732
1052000 13.6519
1053000 13.6342
1054000 13.6162
1055000 13.5941
1056000 13.577
1057000 13.5603
1058000 13.5401
1059000 13.5214
1060000 13.5032
1061000 13.4818
1062000 13.4625
1063000 13.4472
1064000 13.4289
1065000 13.4087
1066000 13.3909
1067000 13.3712
1068000 13.3489
1069000 13.3333
1070000 13.3169
1071000 13.2966
1072000 13.2808
1073000 13.2649
1074000 13.2467
1075000 13.2313
1076000 13.2154
1077000 13.1953
1078000 13.1776
1079000 13.1623
1080000 13.1457
1081000 13.1294
1082000 13.1156
1083000 13.0999
1084000 13.0835
1085000 13.07
1086000 13.0552
1087000 13.0328
1088000 13.0157
1089000 13.0014
1090000 12.9813
1091000 12.9634
1092000 12.9492
1093000 12.9312
1094000 12.9151
1095000 12.9015
1096000 12.887
1097000 12.872
1098000 12.8551
1099000 12.8376
1100000 12.8185
1101000 12.8
1102000 12.7815
1103000 12.7623
1104000 12.7484
1105000 12.7345
1106000 12.7171
1107000 12.7028
1108000 12.6887
1109000 12.6676
1110000 12.6504
1111000 12.6356
1112000 12.6145
1113000 12.5957
1114000 12.5822
1115000 12.566
1116000 12.5468
1117000 12.5298
1118000 12.5147
1119000 12.4975
1120000 12.483
1121000 12.4718
1122000 12.4548
1123000 12.4381
1124000 12.4257
1125000 12.4101
1126000 12.3927
1127000 12.3823
1128000 12.3682
1129000 12.3508
1130000 12.3378
1131000 12.324
1132000 12.3065
1133000 12.2963
1134000 12.2812
1135000 12.2643
1136000 12.2514
1137000 12.2396
1138000 12.2219
1139000 12.2052
1140000 12.1911
1141000 12.1734
1142000 12.1551
1143000 12.1435
1144000 12.1272
1145000 12.1101
1146000 12.0941
1147000 12.0781
1148000 12.063
1149000 12.0468
1150000 12.0344
1151000 12.0224
1152000 12.0063
1153000 11.9927
1154000 11.9784
1155000 11.9615
1156000 11.9472
1157000 11.9332
1158000 11.9152
1159000 11.8981
1160000 11.8834
1161000 11.8658
1162000 11.8505
1163000 11.8375
1164000 11.8228
1165000 11.8082
1166000 11.7977
1167000 11.784
1168000 11.7678
1169000 11.7561
1170000 11.7434
1171000 11.7263
1172000 11.7132
1173000 11.7014
1174000 11.6863
1175000 11.6736
1176000 11.663
1177000 11.6493
1178000 11.6341
1179000 11.6214
1180000 11.6102
1181000 11.5944
1182000 11.5816
1183000 11.5705
1184000 11.5544
1185000 11.5392
1186000 11.5295
1187000 11.5155
1188000 11.5
1189000 11.489
1190000 11.4768
1191000 11.458
1192000 11.446
1193000 11.4354
1194000 11.4213
1195000 11.4084
1196000 11.4001
1197000 11.3871
1198000 11.3727
1199000 11.3614
1200000 11.3503
1201000 11.3324
1202000 11.317
1203000 11.3051
1204000 11.288
1205000 11.2702
1206000 11.2579
1207000 11.2443
1208000 11.2287
1209000 11.2207
1210000 11.212
1211000 11.1971
1212000 11.1863
1213000 11.1768
1214000 11.1606
1215000 11.1472
1216000 11.1355
1217000 11.1197
1218000 11.1052
1219000 11.0943
1220000 11.0828
1221000 11.0698
1222000 11.0583
1223000 11.0484
1224000 11.0347
1225000 11.0219
1226000 11.0118
1227000 10.9959
1228000 10.9833
1229000 10.9741
1230000 10.959
1231000 10.9468
1232000 10.9378
1233000 10.924
1234000 10.9104
1235000 10.9015
1236000 10.8879
1237000 10.8731
1238000 10.8613
1239000 10.8484
1240000 10.8349
1241000 10.8246
1242000 10.8134
1243000 10.8018
1244000 10.7916
1245000 10.7796
1246000 10.7662
1247000 10.7529
1248000 10.7405
1249000 10.7275
1250000 10.716
1251000 10.7081
1252000 10.6976
1253000 10.6873
1254000 10.6792
1255000 10.6666
1256000 10.6565
1257000 10.6476
1258000 10.6348
1259000 10.6201
1260000 10.6098
1261000 10.5974
1262000 10.5829
1263000 10.5731
1264000 10.5634
1265000 10.5496
1266000 10.5404
1267000 10.5317
1268000 10.5182
1269000 10.5076
1270000 10.4998
1271000 10.4887
1272000 10.4762
1273000 10.4695
1274000 10.462
1275000 10.4486
1276000 10.4384
1277000 10.4313
1278000 10.4185
1279000 10.4077
1280000 10.4
1281000 10.3876
1282000 10.3761
1283000 10.3692
1284000 10.3584
1285000 10.3449
1286000 10.3343
1287000 10.3256
1288000 10.3133
1289000 10.3028
1290000 10.2946
1291000 10.2832
1292000 10.2723
1293000 10.2663
1294000 10.2556
1295000 10.2418
1296000 10.2315
1297000 10.2201
1298000 10.2064
1299000 10.1955
1300000 10.1863
1301000 10.1734
1302000 10.1627
1303000 10.1539
1304000 10.1424
1305000 10.1329
1306000 10.1265
1307000 10.1187
1308000 10.108
1309000 10.0989
1310000 10.0903
1311000 10.08
1312000 10.0699
1313000 10.0619
1314000 10.0516
1315000 10.0404
1316000 10.0316
1317000 10.0232
1318000 10.0112
1319000 10.0017
1320000 9.99154
1321000 9.98088
1322000 9.97178
1323000 9.96346
1324000 9.95347
1325000 9.94286
1326000 9.93471
1327000 9.92531
1328000 9.91517
1329000 9.90685
1330000 9.8992
1331000 9.88973
1332000 9.88036
1333000 9.87418
1334000 9.8634
1335000 9.8532
1336000 9.84747
1337000 9.83746
1338000 9.82411
1339000 9.81493
1340000 9.80588
1341000 9.79264
1342000 9.78436
1343000 9.77583
1344000 9.76828
1345000 9.75887
1346000 9.75042
1347000 9.74139
1348000 9.73076
1349000 9.72129
1350000 9.71268
1351000 9.70226
1352000 9.69542
1353000 9.6867
1354000 9.67794
1355000 9.67057
1356000 9.66253
1357000 9.6554
1358000 9.64871
1359000 9.64121
1360000 9.63333
1361000 9.62601
1362000 9.61755
1363000 9.60884
1364000 9.6002
1365000 9.59133
1366000 9.58098
1367000 9.57366
1368000 9.56637
1369000 9.55645
1370000 9.54829
1371000 9.5426
1372000 9.5331
1373000 9.52288
1374000 9.51542
1375000 9.50716
1376000 9.49532
1377000 9.48799
1378000 9.48203
1379000 9.4735
1380000 9.46488
1381000 9.45914
1382000 9.44953
1383000 9.44089
1384000 9.43339
1385000 9.42385
1386000 9.4155
1387000 9.40879
1388000 9.40057
1389000 9.39215
1390000 9.38334
1391000 9.37425
1392000 9.36556
1393000 9.35908
1394000 9.35168
1395000 9.3409
1396000 9.33436
1397000 9.32564
1398000 9.31712
1399000 9.31019
1400000 9.30132
1401000 9.29299
1402000 9.2877
1403000 9.27966
1404000 9.27151
1405000 9.26703
1406000 9.2599
1407000 9.2514
1408000 9.24529
1409000 9.23861
1410000 9.22926
1411000 9.22261
1412000 9.21706
1413000 9.20807
1414000 9.20086
1415000 9.19667
1416000 9.18733
1417000 9.18105
1418000 9.17565
1419000 9.16729
1420000 9.16031
1421000 9.15501
1422000 9.14728
1423000 9.13888
1424000 9.13455
1425000 9.13007
1426000 9.11987
1427000 9.11363
1428000 9.10619
1429000 9.09576
1430000 9.08876
1431000 9.08297
1432000 9.07463
1433000 9.06661
1434000 9.06138
1435000 9.05358
1436000 9.04395
1437000 9.03861
1438000 9.0311
1439000 9.02173
1440000 9.01397
1441000 9.01028
1442000 9.00199
1443000 8.99261
1444000 8.98977
1445000 8.98411
1446000 8.97606
1447000 8.97112
1448000 8.96545
1449000 8.95768
1450000 8.95209
1451000 8.94699
1452000 8.93954
1453000 8.93106
1454000 8.92603
1455000 8.92141
1456000 8.91149
1457000 8.90576
1458000 8.90272
1459000 8.89511
1460000 8.88795
1461000 8.88417
1462000 8.87652
1463000 8.8685
1464000 8.86394
1465000 8.8555
1466000 8.8468
1467000 8.84249
1468000 8.8372
1469000 8.8294
1470000 8.82688
1471000 8.82205
1472000 8.81166
1473000 8.80652
1474000 8.80204
1475000 8.79305
1476000 8.78509
1477000 8.78271
1478000 8.77673
1479000 8.76687
1480000 8.76255
1481000 8.75823
1482000 8.74875
1483000 8.7441
1484000 8.74068
1485000 8.73114
1486000 8.72384
1487000 8.72156
1488000 8.71375
1489000 8.70543
1490000 8.7027
1491000 8.69848
1492000 8.68723
1493000 8.68235
1494000 8.68133
1495000 8.67283
1496000 8.66509
1497000 8.66639
1498000 8.66023
1499000 8.65024
1500000 8.65063
1501000 8.64604
1502000 8.63616
1503000 8.63106
1504000 8.62849
1505000 8.61854
1506000 8.61012
1507000 8.60863
1508000 8.60224
1509000 8.59294
1510000 8.59154
1511000 8.58591
1512000 8.5768
1513000 8.57451
1514000 8.57424
1515000 8.56457
1516000 8.55805
1517000 8.55727
1518000 8.54998
1519000 8.54201
1520000 8.5407
1521000 8.53627
1522000 8.52852
1523000 8.52534
1524000 8.52359
1525000 8.51635
1526000 8.51225
1527000 8.51098
1528000 8.50387
1529000 8.4976
1530000 8.49594
1531000 8.49032
1532000 8.48102
1533000 8.4801
1534000 8.47524
1535000 8.46558
1536000 8.46299
1537000 8.46135
1538000 8.45169
1539000 8.44514
1540000 8.44435
1541000 8.4363
1542000 8.42719
1543000 8.42621
1544000 8.42422
1545000 8.41373
1546000 8.41136
1547000 8.41141
1548000 8.40132
1549000 8.39532
1550000 8.39619
1551000 8.38908
1552000 8.38147
1553000 8.38056
1554000 8.37547
1555000 8.36673
1556000 8.36545
1557000 8.36086
1558000 8.35113
1559000 8.34817
1560000 8.34658
1561000 8.33891
1562000 8.33309
1563000 8.33164
1564000 8.3258
1565000 8.31984
1566000 8.31727
1567000 8.31257
1568000 8.30566
1569000 8.30359
1570000 8.30166
1571000 8.29628
1572000 8.29292
1573000 8.29055
1574000 8.28535
1575000 8.28044
1576000 8.27955
1577000 8.2748
1578000 8.26908
1579000 8.26514
1580000 8.26055
1581000 8.25562
1582000 8.25262
1583000 8.24783
1584000 8.24211
1585000 8.23911
1586000 8.23513
1587000 8.22938
1588000 8.22569
1589000 8.22194
1590000 8.21788
1591000 8.21449
1592000 8.21128
1593000 8.20792
1594000 8.20438
1595000 8.19791
1596000 8.19268
1597000 8.19086
1598000 8.185
1599000 8.17945
1600000 8.17787
1601000 8.17302
1602000 8.16743
1603000 8.16567
1604000 8.16165
1605000 8.15535
1606000 8.15376
1607000 8.15017
1608000 8.14553
1609000 8.14248
1610000 8.13914
1611000 8.1344
1612000 8.13007
1613000 8.12761
1614000 8.12208
1615000 8.11674
1616000 8.11302
1617000 8.10843
1618000 8.10451
1619000 8.10264
1620000 8.10128
1621000 8.09613
1622000 8.09275
1623000 8.09191
1624000 8.08606
1625000 8.08116
1626000 8.07988
1627000 8.07402
1628000 8.06935
1629000 8.06608
1630000 8.0625
1631000 8.05759
1632000 8.05364
1633000 8.05036
1634000 8.04557
1635000 8.0408
1636000 8.0378
1637000 8.03637
1638000 8.03005
1639000 8.02832
1640000 8.02697
1641000 8.02026
1642000 8.0169
1643000 8.01562
1644000 8.00983
1645000 8.00613
1646000 8.00494
1647000 8.00233
1648000 7.99868
1649000 7.99625
1650000 7.99467
1651000 7.99131
1652000 7.98717
1653000 7.98236
1654000 7.98107
1655000 7.97645
1656000 7.97063
1657000 7.96856
1658000 7.96407
1659000 7.95884
1660000 7.95805
1661000 7.95618
1662000 7.94976
1663000 7.94714
1664000 7.94599
1665000 7.93988
1666000 7.9368
1667000 7.93621
1668000 7.93003
1669000 7.92675
1670000 7.92725
1671000 7.92405
1672000 7.91778
1673000 7.92027
1674000 7.91868
1675000 7.91197
1676000 7.91194
1677000 7.91151
1678000 7.90354
1679000 7.90003
1680000 7.89869
1681000 7.89271
1682000 7.89014
1683000 7.8898
1684000 7.88611
1685000 7.88147
1686000 7.8784
1687000 7.87491
1688000 7.87019
1689000 7.8672
1690000 7.86586
1691000 7.8624
1692000 7.85842
1693000 7.85576
1694000 7.85354
1695000 7.84811
1696000 7.84504
1697000 7.84596
1698000 7.84188
1699000 7.83774
1700000 7.83875
1701000 7.83624
1702000 7.83107
1703000 7.83007
1704000 7.82782
1705000 7.82264
1706000 7.81928
1707000 7.81809
1708000 7.81358
1709000 7.81047
1710000 7.81023
1711000 7.80686
1712000 7.80367
1713000 7.80156
1714000 7.79921
1715000 7.79415
1716000 7.79203
1717000 7.79044
1718000 7.78633
1719000 7.78442
1720000 7.78226
1721000 7.77782
1722000 7.77542
1723000 7.77457
1724000 7.76946
1725000 7.76736
1726000 7.76718
1727000 7.76245
1728000 7.75848
1729000 7.75928
1730000 7.75687
1731000 7.75252
1732000 7.75227
1733000 7.75103
1734000 7.74527
1735000 7.74097
1736000 7.74042
1737000 7.73641
1738000 7.73389
1739000 7.73287
1740000 7.73135
1741000 7.72814
1742000 7.72593
1743000 7.72535
1744000 7.72074
1745000 7.71698
1746000 7.71599
1747000 7.71189
1748000 7.7084
1749000 7.70694
1750000 7.70441
1751000 7.70135
1752000 7.69984
1753000 7.69849
1754000 7.6961
1755000 7.69396
1756000 7.69407
1757000 7.69048
1758000 7.68771
1759000 7.68746
1760000 7.68444
1761000 7.68047
1762000 7.679
1763000 7.67683
1764000 7.67246
1765000 7.67148
1766000 7.66929
1767000 7.6668
1768000 7.66479
1769000 7.6613
1770000 7.65876
1771000 7.65743
1772000 7.65611
1773000 7.65387
1774000 7.65223
1775000 7.65171
1776000 7.64888
1777000 7.64694
1778000 7.64512
1779000 7.64272
1780000 7.63936
1781000 7.63679
1782000 7.63558
1783000 7.63316
1784000 7.63148
1785000 7.63039
1786000 7.62891
1787000 7.62569
1788000 7.62481
1789000 7.62399
1790000 7.62043
1791000 7.61797
1792000 7.61882
1793000 7.61553
1794000 7.61329
1795000 7.61179
1796000 7.61136
1797000 7.60703
1798000 7.60349
1799000 7.60441
1800000 7.60017
1801000 7.596
1802000 7.59833
1803000 7.59553
1804000 7.58992
1805000 7.59141
1806000 7.59103
1807000 7.58428
1808000 7.58416
1809000 7.58566
1810000 7.5803
1811000 7.57705
1812000 7.58036
1813000 7.5761
1814000 7.57191
1815000 7.57267
1816000 7.57132
1817000 7.56546
1818000 7.56513
1819000 7.56448
1820000 7.55739
1821000 7.55581
1822000 7.55715
1823000 7.55316
1824000 7.54955
1825000 7.55103
1826000 7.54799
1827000 7.54401
1828000 7.54542
1829000 7.54359
1830000 7.53789
1831000 7.53874
1832000 7.53861
1833000 7.53281
1834000 7.53197
1835000 7.53285
1836000 7.52635
1837000 7.52339
1838000 7.52677
1839000 7.52224
1840000 7.51802
1841000 7.52099
1842000 7.51962
1843000 7.51475
1844000 7.51536
1845000 7.517
1846000 7.51111
1847000 7.50898
1848000 7.51293
1849000 7.50734
1850000 7.5026
1851000 7.50676
1852000 7.50453
1853000 7.49971
1854000 7.50047
1855000 7.50065
1856000 7.49552
1857000 7.49454
1858000 7.49654
1859000 7.49142
1860000 7.48935
1861000 7.49234
1862000 7.48824
1863000 7.48228
1864000 7.48534
1865000 7.48295
1866000 7.47611
1867000 7.47717
1868000 7.47713
1869000 7.47118
1870000 7.46997
1871000 7.47285
1872000 7.46882
1873000 7.46523
1874000 7.46766
1875000 7.46597
1876000 7.46004
1877000 7.46174
1878000 7.46167
1879000 7.45752
1880000 7.45665
1881000 7.45833
1882000 7.45445
1883000 7.45217
1884000 7.45307
1885000 7.45015
1886000 7.4478
1887000 7.44751
1888000 7.44557
1889000 7.442
1890000 7.44282
1891000 7.44268
1892000 7.43702
1893000 7.43743
1894000 7.43747
1895000 7.43167
1896000 7.43118
1897000 7.43389
1898000 7.42905
1899000 7.42588
1900000 7.42793
1901000 7.42504
1902000 7.42226
1903000 7.42278
1904000 7.42167
1905000 7.41985
1906000 7.41903
1907000 7.41845
1908000 7.41701
1909000 7.41453
1910000 7.41619
1911000 7.41486
1912000 7.41126
1913000 7.41133
1914000 7.41157
1915000 7.40624
1916000 7.4074
1917000 7.4091
1918000 7.40555
1919000 7.40542
1920000 7.40785
1921000 7.40376
1922000 7.4027
1923000 7.40484
1924000 7.40153
1925000 7.39633
1926000 7.39897
1927000 7.3988
1928000 7.39264
1929000 7.39449
1930000 7.39638
1931000 7.39042
1932000 7.3897
1933000 7.39303
1934000 7.38829
1935000 7.38583
1936000 7.38884
1937000 7.38812
1938000 7.38301
1939000 7.38379
1940000 7.38482
1941000 7.37973
1942000 7.37952
1943000 7.38247
1944000 7.37673
1945000 7.37435
1946000 7.37515
1947000 7.37227
1948000 7.36897
1949000 7.36944
1950000 7.36762
1951000 7.36581
1952000 7.36554
1953000 7.36594
1954000 7.3631
1955000 7.36161
1956000 7.3633
1957000 7.36088
1958000 7.35647
1959000 7.35938
1960000 7.3573
1961000 7.35332
1962000 7.35572
1963000 7.35464
1964000 7.35203
1965000 7.35288
1966000 7.35354
1967000 7.35051
1968000 7.34894
1969000 7.3493
1970000 7.34723
1971000 7.34595
1972000 7.34588
1973000 7.34529
1974000 7.34321
1975000 7.34225
1976000 7.34145
1977000 7.34
1978000 7.33834
1979000 7.33856
1980000 7.33713
1981000 7.33586
1982000 7.33581
1983000 7.33534
1984000 7.33451
1985000 7.33585
1986000 7.33403
1987000 7.33126
1988000 7.33181
1989000 7.33004
1990000 7.32864
1991000 7.32912
1992000 7.32791
1993000 7.32594
1994000 7.32634
1995000 7.32605
1996000 7.32505
1997000 7.32525
1998000 7.32517
1999000 7.32427
2000000 7.32303
2001000 7.32122
2002000 7.32079
2003000 7.31783
2004000 7.31665
2005000 7.31694
2006000 7.31471
2007000 7.31292
2008000 7.31374
2009000 7.31187
2010000 7.31129
2011000 7.31199
2012000 7.30953
2013000 7.30757
2014000 7.30859
2015000 7.30708
2016000 7.30424
2017000 7.3043
2018000 7.30255
2019000 7.30085
2020000 7.30017
2021000 7.30078
2022000 7.29814
2023000 7.296
2024000 7.29781
2025000 7.29633
2026000 7.29303
2027000 7.29417
2028000 7.29385
2029000 7.28991
2030000 7.28999
2031000 7.29173
2032000 7.28772
2033000 7.28736
2034000 7.29076
2035000 7.28587
2036000 7.2833
2037000 7.28655
2038000 7.28431
2039000 7.28033
2040000 7.28141
2041000 7.2801
2042000 7.27527
2043000 7.27411
2044000 7.27633
2045000 7.27382
2046000 7.27107
2047000 7.27409
2048000 7.27316
2049000 7.26935
2050000 7.26879
2051000 7.27212
2052000 7.26643
2053000 7.26461
2054000 7.26835
2055000 7.26613
2056000 7.26259
2057000 7.26704
2058000 7.26708
2059000 7.26113
2060000 7.26232
2061000 7.26449
2062000 7.2589
2063000 7.25861
2064000 7.26269
2065000 7.25914
2066000 7.25647
2067000 7.26054
2068000 7.25865
2069000 7.25585
2070000 7.25795
2071000 7.25767
2072000 7.25434
2073000 7.25538
2074000 7.25563
2075000 7.25185
2076000 7.25014
2077000 7.25241
2078000 7.2486
2079000 7.24614
2080000 7.24878
2081000 7.2475
2082000 7.243
2083000 7.24468
2084000 7.24531
2085000 7.24289
2086000 7.24134
2087000 7.24155
2088000 7.24112
2089000 7.23892
2090000 7.23956
2091000 7.23957
2092000 7.23778
2093000 7.23789
2094000 7.2372
2095000 7.2344
2096000 7.23436
2097000 7.23426
2098000 7.2322
2099000 7.2315
2100000 7.23128
2101000 7.22963
2102000 7.22953
2103000 7.22894
2104000 7.22851
2105000 7.22763
2106000 7.22689
2107000 7.2276
2108000 7.22719
2109000 7.22576
2110000 7.22452
2111000 7.22535
2112000 7.22415
2113000 7.22344
2114000 7.22395
2115000 7.22135
2116000 7.22036
2117000 7.22176
2118000 7.22026
2119000 7.21809
2120000 7.21985
2121000 7.21944
2122000 7.21633
2123000 7.21688
2124000 7.21803
2125000 7.21503
2126000 7.21486
2127000 7.21487
2128000 7.21352
2129000 7.21253
2130000 7.21262
2131000 7.21182
2132000 7.2111
2133000 7.21316
2134000 7.21089
2135000 7.20991
2136000 7.21116
2137000 7.21082
2138000 7.20882
2139000 7.20935
2140000 7.20963
2141000 7.20754
2142000 7.20683
2143000 7.20837
2144000 7.20577
2145000 7.2036
2146000 7.20599
2147000 7.20469
2148000 7.2023
2149000 7.20513
2150000 7.20569
2151000 7.20173
2152000 7.20252
2153000 7.20566
2154000 7.20108
2155000 7.19984
2156000 7.20318
2157000 7.19896
2158000 7.19596
2159000 7.19944
2160000 7.19767
2161000 7.19393
2162000 7.19645
2163000 7.19573
2164000 7.19188
2165000 7.19245
2166000 7.19313
2167000 7.19022
2168000 7.19027
2169000 7.19301
2170000 7.18941
2171000 7.18818
2172000 7.19174
2173000 7.18933
2174000 7.18672
2175000 7.18959
2176000 7.18991
2177000 7.18689
2178000 7.18698
2179000 7.18878
2180000 7.18527
2181000 7.1855
2182000 7.18788
2183000 7.18469
2184000 7.18446
2185000 7.18715
2186000 7.18261
2187000 7.1813
2188000 7.18466
2189000 7.18204
2190000 7.17889
2191000 7.18162
2192000 7.1806
2193000 7.1774
2194000 7.17824
2195000 7.17947
2196000 7.17541
2197000 7.17535
2198000 7.17746
2199000 7.17398
2200000 7.17087
2201000 7.17499
2202000 7.17246
2203000 7.16956
2204000 7.17307
2205000 7.17308
2206000 7.16765
2207000 7.17108
2208000 7.1728
2209000 7.16753
2210000 7.1675
2211000 7.17117
2212000 7.16782
2213000 7.1664
2214000 7.17016
2215000 7.16779
2216000 7.16524
2217000 7.16795
2218000 7.16795
2219000 7.1648
2220000 7.16669
2221000 7.16847
2222000 7.1641
2223000 7.16333
2224000 7.16567
2225000 7.16506
2226000 7.16214
2227000 7.16361
2228000 7.1658
2229000 7.16252
2230000 7.1637
2231000 7.16465
2232000 7.16085
2233000 7.15904
2234000 7.16246
2235000 7.15841
2236000 7.15601
2237000 7.15896
2238000 7.15834
2239000 7.15429
2240000 7.1571
2241000 7.15835
2242000 7.15273
2243000 7.15454
2244000 7.15794
2245000 7.15291
2246000 7.15168
2247000 7.15553
2248000 7.1561
2249000 7.15048
2250000 7.15338
2251000 7.15688
2252000 7.15175
2253000 7.15162
2254000 7.15633
2255000 7.15287
2256000 7.15013
2257000 7.15572
2258000 7.15534
2259000 7.1505
2260000 7.1523
2261000 7.15401
2262000 7.14978
2263000 7.14942
2264000 7.15326
2265000 7.14946
2266000 7.14782
2267000 7.15143
2268000 7.14962
2269000 7.14757
2270000 7.14887
2271000 7.15023
2272000 7.14843
2273000 7.14961
2274000 7.14973
2275000 7.14886
2276000 7.14861
2277000 7.14733
2278000 7.1469
2279000 7.14687
2280000 7.14697
2281000 7.14643
2282000 7.14627
2283000 7.1476
2284000 7.1455
2285000 7.145
2286000 7.14508
2287000 7.14219
2288000 7.14218
2289000 7.14433
2290000 7.14343
2291000 7.14126
2292000 7.14361
2293000 7.14273
2294000 7.14045
2295000 7.14237
2296000 7.14323
2297000 7.13933
2298000 7.1385
2299000 7.14153
2300000 7.1387
2301000 7.13628
2302000 7.13862
2303000 7.13838
2304000 7.13443
2305000 7.13725
2306000 7.13901
2307000 7.13427
2308000 7.13522
2309000 7.13678
2310000 7.13389
2311000 7.13244
2312000 7.13492
2313000 7.13201
2314000 7.13007
2315000 7.13392
2316000 7.13237
2317000 7.1291
2318000 7.13297
2319000 7.13268
2320000 7.12811
2321000 7.13051
2322000 7.13311
2323000 7.12946
2324000 7.1302
2325000 7.13244
2326000 7.12935
2327000 7.12694
2328000 7.12877
2329000 7.12841
2330000 7.12548
2331000 7.12694
2332000 7.12777
2333000 7.12389
2334000 7.12263
2335000 7.12574
2336000 7.1238
2337000 7.11904
2338000 7.12244
2339000 7.12467
2340000 7.12058
2341000 7.1209
2342000 7.12479
2343000 7.12148
2344000 7.11901
2345000 7.12235
2346000 7.12292
2347000 7.11899
2348000 7.12187
2349000 7.12534
2350000 7.12055
2351000 7.12009
2352000 7.12444
2353000 7.12126
2354000 7.11761
2355000 7.12246
2356000 7.12278
2357000 7.11679
2358000 7.11943
2359000 7.12283
2360000 7.11696
2361000 7.1156
2362000 7.12129
2363000 7.1178
2364000 7.11424
2365000 7.11938
2366000 7.11837
2367000 7.11315
2368000 7.11507
2369000 7.11814
2370000 7.1115
2371000 7.11111
2372000 7.11602
2373000 7.11166
2374000 7.11117
2375000 7.11518
2376000 7.11283
2377000 7.11049
2378000 7.11412
2379000 7.11404
2380000 7.1095
2381000 7.11236
2382000 7.11542
2383000 7.11025
2384000 7.11107
2385000 7.11598
2386000 7.11013
2387000 7.10925
2388000 7.11506
2389000 7.11189
2390000 7.10719
2391000 7.11267
2392000 7.11414
2393000 7.10696
2394000 7.11144
2395000 7.11645
2396000 7.10833
2397000 7.1095
2398000 7.11668
2399000 7.11052
2400000 7.10612
2401000 7.11403
2402000 7.11274
2403000 7.10572
2404000 7.11042
2405000 7.11321
2406000 7.10567
2407000 7.10804
2408000 7.11311
2409000 7.10733
2410000 7.1037
2411000 7.11278
2412000 7.1084
2413000 7.10296
2414000 7.10927
2415000 7.10983
2416000 7.10186
2417000 7.10514
2418000 7.11042
2419000 7.10378
2420000 7.10212
2421000 7.10999
2422000 7.10515
2423000 7.10114
2424000 7.10785
2425000 7.10731
2426000 7.10046
2427000 7.10409
2428000 7.10568
2429000 7.09968
2430000 7.10066
2431000 7.10506
2432000 7.10057
2433000 7.09992
2434000 7.10459
2435000 7.10449
2436000 7.10073
2437000 7.10292
2438000 7.10673
2439000 7.10266
2440000 7.10213
2441000 7.10644
2442000 7.10492
2443000 7.10183
2444000 7.1046
2445000 7.10418
2446000 7.09963
2447000 7.10198
2448000 7.10516
2449000 7.09958
2450000 7.10066
2451000 7.10462
2452000 7.10136
2453000 7.09868
2454000 7.10353
2455000 7.1026
2456000 7.09711
2457000 7.10021
2458000 7.10086
2459000 7.09729
2460000 7.09876
2461000 7.10084
2462000 7.09674
2463000 7.09689
2464000 7.09986
2465000 7.0979
2466000 7.09513
2467000 7.0977
2468000 7.09992
2469000 7.09543
2470000 7.09727
2471000 7.10173
2472000 7.09803
2473000 7.09683
2474000 7.0995
2475000 7.10036
2476000 7.09616
2477000 7.096
2478000 7.09899
2479000 7.09872
2480000 7.09582
2481000 7.09804
2482000 7.09789
2483000 7.09617
2484000 7.09797
2485000 7.0984
2486000 7.09494
2487000 7.09684
2488000 7.09761
2489000 7.09441
2490000 7.09514
2491000 7.09793
2492000 7.09472
2493000 7.09325
2494000 7.09731
2495000 7.09661
2496000 7.0932
2497000 7.09568
2498000 7.09753
2499000 7.09392
2500000 7.09385
2501000 7.09785
2502000 7.09571
2503000 7.09353
2504000 7.09726
2505000 7.09705
2506000 7.09353
2507000 7.09464
2508000 7.09566
2509000 7.09292
2510000 7.09387
2511000 7.09546
2512000 7.09345
2513000 7.09389
2514000 7.09407
2515000 7.09258
2516000 7.0935
2517000 7.09216
2518000 7.09128
2519000 7.0912
2520000 7.09131
2521000 7.09019
2522000 7.08939
2523000 7.09109
2524000 7.08855
2525000 7.0877
2526000 7.09077
2527000 7.08868
2528000 7.0864
2529000 7.089
2530000 7.09004
2531000 7.08679
2532000 7.08942
2533000 7.09014
2534000 7.08672
2535000 7.08795
2536000 7.09101
2537000 7.08785
2538000 7.08735
2539000 7.09032
2540000 7.08702
2541000 7.08512
2542000 7.0892
2543000 7.08867
2544000 7.08504
2545000 7.08975
2546000 7.09076
2547000 7.08661
2548000 7.08815
2549000 7.08967
2550000 7.08721
2551000 7.08699
2552000 7.08947
2553000 7.08729
2554000 7.08373
2555000 7.08762
2556000 7.08738
2557000 7.08316
2558000 7.08782
2559000 7.08973
2560000 7.08521
2561000 7.08697
2562000 7.09166
2563000 7.08739
2564000 7.08579
2565000 7.09247
2566000 7.08985
2567000 7.08538
2568000 7.08903
2569000 7.0901
2570000 7.08466
2571000 7.08591
2572000 7.08852
2573000 7.08552
2574000 7.08396
2575000 7.08727
2576000 7.08721
2577000 7.08502
2578000 7.08858
2579000 7.08878
2580000 7.08526
2581000 7.08662
2582000 7.08959
2583000 7.08619
2584000 7.0856
2585000 7.08948
2586000 7.08718
2587000 7.08421
2588000 7.08719
2589000 7.09006
2590000 7.08471
2591000 7.08546
2592000 7.09008
2593000 7.08572
2594000 7.08285
2595000 7.08866
2596000 7.08647
2597000 7.08121
2598000 7.0862
2599000 7.08611
2600000 7.08066
2601000 7.0843
2602000 7.08735
2603000 7.08246
2604000 7.08249
2605000 7.0859
2606000 7.08384
2607000 7.08211
2608000 7.08408
2609000 7.08572
2610000 7.08345
2611000 7.08453
2612000 7.08613
2613000 7.08336
2614000 7.08259
2615000 7.0859
2616000 7.08438
2617000 7.08079
2618000 7.08346
2619000 7.08379
2620000 7.0787
2621000 7.08062
2622000 7.08314
2623000 7.07872
2624000 7.07718
2625000 7.08262
2626000 7.08085
2627000 7.07614
2628000 7.08196
2629000 7.08453
2630000 7.07882
2631000 7.08197
2632000 7.0858
2633000 7.07927
2634000 7.07821
2635000 7.08471
2636000 7.08068
2637000 7.07569
2638000 7.08105
2639000 7.08168
2640000 7.0758
2641000 7.07828
2642000 7.08249
2643000 7.07622
2644000 7.0757
2645000 7.08179
2646000 7.0777
2647000 7.07499
2648000 7.08159
2649000 7.07968
2650000 7.07442
2651000 7.0787
2652000 7.08063
2653000 7.07582
2654000 7.07654
2655000 7.08037
2656000 7.07836
2657000 7.07596
2658000 7.07978
2659000 7.07906
2660000 7.07594
2661000 7.07869
2662000 7.08078
2663000 7.07821
2664000 7.07866
2665000 7.08118
2666000 7.07837
2667000 7.0789
2668000 7.08116
2669000 7.07998
2670000 7.07813
2671000 7.07923
2672000 7.07916
2673000 7.07823
2674000 7.07771
2675000 7.07924
2676000 7.07812
2677000 7.07713
2678000 7.0786
2679000 7.07762
2680000 7.07606
2681000 7.07759
2682000 7.07749
2683000 7.07579
2684000 7.07784
2685000 7.07909
2686000 7.0776
2687000 7.07813
2688000 7.0785
2689000 7.07657
2690000 7.07639
2691000 7.07638
2692000 7.07653
2693000 7.07747
2694000 7.07761
2695000 7.07682
2696000 7.07594
2697000 7.07621
2698000 7.07632
2699000 7.07606
2700000 7.07582
2701000 7.07776
2702000 7.07789
2703000 7.07689
2704000 7.07811
2705000 7.07661
2706000 7.07618
2707000 7.0761
2708000 7.07632
2709000 7.07626
2710000 7.07651
2711000 7.07588
2712000 7.07606
2713000 7.07726
2714000 7.07697
2715000 7.07571
2716000 7.07573
2717000 7.0756
2718000 7.0729
2719000 7.07502
2720000 7.07604
2721000 7.0735
2722000 7.07361
2723000 7.07709
2724000 7.07554
2725000 7.07439
2726000 7.07719
2727000 7.07858
2728000 7.07579
2729000 7.07807
2730000 7.08011
2731000 7.07772
2732000 7.07755
2733000 7.07966
2734000 7.07751
2735000 7.07608
2736000 7.07968
2737000 7.07591
2738000 7.07466
2739000 7.0797
2740000 7.07621
2741000 7.07346
2742000 7.07833
2743000 7.07753
2744000 7.07229
2745000 7.07596
2746000 7.07878
2747000 7.07259
2748000 7.07282
2749000 7.0789
2750000 7.07642
2751000 7.07186
2752000 7.07912
2753000 7.079
2754000 7.07161
2755000 7.07696
2756000 7.08059
2757000 7.07263
2758000 7.07384
2759000 7.08124
2760000 7.07453
2761000 7.07458
2762000 7.08012
2763000 7.07845
2764000 7.07621
2765000 7.08018
2766000 7.07917
2767000 7.07579
2768000 7.07834
2769000 7.07906
2770000 7.07606
2771000 7.07644
2772000 7.07836
2773000 7.0758
2774000 7.07563
2775000 7.07819
2776000 7.07728
2777000 7.07602
2778000 7.07788
2779000 7.07745
2780000 7.07593
2781000 7.07651
2782000 7.07631
2783000 7.07597
2784000 7.07782
2785000 7.07756
2786000 7.07748
2787000 7.07843
2788000 7.07865
2789000 7.07771
2790000 7.0781
2791000 7.0794
2792000 7.07797
2793000 7.07683
2794000 7.08063
2795000 7.07941
2796000 7.07702
2797000 7.07884
2798000 7.07893
2799000 7.07649
2800000 7.07745
2801000 7.07957
2802000 7.07763
2803000 7.07659
2804000 7.07878
2805000 7.07818
2806000 7.07478
2807000 7.07741
2808000 7.07917
2809000 7.07617
2810000 7.07859
2811000 7.08021
2812000 7.07848
2813000 7.07671
2814000 7.07847
2815000 7.07858
2816000 7.07618
2817000 7.07727
2818000 7.07691
2819000 7.07523
2820000 7.07604
2821000 7.0762
2822000 7.07362
2823000 7.07419
2824000 7.0754
2825000 7.07228
2826000 7.07345
2827000 7.07693
2828000 7.07316
2829000 7.07335
2830000 7.07641
2831000 7.07486
2832000 7.07378
2833000 7.07786
2834000 7.07704
2835000 7.07473
2836000 7.07792
2837000 7.07698
2838000 7.07424
2839000 7.0766
2840000 7.07777
2841000 7.07588
2842000 7.07651
2843000 7.07843
2844000 7.0765
2845000 7.07641
2846000 7.07789
2847000 7.07756
2848000 7.07634
2849000 7.07722
2850000 7.07937
2851000 7.07769
2852000 7.07795
2853000 7.08002
2854000 7.079
2855000 7.07757
2856000 7.08099
2857000 7.07949
2858000 7.07626
2859000 7.07874
2860000 7.07957
2861000 7.07643
2862000 7.07749
2863000 7.08003
2864000 7.07576
2865000 7.0755
2866000 7.07843
2867000 7.07448
2868000 7.07366
2869000 7.07798
2870000 7.07594
2871000 7.07353
2872000 7.07712
2873000 7.07773
2874000 7.073
2875000 7.07622
2876000 7.07742
2877000 7.07485
2878000 7.07586
2879000 7.07882
2880000 7.07711
2881000 7.07578
2882000 7.07958
2883000 7.07771
2884000 7.07566
2885000 7.07902
2886000 7.07886
2887000 7.07495
2888000 7.07633
2889000 7.07832
2890000 7.07538
2891000 7.07389
2892000 7.07762
2893000 7.07556
2894000 7.0725
2895000 7.07713
2896000 7.07592
2897000 7.07295
2898000 7.07826
2899000 7.07863
2900000 7.07429
2901000 7.077
2902000 7.07806
2903000 7.07482
2904000 7.07458
2905000 7.07698
2906000 7.07566
2907000 7.07401
2908000 7.07707
2909000 7.07626
2910000 7.07508
2911000 7.07692
2912000 7.07713
2913000 7.07451
2914000 7.07661
2915000 7.07747
2916000 7.07447
2917000 7.07522
2918000 7.07628
2919000 7.07511
2920000 7.07576
2921000 7.0762
2922000 7.07606
2923000 7.0777
2924000 7.07805
2925000 7.07608
2926000 7.07623
2927000 7.07834
2928000 7.07582
2929000 7.0747
2930000 7.07816
2931000 7.07642
2932000 7.07458
2933000 7.07905
2934000 7.078
2935000 7.07334
2936000 7.07609
2937000 7.07736
2938000 7.0718
2939000 7.07377
2940000 7.07751
2941000 7.07291
2942000 7.07196
2943000 7.0763
2944000 7.07459
2945000 7.07314
2946000 7.0761
2947000 7.07678
2948000 7.07385
2949000 7.07517
2950000 7.07655
2951000 7.07419
2952000 7.07529
2953000 7.07693
2954000 7.07503
2955000 7.07345
2956000 7.07631
2957000 7.07486
2958000 7.07377
2959000 7.07316
2960000 7.07353
2961000 7.07484
2962000 7.07382
2963000 7.07363
2964000 7.07507
2965000 7.07484
2966000 7.0737
2967000 7.07526
2968000 7.074
2969000 7.07469
2970000 7.0754
2971000 7.07506
2972000 7.07484
2973000 7.07503
2974000 7.07375
2975000 7.07257
2976000 7.0743
2977000 7.07375
2978000 7.07389
2979000 7.07581
2980000 7.07487
2981000 7.07568
2982000 7.07565
2983000 7.0769
2984000 7.07582
2985000 7.07563
2986000 7.0772
2987000 7.07481
2988000 7.07485
2989000 7.07866
2990000 7.07668
2991000 7.07469
2992000 7.07696
2993000 7.07824
2994000 7.07504
2995000 7.07617
2996000 7.07827
2997000 7.07454
2998000 7.07291
2999000 7.07781
3000000 7.075
3001000 7.07104
3002000 7.07574
3003000 7.07711
3004000 7.07056
3005000 7.07354
3006000 7.07818
3007000 7.07222
3008000 7.07153
3009000 7.07795
3010000 7.07414
3011000 7.07129
3012000 7.07689
3013000 7.07682
3014000 7.07172
3015000 7.07625
3016000 7.07877
3017000 7.07241
3018000 7.07213
3019000 7.079
3020000 7.07435
3021000 7.07247
3022000 7.07883
3023000 7.07848
3024000 7.07352
3025000 7.07764
3026000 7.07829
3027000 7.07289
3028000 7.07494
3029000 7.07756
3030000 7.07454
3031000 7.0728
3032000 7.0765
3033000 7.07532
3034000 7.07412
3035000 7.07613
3036000 7.07552
3037000 7.0732
3038000 7.07398
3039000 7.07431
3040000 7.07267
3041000 7.07268
3042000 7.07531
3043000 7.07281
3044000 7.07414
3045000 7.0778
3046000 7.07669
3047000 7.07354
3048000 7.07698
3049000 7.07751
3050000 7.07466
3051000 7.07649
3052000 7.07786
3053000 7.07307
3054000 7.07582
3055000 7.07563
3056000 7.0722
3057000 7.07434
3058000 7.07683
3059000 7.0736
3060000 7.07367
3061000 7.07673
3062000 7.07408
3063000 7.07272
3064000 7.07562
3065000 7.07522
3066000 7.07215
3067000 7.0748
3068000 7.07504
3069000 7.0723
3070000 7.07377
3071000 7.07585
3072000 7.07439
3073000 7.07458
3074000 7.07803
3075000 7.07594
3076000 7.07571
3077000 7.0785
3078000 7.07732
3079000 7.07548
3080000 7.0781
3081000 7.07653
3082000 7.07455
3083000 7.07651
3084000 7.07602
3085000 7.07258
3086000 7.0766
3087000 7.07838
3088000 7.07383
3089000 7.07532
3090000 7.07883
3091000 7.0756
3092000 7.07395
3093000 7.07769
3094000 7.07654
3095000 7.07502
3096000 7.07739
3097000 7.07874
3098000 7.0781
3099000 7.07974
3100000 7.08015
3101000 7.07967
3102000 7.0807
3103000 7.08054
3104000 7.07896
3105000 7.07881
3106000 7.07922
3107000 7.07961
3108000 7.07798
3109000 7.07926
3110000 7.07884
3111000 7.07927
3112000 7.07933
3113000 7.07913
3114000 7.07801
3115000 7.07958
3116000 7.08113
3117000 7.07878
3118000 7.07906
3119000 7.08038
3120000 7.07926
3121000 7.0783
3122000 7.08066
3123000 7.08067
3124000 7.07838
3125000 7.08044
3126000 7.08161
3127000 7.07931
3128000 7.07961
3129000 7.08193
3130000 7.08149
3131000 7.08009
3132000 7.08092
3133000 7.08084
3134000 7.07979
3135000 7.07944
3136000 7.07897
3137000 7.08019
3138000 7.07854
3139000 7.07932
3140000 7.07915
3141000 7.07904
3142000 7.07895
3143000 7.07883
3144000 7.07864
3145000 7.07766
3146000 7.07849
3147000 7.07777
3148000 7.07977
3149000 7.08037
3150000 7.07737
3151000 7.07973
3152000 7.08129
3153000 7.07753
3154000 7.07826
3155000 7.08183
3156000 7.07783
3157000 7.07705
3158000 7.08053
3159000 7.07718
3160000 7.07405
3161000 7.07818
3162000 7.07874
3163000 7.0742
3164000 7.07687
3165000 7.08012
3166000 7.07491
3167000 7.07601
3168000 7.08024
3169000 7.07686
3170000 7.07566
3171000 7.08064
3172000 7.08044
3173000 7.07634
3174000 7.07974
3175000 7.0817
3176000 7.07763
3177000 7.07781
3178000 7.08179
3179000 7.08033
3180000 7.07666
3181000 7.08153
3182000 7.08062
3183000 7.07682
3184000 7.08135
3185000 7.0815
3186000 7.07696
3187000 7.07911
3188000 7.08193
3189000 7.07846
3190000 7.07763
3191000 7.08211
3192000 7.07924
3193000 7.07629
3194000 7.08091
3195000 7.07908
3196000 7.07639
3197000 7.08014
3198000 7.07956
3199000 7.07594
3200000 7.08073
3201000 7.08285
3202000 7.07847
3203000 7.07994
3204000 7.08511
3205000 7.08136
3206000 7.07874
3207000 7.08544
3208000 7.08498
3209000 7.07967
3210000 7.083
3211000 7.08842
3212000 7.08258
3213000 7.08083
3214000 7.08799
3215000 7.08481
3216000 7.08005
3217000 7.08654
3218000 7.08675
3219000 7.08084
3220000 7.0856
3221000 7.0911
3222000 7.08447
3223000 7.08609
3224000 7.09104
3225000 7.08663
3226000 7.08413
3227000 7.08909
3228000 7.08809
3229000 7.08437
3230000 7.08689
3231000 7.08864
3232000 7.08701
3233000 7.08769
3234000 7.08865
3235000 7.0881
3236000 7.08668
3237000 7.08884
3238000 7.08992
3239000 7.08656
3240000 7.0885
3241000 7.08951
3242000 7.08717
3243000 7.08821
3244000 7.08942
3245000 7.08744
3246000 7.08568
3247000 7.089
3248000 7.08939
3249000 7.08832
3250000 7.08995
3251000 7.0917
3252000 7.09035
3253000 7.091
3254000 7.09435
3255000 7.09288
3256000 7.09111
3257000 7.09524
3258000 7.0933
3259000 7.08877
3260000 7.09291
3261000 7.09342
3262000 7.08768
3263000 7.0915
3264000 7.09445
3265000 7.08953
3266000 7.0913
3267000 7.09502
3268000 7.09148
3269000 7.08895
3270000 7.09391
3271000 7.09304
3272000 7.08881
3273000 7.09319
3274000 7.09347
3275000 7.0887
3276000 7.09069
3277000 7.09414
3278000 7.0883
3279000 7.09061
3280000 7.09497
3281000 7.09113
3282000 7.08906
3283000 7.09444
3284000 7.09392
3285000 7.0889
3286000 7.0938
3287000 7.09611
3288000 7.09011
3289000 7.09177
3290000 7.09645
3291000 7.09083
3292000 7.08951
3293000 7.09478
3294000 7.09194
3295000 7.08995
3296000 7.09497
3297000 7.09416
3298000 7.09036
3299000 7.09187
3300000 7.09397
3301000 7.09055
3302000 7.09023
3303000 7.09434
3304000 7.09213
3305000 7.09058
3306000 7.09586
3307000 7.09437
3308000 7.09221
3309000 7.09579
3310000 7.09664
3311000 7.09427
3312000 7.09603
3313000 7.09709
3314000 7.09566
3315000 7.09602
3316000 7.09869
3317000 7.09753
3318000 7.0962
3319000 7.09909
3320000 7.0986
3321000 7.09801
3322000 7.09993
3323000 7.10094
3324000 7.09778
3325000 7.09732
3326000 7.10023
3327000 7.09815
3328000 7.09725
3329000 7.09929
3330000 7.09763
3331000 7.09724
3332000 7.09973
3333000 7.09703
3334000 7.09691
3335000 7.0981
3336000 7.09841
3337000 7.09606
3338000 7.0966
3339000 7.10042
3340000 7.09795
3341000 7.09777
3342000 7.10114
3343000 7.09983
3344000 7.0988
3345000 7.1012
3346000 7.09995
3347000 7.10009
3348000 7.10169
3349000 7.10093
3350000 7.10161
3351000 7.10262
3352000 7.10007
3353000 7.10022
3354000 7.10179
3355000 7.09967
3356000 7.09977
3357000 7.10275
3358000 7.10159
3359000 7.1001
3360000 7.10308
3361000 7.10321
3362000 7.10065
3363000 7.10128
3364000 7.10332
3365000 7.10113
3366000 7.10203
3367000 7.10332
3368000 7.10157
3369000 7.10165
3370000 7.10381
3371000 7.10148
3372000 7.09891
3373000 7.10429
3374000 7.10368
3375000 7.10065
3376000 7.10496
3377000 7.10637
3378000 7.10142
3379000 7.10502
3380000 7.10724
3381000 7.1037
3382000 7.10391
3383000 7.10852
3384000 7.106
3385000 7.10313
3386000 7.10789
3387000 7.10726
3388000 7.10332
3389000 7.10581
3390000 7.10813
3391000 7.10406
3392000 7.10351
3393000 7.10885
3394000 7.10562
3395000 7.10601
3396000 7.11042
3397000 7.10887
3398000 7.1059
3399000 7.11164
3400000 7.10996
3401000 7.10353
3402000 7.10882
3403000 7.11211
3404000 7.10516
3405000 7.10737
3406000 7.11395
3407000 7.1075
3408000 7.10489
3409000 7.1136
3410000 7.10981
3411000 7.10483
3412000 7.11138
3413000 7.11174
3414000 7.10508
3415000 7.10935
3416000 7.1149
3417000 7.1077
3418000 7.10846
3419000 7.11701
3420000 7.11004
3421000 7.10717
3422000 7.11815
3423000 7.11687
3424000 7.11029
3425000 7.11559
3426000 7.11893
3427000 7.11197
3428000 7.11236
3429000 7.11761
3430000 7.11349
3431000 7.11088
3432000 7.11602
3433000 7.11481
3434000 7.11184
3435000 7.11483
3436000 7.11533
3437000 7.11236
3438000 7.1132
3439000 7.11685
3440000 7.11455
3441000 7.11308
3442000 7.11648
3443000 7.11672
3444000 7.11402
3445000 7.1142
3446000 7.1177
3447000 7.11505
3448000 7.11335
3449000 7.11958
3450000 7.11787
3451000 7.11265
3452000 7.11669
3453000 7.11834
3454000 7.1128
3455000 7.11566
3456000 7.11983
3457000 7.11561
3458000 7.11581
3459000 7.12038
3460000 7.11916
3461000 7.1165
3462000 7.11988
3463000 7.11959
3464000 7.11637
3465000 7.11731
3466000 7.12136
3467000 7.11947
3468000 7.11615
3469000 7.12142
3470000 7.1203
3471000 7.11582
3472000 7.12019
3473000 7.12205
3474000 7.11637
3475000 7.11889
3476000 7.12393
3477000 7.11776
3478000 7.11795
3479000 7.12352
3480000 7.11942
3481000 7.1187
3482000 7.12231
3483000 7.12215
3484000 7.11937
3485000 7.12256
3486000 7.12454
3487000 7.12081
3488000 7.12213
3489000 7.12545
3490000 7.12039
3491000 7.12149
3492000 7.1251
3493000 7.12277
3494000 7.12088
3495000 7.12487
3496000 7.12563
3497000 7.12199
3498000 7.1251
3499000 7.12881
3500000 7.1221
3501000 7.12213
3502000 7.12745
3503000 7.12384
3504000 7.12106
3505000 7.1273
3506000 7.12782
3507000 7.12258
3508000 7.12688
3509000 7.13045
3510000 7.12425
3511000 7.12658
3512000 7.13288
3513000 7.12694
3514000 7.12638
3515000 7.13208
3516000 7.12862
3517000 7.12458
3518000 7.12856
3519000 7.13046
3520000 7.12491
3521000 7.12807
3522000 7.13115
3523000 7.12448
3524000 7.12649
3525000 7.13229
3526000 7.12704
3527000 7.12422
3528000 7.13003
3529000 7.12907
3530000 7.12416
3531000 7.1287
3532000 7.1308
3533000 7.12694
3534000 7.12729
3535000 7.1328
3536000 7.12943
3537000 7.12711
3538000 7.13348
3539000 7.13196
3540000 7.12654
3541000 7.133
3542000 7.13398
3543000 7.12756
3544000 7.12932
3545000 7.13408
3546000 7.12939
3547000 7.12807
3548000 7.13358
3549000 7.13317
3550000 7.12948
3551000 7.13306
3552000 7.13492
3553000 7.13185
3554000 7.13234
3555000 7.13514
3556000 7.13291
3557000 7.13173
3558000 7.13427
3559000 7.133
3560000 7.13081
3561000 7.13138
3562000 7.13164
3563000 7.13043
3564000 7.12985
3565000 7.13121
3566000 7.13087
3567000 7.13059
3568000 7.13189
3569000 7.13348
3570000 7.13238
3571000 7.13304
3572000 7.13464
3573000 7.13492
3574000 7.13249
3575000 7.13536
3576000 7.13662
3577000 7.13469
3578000 7.13418
3579000 7.13628
3580000 7.1353
3581000 7.13405
3582000 7.13627
3583000 7.13645
3584000 7.13637
3585000 7.13733
3586000 7.13697
3587000 7.13586
3588000 7.13708
3589000 7.13587
3590000 7.13368
3591000 7.13681
3592000 7.13549
3593000 7.13517
3594000 7.13894
3595000 7.13714
3596000 7.1353
3597000 7.13854
3598000 7.13865
3599000 7.13515
3600000 7.13843
3601000 7.14079
3602000 7.136
3603000 7.13757
3604000 7.14069
3605000 7.13799
3606000 7.13715
3607000 7.14048
3608000 7.14054
3609000 7.13812
3610000 7.14159
3611000 7.14315
3612000 7.13962
3613000 7.13968
3614000 7.14321
3615000 7.14026
3616000 7.13912
3617000 7.14382
3618000 7.14143
3619000 7.13966
3620000 7.14316
3621000 7.14379
3622000 7.14025
3623000 7.14161
3624000 7.14482
3625000 7.1405
3626000 7.13982
3627000 7.14345
3628000 7.14273
3629000 7.14135
3630000 7.14445
3631000 7.14451
3632000 7.14301
3633000 7.14449
3634000 7.14745
3635000 7.144
3636000 7.14371
3637000 7.14918
3638000 7.14611
3639000 7.14271
3640000 7.14797
3641000 7.14704
3642000 7.14116
3643000 7.14573
3644000 7.14831
3645000 7.1418
3646000 7.14354
3647000 7.14925
3648000 7.14415
3649000 7.14226
3650000 7.14922
3651000 7.14762
3652000 7.14327
3653000 7.14784
3654000 7.14938
3655000 7.1435
3656000 7.14661
3657000 7.15095
3658000 7.14537
3659000 7.14611
3660000 7.15209
3661000 7.1473
3662000 7.14563
3663000 7.15259
3664000 7.15204
3665000 7.14725
3666000 7.15246
3667000 7.15329
3668000 7.14666
3669000 7.14819
3670000 7.15179
3671000 7.14791
3672000 7.14667
3673000 7.15107
3674000 7.14816
3675000 7.14545
3676000 7.14923
3677000 7.15077
3678000 7.14574
3679000 7.148
3680000 7.15387
3681000 7.14889
3682000 7.14717
3683000 7.15386
3684000 7.15138
3685000 7.14742
3686000 7.15179
3687000 7.15381
3688000 7.14854
3689000 7.14908
3690000 7.15342
3691000 7.15029
3692000 7.14888
3693000 7.1538
3694000 7.15341
3695000 7.14933
3696000 7.15187
3697000 7.1542
3698000 7.14919
3699000 7.15104
3700000 7.154
3701000 7.15068
3702000 7.14934
3703000 7.15403
3704000 7.15263
3705000 7.14921
3706000 7.15316
3707000 7.15374
3708000 7.14995
3709000 7.15341
3710000 7.15656
3711000 7.15309
3712000 7.153
3713000 7.15752
3714000 7.15506
3715000 7.15232
3716000 7.1567
3717000 7.15405
3718000 7.15184
3719000 7.1559
3720000 7.15656
3721000 7.15272
3722000 7.15575
3723000 7.15871
3724000 7.15611
3725000 7.15666
3726000 7.16044
3727000 7.1588
3728000 7.15925
3729000 7.16012
3730000 7.16129
3731000 7.1605
3732000 7.16143
3733000 7.16353
3734000 7.1617
3735000 7.16117
3736000 7.16388
3737000 7.16176
3738000 7.16066
3739000 7.16465
3740000 7.16305
3741000 7.16209
3742000 7.16402
3743000 7.16491
3744000 7.16193
3745000 7.16318
3746000 7.16426
3747000 7.1629
3748000 7.1629
3749000 7.16405
3750000 7.16428
3751000 7.16392
3752000 7.16524
3753000 7.16566
3754000 7.16421
3755000 7.16436
3756000 7.16658
3757000 7.16441
3758000 7.16471
3759000 7.16812
3760000 7.16528
3761000 7.16364
3762000 7.16671
3763000 7.16638
3764000 7.16366
3765000 7.16354
3766000 7.1658
3767000 7.16515
3768000 7.16575
3769000 7.16542
3770000 7.16648
3771000 7.16518
3772000 7.1658
3773000 7.16814
3774000 7.1662
3775000 7.16527
3776000 7.16864
3777000 7.16862
3778000 7.1664
3779000 7.16826
3780000 7.1715
3781000 7.16747
3782000 7.16772
3783000 7.17054
3784000 7.16838
3785000 7.16725
3786000 7.16949
3787000 7.16962
3788000 7.16802
3789000 7.16884
3790000 7.1705
3791000 7.16816
3792000 7.1688
3793000 7.17231
3794000 7.17096
3795000 7.16915
3796000 7.17477
3797000 7.17461
3798000 7.17006
3799000 7.17287
3800000 7.17347
3801000 7.16888
3802000 7.17175
3803000 7.17426
3804000 7.17085
3805000 7.1721
3806000 7.17674
3807000 7.17388
3808000 7.17224
3809000 7.17652
3810000 7.17464
3811000 7.1729
3812000 7.17574
3813000 7.17579
3814000 7.17414
3815000 7.17653
3816000 7.1767
3817000 7.17437
3818000 7.176
3819000 7.17674
3820000 7.17404
3821000 7.17377
3822000 7.17725
3823000 7.17591
3824000 7.17406
3825000 7.17623
3826000 7.1767
3827000 7.17535
3828000 7.17691
3829000 7.177
3830000 7.17454
3831000 7.17562
3832000 7.17725
3833000 7.17614
3834000 7.17656
3835000 7.17975
3836000 7.17948
3837000 7.17739
3838000 7.1784
3839000 7.17905
3840000 7.17707
3841000 7.17733
3842000 7.17778
3843000 7.17571
3844000 7.17632
3845000 7.17558
3846000 7.17567
3847000 7.176
3848000 7.17555
3849000 7.17512
3850000 7.17552
3851000 7.17463
3852000 7.17567
3853000 7.17521
3854000 7.17348
3855000 7.17601
3856000 7.1759
3857000 7.17582
3858000 7.17716
3859000 7.17713
3860000 7.17796
3861000 7.17762
3862000 7.17714
3863000 7.1766
3864000 7.17881
3865000 7.17669
3866000 7.17741
3867000 7.18063
3868000 7.17782
3869000 7.17601
3870000 7.17971
3871000 7.17747
3872000 7.17466
3873000 7.17863
3874000 7.17822
3875000 7.17506
3876000 7.17669
3877000 7.17969
3878000 7.17719
3879000 7.17856
3880000 7.18148
3881000 7.18139
3882000 7.17991
3883000 7.18091
3884000 7.18238
3885000 7.17997
3886000 7.18082
3887000 7.18374
3888000 7.18211
3889000 7.18223
3890000 7.18422
3891000 7.18358
3892000 7.18266
3893000 7.18533
3894000 7.18454
3895000 7.1828
3896000 7.18661
3897000 7.18735
3898000 7.18545
3899000 7.18748
3900000 7.18873
3901000 7.18628
3902000 7.18807
3903000 7.18986
3904000 7.18695
3905000 7.18729
3906000 7.19161
3907000 7.18987
3908000 7.18842
3909000 7.19237
3910000 7.19217
3911000 7.18987
3912000 7.19235
3913000 7.19329
3914000 7.19124
3915000 7.19274
3916000 7.19449
3917000 7.19361
3918000 7.19297
3919000 7.19334
3920000 7.19248
3921000 7.1918
3922000 7.19182
3923000 7.19216
3924000 7.19002
3925000 7.19135
3926000 7.19236
3927000 7.19115
3928000 7.19183
3929000 7.19352
3930000 7.19306
3931000 7.19366
3932000 7.19449
3933000 7.19559
3934000 7.19594
3935000 7.19558
3936000 7.1955
3937000 7.19612
3938000 7.19535
3939000 7.19617
3940000 7.19611
3941000 7.19574
3942000 7.19632
3943000 7.19608
3944000 7.19613
3945000 7.19673
3946000 7.19701
3947000 7.19775
3948000 7.1965
3949000 7.19774
3950000 7.19911
3951000 7.1995
3952000 7.19944
3953000 7.19954
3954000 7.20075
3955000 7.20109
3956000 7.20141
3957000 7.20074
3958000 7.20207
3959000 7.20164
3960000 7.19986
3961000 7.20023
3962000 7.20124
3963000 7.19911
3964000 7.19833
3965000 7.20019
3966000 7.1989
3967000 7.19927
3968000 7.20016
3969000 7.20045
3970000 7.19985
3971000 7.1998
3972000 7.20019
3973000 7.20098
3974000 7.20073
3975000 7.2011
3976000 7.20177
3977000 7.20273
3978000 7.20243
3979000 7.2022
3980000 7.20295
3981000 7.20219
3982000 7.20335
3983000 7.20467
3984000 7.20471
3985000 7.20375
3986000 7.2047
3987000 7.20306
3988000 7.20203
3989000 7.20376
3990000 7.20272
3991000 7.20192
3992000 7.20457
3993000 7.20358
3994000 7.20305
3995000 7.20669
3996000 7.20537
3997000 7.20441
3998000 7.2066
3999000 7.20758
4000000 7.20577
4001000 7.20693
4002000 7.20762
4003000 7.20686
4004000 7.20739
4005000 7.20767
4006000 7.20681
4007000 7.20743
4008000 7.20904
4009000 7.20648
4010000 7.20681
4011000 7.20897
4012000 7.20801
4013000 7.2074
4014000 7.20772
4015000 7.20971
4016000 7.20901
4017000 7.2075
4018000 7.21062
4019000 7.21076
4020000 7.20751
4021000 7.21013
4022000 7.21117
4023000 7.2089
4024000 7.20964
4025000 7.21075
4026000 7.21012
4027000 7.21109
4028000 7.21239
4029000 7.21185
4030000 7.21269
4031000 7.21434
4032000 7.21436
4033000 7.21221
4034000 7.21377
4035000 7.21653
4036000 7.21222
4037000 7.21256
4038000 7.2166
4039000 7.21418
4040000 7.21243
4041000 7.21521
4042000 7.21542
4043000 7.21202
4044000 7.21457
4045000 7.21561
4046000 7.21208
4047000 7.21278
4048000 7.21559
4049000 7.21433
4050000 7.21348
4051000 7.21706
4052000 7.2171
4053000 7.21523
4054000 7.21802
4055000 7.21881
4056000 7.21516
4057000 7.21764
4058000 7.2196
4059000 7.21672
4060000 7.21653
4061000 7.21875
4062000 7.21734
4063000 7.21689
4064000 7.21902
4065000 7.21807
4066000 7.21668
4067000 7.218
4068000 7.21975
4069000 7.21725
4070000 7.21823
4071000 7.22066
4072000 7.21888
4073000 7.2178
4074000 7.22074
4075000 7.21992
4076000 7.21685
4077000 7.22006
4078000 7.22198
4079000 7.21791
4080000 7.221
4081000 7.22492
4082000 7.22068
4083000 7.22235
4084000 7.22644
4085000 7.22286
4086000 7.22215
4087000 7.22781
4088000 7.22538
4089000 7.2215
4090000 7.2271
4091000 7.22788
4092000 7.22161
4093000 7.22551
4094000 7.22814
4095000 7.22163
4096000 7.22319
4097000 7.22861
4098000 7.22366
4099000 7.22235
4100000 7.23058
4101000 7.22736
4102000 7.22332
4103000 7.22883
4104000 7.23035
4105000 7.22353
4106000 7.22733
4107000 7.23235
4108000 7.22679
4109000 7.22646
4110000 7.2332
4111000 7.22992
4112000 7.22608
4113000 7.23186
4114000 7.23244
4115000 7.22657
4116000 7.22958
4117000 7.23443
4118000 7.22806
4119000 7.22944
4120000 7.23696
4121000 7.23267
4122000 7.23013
4123000 7.23806
4124000 7.23601
4125000 7.22966
4126000 7.23725
4127000 7.23941
4128000 7.23161
4129000 7.23612
4130000 7.24261
4131000 7.23699
4132000 7.23723
4133000 7.24389
4134000 7.24094
4135000 7.23789
4136000 7.24238
4137000 7.24234
4138000 7.23705
4139000 7.24074
4140000 7.24239
4141000 7.23933
4142000 7.23991
4143000 7.24307
4144000 7.24304
4145000 7.2395
4146000 7.24151
4147000 7.24473
4148000 7.24189
4149000 7.2414
4150000 7.24602
4151000 7.24657
4152000 7.24297
4153000 7.24752
4154000 7.24982
4155000 7.24604
4156000 7.2482
4157000 7.25187
4158000 7.25015
4159000 7.24904
4160000 7.25183
4161000 7.24871
4162000 7.24676
4163000 7.25133
4164000 7.25128
4165000 7.24653
4166000 7.24901
4167000 7.25359
4168000 7.24958
4169000 7.24851
4170000 7.25353
4171000 7.25131
4172000 7.24817
4173000 7.25209
4174000 7.2531
4175000 7.24933
4176000 7.25072
4177000 7.25364
4178000 7.25088
4179000 7.24993
4180000 7.25502
4181000 7.25313
4182000 7.25135
4183000 7.25472
4184000 7.25488
4185000 7.25271
4186000 7.2548
4187000 7.25666
4188000 7.25312
4189000 7.25347
4190000 7.25596
4191000 7.25381
4192000 7.25143
4193000 7.25432
4194000 7.25444
4195000 7.24913
4196000 7.2526
4197000 7.25523
4198000 7.25123
4199000 7.25164
4200000 7.25649
4201000 7.25358
4202000 7.25136
4203000 7.25745
4204000 7.25704
4205000 7.25063
4206000 7.25636
4207000 7.25876
4208000 7.25135
4209000 7.25284
4210000 7.25791
4211000 7.25189
4212000 7.25188
4213000 7.25824
4214000 7.25455
4215000 7.25194
4216000 7.25972
4217000 7.25779
4218000 7.25136
4219000 7.25797
4220000 7.2588
4221000 7.25189
4222000 7.25548
4223000 7.26181
4224000 7.2556
4225000 7.25524
4226000 7.26289
4227000 7.25951
4228000 7.25618
4229000 7.26282
4230000 7.26242
4231000 7.25631
4232000 7.26272
4233000 7.26435
4234000 7.25756
4235000 7.26119
4236000 7.26551
4237000 7.25751
4238000 7.25826
4239000 7.26683
4240000 7.26111
4241000 7.25817
4242000 7.26611
4243000 7.26664
4244000 7.25834
4245000 7.26544
4246000 7.26828
4247000 7.25989
4248000 7.26421
4249000 7.26978
4250000 7.26258
4251000 7.2625
4252000 7.26909
4253000 7.26387
4254000 7.26055
4255000 7.26731
4256000 7.26659
4257000 7.26078
4258000 7.26614
4259000 7.26932
4260000 7.26294
4261000 7.26394
4262000 7.27023
4263000 7.26533
4264000 7.26263
4265000 7.27043
4266000 7.26791
4267000 7.26265
4268000 7.26916
4269000 7.2706
4270000 7.26326
4271000 7.26649
4272000 7.27117
4273000 7.26527
4274000 7.2653
4275000 7.27349
4276000 7.27017
4277000 7.26778
4278000 7.27598
4279000 7.27562
4280000 7.26899
4281000 7.27584
4282000 7.27682
4283000 7.27001
4284000 7.27459
4285000 7.27846
4286000 7.27195
4287000 7.27363
4288000 7.28024
4289000 7.27502
4290000 7.27345
4291000 7.27932
4292000 7.27771
4293000 7.27343
4294000 7.27836
4295000 7.278
4296000 7.27262
4297000 7.2758
4298000 7.28006
4299000 7.27437
4300000 7.27497
4301000 7.27968
4302000 7.27846
4303000 7.27524
4304000 7.27982
4305000 7.28118
4306000 7.27664
4307000 7.27849
4308000 7.28201
4309000 7.27856
4310000 7.27939
4311000 7.28341
4312000 7.28045
4313000 7.27837
4314000 7.28436
4315000 7.28199
4316000 7.27865
4317000 7.28276
4318000 7.28487
4319000 7.28046
4320000 7.28178
4321000 7.2845
4322000 7.28083
4323000 7.28109
4324000 7.28402
4325000 7.28225
4326000 7.27978
4327000 7.28181
4328000 7.2827
4329000 7.27949
4330000 7.28178
4331000 7.28481
4332000 7.28277
4333000 7.28187
4334000 7.28499
4335000 7.28404
4336000 7.28193
4337000 7.28476
4338000 7.28459
4339000 7.28207
4340000 7.28455
4341000 7.28597
4342000 7.28455
4343000 7.2855
4344000 7.28747
4345000 7.28711
4346000 7.28671
4347000 7.28702
4348000 7.28818
4349000 7.28802
4350000 7.28715
4351000 7.28689
4352000 7.28976
4353000 7.28886
4354000 7.28704
4355000 7.29099
4356000 7.29121
4357000 7.28772
4358000 7.29083
4359000 7.29338
4360000 7.29081
4361000 7.29172
4362000 7.29617
4363000 7.29285
4364000 7.29163
4365000 7.29556
4366000 7.29543
4367000 7.29182
4368000 7.29438
4369000 7.29433
4370000 7.29057
4371000 7.29198
4372000 7.29472
4373000 7.29227
4374000 7.2911
4375000 7.29625
4376000 7.29564
4377000 7.29197
4378000 7.29701
4379000 7.29898
4380000 7.29419
4381000 7.29803
4382000 7.30125
4383000 7.29671
4384000 7.29785
4385000 7.30251
4386000 7.3006
4387000 7.29817
4388000 7.30246
4389000 7.30144
4390000 7.2985
4391000 7.30099
4392000 7.30313
4393000 7.30067
4394000 7.29984
4395000 7.30334
4396000 7.3014
4397000 7.29997
4398000 7.30394
4399000 7.30318
4400000 7.30113
4401000 7.30509
4402000 7.30513
4403000 7.30307
4404000 7.30402
4405000 7.30657
4406000 7.30263
4407000 7.30255
4408000 7.30634
4409000 7.30524
4410000 7.30354
4411000 7.3072
4412000 7.30655
4413000 7.30421
4414000 7.30502
4415000 7.30676
4416000 7.30475
4417000 7.30673
4418000 7.30859
4419000 7.30672
4420000 7.3057
4421000 7.3089
4422000 7.3085
4423000 7.30675
4424000 7.30817
4425000 7.31069
4426000 7.30847
4427000 7.30904
4428000 7.31262
4429000 7.31099
4430000 7.31077
4431000 7.31478
4432000 7.31394
4433000 7.31103
4434000 7.31482
4435000 7.31566
4436000 7.31108
4437000 7.31411
4438000 7.31677
4439000 7.31194
4440000 7.31267
4441000 7.31692
4442000 7.31389
4443000 7.31264
4444000 7.31718
4445000 7.31692
4446000 7.31546
4447000 7.31893
4448000 7.3202
4449000 7.31802
4450000 7.32032
4451000 7.32378
4452000 7.32053
4453000 7.32039
4454000 7.32424
4455000 7.32129
4456000 7.31948
4457000 7.324
4458000 7.32232
4459000 7.31957
4460000 7.32307
4461000 7.32473
4462000 7.32101
4463000 7.32274
4464000 7.32672
4465000 7.3234
4466000 7.32142
4467000 7.32579
4468000 7.32357
4469000 7.32051
4470000 7.32445
4471000 7.32538
4472000 7.32254
4473000 7.32472
4474000 7.32771
4475000 7.32448
4476000 7.3253
4477000 7.32758
4478000 7.32693
4479000 7.3259
4480000 7.32841
4481000 7.327
4482000 7.32612
4483000 7.32978
4484000 7.32831
4485000 7.32822
4486000 7.33059
4487000 7.33118
4488000 7.33013
4489000 7.33067
4490000 7.33268
4491000 7.33053
4492000 7.32942
4493000 7.33374
4494000 7.33075
4495000 7.32856
4496000 7.33257
4497000 7.33108
4498000 7.32771
4499000 7.33163
4500000 7.3322
4501000 7.32682
4502000 7.32986
4503000 7.33383
4504000 7.32832
4505000 7.33006
4506000 7.3365
4507000 7.33275
4508000 7.3305
4509000 7.33776
4510000 7.33754
4511000 7.3329
4512000 7.3387
4513000 7.34044
4514000 7.33468
4515000 7.33692
4516000 7.3403
4517000 7.3357
4518000 7.33551
4519000 7.33997
4520000 7.33661
4521000 7.33474
4522000 7.3404
4523000 7.33928
4524000 7.33637
4525000 7.34098
4526000 7.34184
4527000 7.33795
4528000 7.34009
4529000 7.3419
4530000 7.33791
4531000 7.33923
4532000 7.34319
4533000 7.34049
4534000 7.33997
4535000 7.3453
4536000 7.34254
4537000 7.34014
4538000 7.34481
4539000 7.34377
4540000 7.33919
4541000 7.34294
4542000 7.34601
4543000 7.33957
4544000 7.34198
4545000 7.34727
4546000 7.34251
4547000 7.34219
4548000 7.34689
4549000 7.34418
4550000 7.34268
4551000 7.34712
4552000 7.34609
4553000 7.34121
4554000 7.34492
4555000 7.34703
4556000 7.34318
4557000 7.34496
4558000 7.35022
4559000 7.34739
4560000 7.34567
4561000 7.35157
4562000 7.3491
4563000 7.34633
4564000 7.35075
4565000 7.35194
4566000 7.34787
4567000 7.35105
4568000 7.35184
4569000 7.34774
4570000 7.34989
4571000 7.35205
4572000 7.35005
4573000 7.35037
4574000 7.35362
4575000 7.35271
4576000 7.35251
4577000 7.3551
4578000 7.35461
4579000 7.35448
4580000 7.35555
4581000 7.35693
4582000 7.35503
4583000 7.35685
4584000 7.35796
4585000 7.35545
4586000 7.35721
4587000 7.35946
4588000 7.35804
4589000 7.35833
4590000 7.36062
4591000 7.35974
4592000 7.35869
4593000 7.361
4594000 7.36067
4595000 7.35881
4596000 7.36216
4597000 7.36214
4598000 7.35945
4599000 7.36161
4600000 7.36325
4601000 7.36085
4602000 7.36085
4603000 7.36265
4604000 7.36121
4605000 7.36094
4606000 7.36417
4607000 7.36259
4608000 7.36198
4609000 7.36394
4610000 7.36198
4611000 7.36266
4612000 7.36331
4613000 7.36333
4614000 7.36255
4615000 7.36364
4616000 7.36468
4617000 7.36219
4618000 7.36104
4619000 7.3627
4620000 7.36305
4621000 7.36218
4622000 7.36409
4623000 7.36472
4624000 7.36327
4625000 7.36425
4626000 7.36644
4627000 7.36442
4628000 7.36464
4629000 7.36793
4630000 7.36819
4631000 7.36665
4632000 7.36914
4633000 7.36856
4634000 7.36767
4635000 7.36934
4636000 7.36887
4637000 7.37004
4638000 7.37033
4639000 7.37118
4640000 7.37241
4641000 7.3725
4642000 7.3718
4643000 7.37406
4644000 7.37486
4645000 7.37282
4646000 7.37637
4647000 7.37868
4648000 7.37533
4649000 7.37755
4650000 7.38075
4651000 7.37858
4652000 7.37859
4653000 7.38127
4654000 7.38139
4655000 7.37883
4656000 7.3811
4657000 7.38344
4658000 7.38181
4659000 7.38199
4660000 7.38388
4661000 7.38354
4662000 7.38201
4663000 7.38352
4664000 7.38352
4665000 7.38191
4666000 7.38285
4667000 7.38522
4668000 7.38384
4669000 7.38354
4670000 7.38554
4671000 7.38578
4672000 7.38539
4673000 7.38747
4674000 7.38787
4675000 7.38628
4676000 7.38732
4677000 7.39049
4678000 7.38913
4679000 7.38924
4680000 7.39107
4681000 7.39018
4682000 7.38993
4683000 7.39166
4684000 7.39058
4685000 7.39044
4686000 7.39331
4687000 7.39292
4688000 7.39214
4689000 7.39515
4690000 7.39509
4691000 7.39444
4692000 7.39573
4693000 7.39684
4694000 7.39626
4695000 7.39469
4696000 7.39806
4697000 7.39774
4698000 7.39652
4699000 7.39983
4700000 7.40071
4701000 7.39846
4702000 7.40115
4703000 7.40295
4704000 7.40058
4705000 7.40137
4706000 7.4031
4707000 7.4005
4708000 7.39995
4709000 7.40134
4710000 7.40169
4711000 7.39945
4712000 7.40165
4713000 7.40308
4714000 7.4005
4715000 7.40068
4716000 7.40211
4717000 7.40101
4718000 7.40045
4719000 7.40255
4720000 7.40266
4721000 7.40069
4722000 7.40296
4723000 7.40488
4724000 7.40089
4725000 7.40195
4726000 7.40417
4727000 7.40273
4728000 7.40164
4729000 7.40423
4730000 7.40433
4731000 7.40377
4732000 7.40486
4733000 7.4054
4734000 7.4051
4735000 7.40583
4736000 7.40697
4737000 7.40563
4738000 7.4064
4739000 7.40859
4740000 7.4068
4741000 7.40717
4742000 7.41018
4743000 7.40775
4744000 7.40757
4745000 7.40974
4746000 7.40909
4747000 7.40782
4748000 7.40922
4749000 7.40998
4750000 7.40866
4751000 7.41002
4752000 7.41123
4753000 7.40866
4754000 7.40987
4755000 7.41321
4756000 7.4119
4757000 7.41102
4758000 7.41454
4759000 7.41296
4760000 7.41205
4761000 7.41549
4762000 7.41362
4763000 7.41057
4764000 7.41545
4765000 7.41531
4766000 7.4114
4767000 7.41519
4768000 7.41807
4769000 7.41395
4770000 7.41393
4771000 7.41887
4772000 7.41512
4773000 7.41401
4774000 7.41932
4775000 7.41709
4776000 7.41427
4777000 7.41767
4778000 7.41801
4779000 7.41437
4780000 7.41609
4781000 7.41898
4782000 7.41487
4783000 7.41374
4784000 7.41939
4785000 7.41574
4786000 7.4127
4787000 7.4195
4788000 7.41921
4789000 7.41317
4790000 7.41842
4791000 7.42165
4792000 7.41534
4793000 7.41741
4794000 7.42374
4795000 7.41894
4796000 7.41801
4797000 7.4258
4798000 7.42269
4799000 7.41774
4800000 7.42614
4801000 7.42557
4802000 7.417
4803000 7.42531
4804000 7.42986
4805000 7.42208
4806000 7.42482
4807000 7.43419
4808000 7.42784
4809000 7.42264
4810000 7.43227
4811000 7.42991
4812000 7.42169
4813000 7.42944
4814000 7.43254
4815000 7.42425
4816000 7.42734
4817000 7.43608
4818000 7.42897
4819000 7.42608
4820000 7.43612
4821000 7.43175
4822000 7.42345
4823000 7.43243
4824000 7.43415
4825000 7.42451
4826000 7.43172
4827000 7.43821
4828000 7.42751
4829000 7.4286
4830000 7.43884
4831000 7.43293
4832000 7.42767
4833000 7.43771
4834000 7.43685
4835000 7.42843
4836000 7.4358
4837000 7.43897
4838000 7.43049
4839000 7.43288
4840000 7.44104
4841000 7.43403
4842000 7.43077
4843000 7.44297
4844000 7.44041
4845000 7.43303
4846000 7.442
4847000 7.44615
4848000 7.43647
4849000 7.43902
