0 324000
1000 324000
2000 324023
3000 324148
4000 324372
5000 324702
6000 325070
7000 325573
8000 326131
9000 326701
10000 327297
11000 327799
12000 328252
13000 328665
14000 329045
15000 329386
16000 329714
17000 330067
18000 330464
19000 330862
20000 331242
21000 331615
22000 331896
23000 332108
24000 332197
25000 332227
26000 332286
27000 332271
28000 332280
29000 332223
30000 332161
31000 332189
32000 332147
33000 332137
34000 332035
35000 331935
36000 331997
37000 331942
38000 331938
39000 331836
40000 331752
41000 331806
42000 331813
43000 331758
44000 331608
45000 331468
46000 331408
47000 331272
48000 331113
49000 330971
50000 330772
51000 330760
52000 330712
53000 330580
54000 330491
55000 330288
56000 330238
57000 330162
58000 330052
59000 329896
60000 329683
61000 329615
62000 329521
63000 329368
64000 329165
65000 328927
66000 328878
67000 328792
68000 328698
69000 328554
70000 328338
71000 328262
72000 328167
73000 328043
74000 327839
75000 327631
76000 327562
77000 327442
78000 327323
79000 327093
80000 326940
81000 326923
82000 326747
83000 326540
84000 326335
85000 326059
86000 325967
87000 325836
88000 325651
89000 325488
90000 325157
91000 325117
92000 324989
93000 324849
94000 324664
95000 324414
96000 324421
97000 324306
98000 324173
99000 323990
100000 323760
101000 323728
102000 323572
103000 323356
104000 323198
105000 322914
106000 322913
107000 322846
108000 322653
109000 322461
110000 322171
111000 322122
112000 322000
113000 321795
114000 321611
115000 321328
116000 321189
117000 321079
118000 320896
119000 320674
120000 320432
121000 320352
122000 320277
123000 320134
124000 319944
125000 319688
126000 319670
127000 319574
128000 319403
129000 319197
130000 318892
131000 318805
132000 318647
133000 318463
134000 318231
135000 317974
136000 317887
137000 317755
138000 317562
139000 317348
140000 317178
141000 317095
142000 316994
143000 316783
144000 316529
145000 316330
146000 316287
147000 316163
148000 316075
149000 315909
150000 315663
151000 315577
152000 315447
153000 315339
154000 315096
155000 314790
156000 314750
157000 314681
158000 314541
159000 314306
160000 314064
161000 314030
162000 313930
163000 313811
164000 313607
165000 313456
166000 313497
167000 313447
168000 313330
169000 313145
170000 312875
171000 312897
172000 312828
173000 312732
174000 312569
175000 312341
176000 312345
177000 312356
178000 312258
179000 312089
180000 311903
181000 311949
182000 311979
183000 311908
184000 311814
185000 311633
186000 311642
187000 311610
188000 311493
189000 311345
190000 311208
191000 311316
192000 311366
193000 311361
194000 311321
195000 311209
196000 311311
197000 311387
198000 311319
199000 311245
200000 311182
201000 311258
202000 311250
203000 311256
204000 311178
205000 311098
206000 311165
207000 311220
208000 311282
209000 311237
210000 311143
211000 311211
212000 311244
213000 311184
214000 311145
215000 311142
216000 311196
217000 311234
218000 311241
219000 311253
220000 311230
221000 311406
222000 311525
223000 311595
224000 311648
225000 311590
226000 311711
227000 311813
228000 311833
229000 311912
230000 311883
231000 312086
232000 312241
233000 312420
234000 312469
235000 312454
236000 312599
237000 312714
238000 312828
239000 312864
240000 312812
241000 312917
242000 313048
243000 313163
244000 313168
245000 313221
246000 313359
247000 313510
248000 313679
249000 313785
250000 313833
251000 314071
252000 314214
253000 314326
254000 314438
255000 314531
256000 314808
257000 314921
258000 315052
259000 315197
260000 315308
261000 315590
262000 315827
263000 315967
264000 316028
265000 316085
266000 316324
267000 316541
268000 316751
269000 316878
270000 316949
271000 317152
272000 317346
273000 317552
274000 317691
275000 317810
276000 318039
277000 318205
278000 318455
279000 318548
280000 318646
281000 318900
282000 319257
283000 319451
284000 319632
285000 319729
286000 319996
287000 320287
288000 320525
289000 320689
290000 320842
291000 321132
292000 321388
293000 321640
294000 321800
295000 321969
296000 322248
297000 322477
298000 322712
299000 322915
300000 323077
301000 323369
302000 323649
303000 323876
304000 324115
305000 324258
306000 324569
307000 324804
308000 325020
309000 325194
310000 325345
311000 325709
312000 326019
313000 326300
314000 326522
315000 326702
316000 327014
317000 327319
318000 327609
319000 327853
320000 328043
321000 328351
322000 328657
323000 328902
324000 329172
325000 329365
326000 329690
327000 329994
328000 330181
329000 330396
330000 330589
331000 330956
332000 331244
333000 331504
334000 331814
335000 332051
336000 332491
337000 332755
338000 333041
339000 333335
340000 333562
341000 333940
342000 334384
343000 334766
344000 335067
345000 335361
346000 335719
347000 336036
348000 336275
349000 336600
350000 336855
351000 337167
352000 337400
353000 337670
354000 337919
355000 338206
356000 338539
357000 338855
358000 339204
359000 339514
360000 339779
361000 340165
362000 340527
363000 340864
364000 341217
365000 341548
366000 341987
367000 342330
368000 342684
369000 343029
370000 343367
371000 343815
372000 344150
373000 344466
374000 344799
375000 345116
376000 345477
377000 345892
378000 346217
379000 346511
380000 346883
381000 347334
382000 347720
383000 348081
384000 348450
385000 348747
386000 349166
387000 349572
388000 350012
389000 350455
390000 350755
391000 351233
392000 351670
393000 352059
394000 352403
395000 352730
396000 353161
397000 353573
398000 353936
399000 354297
400000 354649
401000 355075
402000 355518
403000 355912
404000 356249
405000 356643
406000 357070
407000 357476
408000 357893
409000 358305
410000 358672
411000 359049
412000 359465
413000 359806
414000 360244
415000 360638
416000 361077
417000 361515
418000 362017
419000 362405
420000 362764
421000 363225
422000 363670
423000 364064
424000 364398
425000 364756
426000 365196
427000 365655
428000 366099
429000 366572
430000 366973
431000 367489
432000 367918
433000 368396
434000 368847
435000 369183
436000 369710
437000 370157
438000 370605
439000 370964
440000 371385
441000 371894
442000 372316
443000 372750
444000 373065
445000 373411
446000 373867
447000 374344
448000 374873
449000 375407
450000 375808
451000 376280
452000 376728
453000 377219
454000 377619
455000 378107
456000 378626
457000 379126
458000 379587
459000 379994
460000 380360
461000 380912
462000 381358
463000 381820
464000 382256
465000 382688
466000 383232
467000 383730
468000 384132
469000 384495
470000 384836
471000 385366
472000 385854
473000 386353
474000 386844
475000 387269
476000 387797
477000 388237
478000 388737
479000 389133
480000 389601
481000 390148
482000 390673
483000 391191
484000 391675
485000 392087
486000 392621
487000 393142
488000 393624
489000 394079
490000 394581
491000 395117
492000 395634
493000 396068
494000 396582
495000 396982
496000 397508
497000 398041
498000 398491
499000 398938
500000 399380
501000 399870
502000 400401
503000 400966
504000 401427
505000 401845
506000 402437
507000 402958
508000 403493
509000 403976
510000 404410
511000 404911
512000 405390
513000 405878
514000 406329
515000 406823
516000 407348
517000 407838
518000 408345
519000 408854
520000 409366
521000 409972
522000 410551
523000 411059
524000 411535
525000 412025
526000 412668
527000 413203
528000 413725
529000 414217
530000 414697
531000 415267
532000 415780
533000 416255
534000 416835
535000 417350
536000 417883
537000 418380
538000 418876
539000 419385
540000 419825
541000 420439
542000 420879
543000 421425
544000 421980
545000 422481
546000 423105
547000 423642
548000 424143
549000 424682
550000 425162
551000 425730
552000 426241
553000 426760
554000 427251
555000 427730
556000 428294
557000 428873
558000 429455
559000 429945
560000 430543
561000 431175
562000 431804
563000 432378
564000 432868
565000 433348
566000 433979
567000 434501
568000 435024
569000 435532
570000 436031
571000 436616
572000 437184
573000 437707
574000 438217
575000 438744
576000 439375
577000 439947
578000 440533
579000 441073
580000 441593
581000 442198
582000 442773
583000 443361
584000 443862
585000 444350
586000 444936
587000 445502
588000 445973
589000 446522
590000 446991
591000 447570
592000 448147
593000 448694
594000 449207
595000 449729
596000 450305
597000 450875
598000 451479
599000 451968
600000 452507
601000 453071
602000 453684
603000 454257
604000 454891
605000 455412
606000 455941
607000 456481
608000 457021
609000 457602
610000 458102
611000 458708
612000 459248
613000 459840
614000 460360
615000 460883
616000 461436
617000 462028
618000 462574
619000 463054
620000 463507
621000 464103
622000 464640
623000 465227
624000 465771
625000 466297
626000 466868
627000 467415
628000 467963
629000 468450
630000 468979
631000 469637
632000 470231
633000 470815
634000 471362
635000 471972
636000 472524
637000 473153
638000 473666
639000 474225
640000 474750
641000 475373
642000 475992
643000 476593
644000 477166
645000 477698
646000 478293
647000 478930
648000 479500
649000 480120
650000 480633
651000 481236
652000 481842
653000 482387
654000 482965
655000 483527
656000 484234
657000 484861
658000 485406
659000 485899
660000 486421
661000 486944
662000 487476
663000 488011
664000 488587
665000 489111
666000 489779
667000 490282
668000 490925
669000 491546
670000 492099
671000 492688
672000 493317
673000 493893
674000 494431
675000 494990
676000 495604
677000 496235
678000 496830
679000 497369
680000 497848
681000 498420
682000 499005
683000 499545
684000 500119
685000 500714
686000 501372
687000 501986
688000 502519
689000 503121
690000 503651
691000 504217
692000 504790
693000 505399
694000 505899
695000 506472
696000 507099
697000 507716
698000 508267
699000 508773
700000 509314
701000 509883
702000 510484
703000 511065
704000 511579
705000 512108
706000 512695
707000 513311
708000 513836
709000 514298
710000 514805
711000 515430
712000 516055
713000 516601
714000 517148
715000 517693
716000 518314
717000 518890
718000 519529
719000 520067
720000 520570
721000 521154
722000 521706
723000 522199
724000 522829
725000 523411
726000 524028
727000 524695
728000 525240
729000 525756
730000 526326
731000 526937
732000 527580
733000 528153
734000 528713
735000 529235
736000 529859
737000 530400
738000 531045
739000 531624
740000 532185
741000 532730
742000 533333
743000 533880
744000 534489
745000 535056
746000 535667
747000 536293
748000 536914
749000 537481
750000 537989
751000 538623
752000 539216
753000 539775
754000 540318
755000 540899
756000 541581
757000 542110
758000 542634
759000 543269
760000 543841
761000 544441
762000 545026
763000 545579
764000 546168
765000 546717
766000 547328
767000 547876
768000 548431
769000 549010
770000 549524
771000 550149
772000 550728
773000 551311
774000 551882
775000 552472
776000 553068
777000 553661
778000 554241
779000 554790
780000 555369
781000 555983
782000 556591
783000 557145
784000 557720
785000 558269
786000 558814
787000 559410
788000 559953
789000 560529
790000 561091
791000 561729
792000 562347
793000 562942
794000 563523
795000 564066
796000 564704
797000 565275
798000 565866
799000 566452
800000 567031
801000 567649
802000 568204
803000 568725
804000 569307
805000 569890
806000 570472
807000 571097
808000 571655
809000 572173
810000 572687
811000 573331
812000 573926
813000 574533
814000 575110
815000 575616
816000 576220
817000 576789
818000 577375
819000 577928
820000 578409
821000 578934
822000 579548
823000 580125
824000 580688
825000 581219
826000 581864
827000 582421
828000 582987
829000 583528
830000 583962
831000 584514
832000 585069
833000 585587
834000 586128
835000 586664
836000 587212
837000 587724
838000 588244
839000 588811
840000 589316
841000 589906
842000 590409
843000 590948
844000 591534
845000 592043
846000 592557
847000 593138
848000 593712
849000 594224
850000 594748
851000 595365
852000 595917
853000 596440
854000 597012
855000 597586
856000 598243
857000 598841
858000 599401
859000 599892
860000 600424
861000 601006
862000 601523
863000 602048
864000 602573
865000 603111
866000 603718
867000 604226
868000 604740
869000 605276
870000 605746
871000 606367
872000 606881
873000 607460
874000 607983
875000 608540
876000 609119
877000 609724
878000 610330
879000 610850
880000 611331
881000 611841
882000 612429
883000 612970
884000 613486
885000 613968
886000 614515
887000 615092
888000 615645
889000 616143
890000 616674
891000 617235
892000 617787
893000 618312
894000 618791
895000 619284
896000 619844
897000 620485
898000 620985
899000 621516
900000 621949
901000 622473
902000 623043
903000 623589
904000 624087
905000 624572
906000 625151
907000 625720
908000 626243
909000 626732
910000 627176
911000 627742
912000 628278
913000 628824
914000 629256
915000 629805
916000 630313
917000 630816
918000 631369
919000 631967
920000 632449
921000 633055
922000 633635
923000 634186
924000 634655
925000 635165
926000 635726
927000 636231
928000 636800
929000 637275
930000 637753
931000 638304
932000 638833
933000 639300
934000 639733
935000 640212
936000 640746
937000 641282
938000 641737
939000 642265
940000 642734
941000 643279
942000 643752
943000 644243
944000 644771
945000 645243
946000 645768
947000 646322
948000 646740
949000 647310
950000 647790
951000 648337
952000 648929
953000 649449
954000 649871
955000 650346
956000 650824
957000 651329
958000 651784
959000 652248
960000 652754
961000 653321
962000 653967
963000 654482
964000 654956
965000 655390
966000 656009
967000 656546
968000 657034
969000 657532
970000 657981
971000 658521
972000 659039
973000 659496
974000 660015
975000 660491
976000 661021
977000 661531
978000 662035
979000 662524
980000 663004
981000 663517
982000 664033
983000 664507
984000 664942
985000 665389
986000 665886
987000 666379
988000 666846
989000 667358
990000 667795
991000 668286
992000 668814
993000 669313
994000 669807
995000 670305
996000 670788
997000 671228
998000 671698
999000 672110
1000000 672541
1001000 673056
1002000 673530
1003000 674035
1004000 674482
1005000 674911
1006000 675433
1007000 675923
1008000 676428
1009000 676853
1010000 677306
1011000 677844
1012000 678291
1013000 678728
1014000 679233
1015000 679649
1016000 680194
1017000 680683
1018000 681122
1019000 681534
1020000 682003
1021000 682526
1022000 682996
1023000 683441
1024000 683908
1025000 684374
1026000 684877
1027000 685323
1028000 685774
1029000 686232
1030000 686656
1031000 687125
1032000 687637
1033000 688114
1034000 688591
1035000 688991
1036000 689503
1037000 689918
1038000 690356
1039000 690846
1040000 691309
1041000 691778
1042000 692258
1043000 692655
1044000 693104
1045000 693456
1046000 693881
1047000 694310
1048000 694754
1049000 695173
1050000 695624
1051000 696082
1052000 696513
1053000 696948
1054000 697382
1055000 697853
1056000 698330
1057000 698788
1058000 699161
1059000 699554
1060000 699967
1061000 700399
1062000 700817
1063000 701265
1064000 701621
1065000 702042
1066000 702527
1067000 702984
1068000 703465
1069000 703871
1070000 704258
1071000 704768
1072000 705191
1073000 705605
1074000 706008
1075000 706395
1076000 706836
1077000 707299
1078000 707743
1079000 708155
1080000 708546
1081000 708991
1082000 709433
1083000 709855
1084000 710234
1085000 710637
1086000 711063
1087000 711547
1088000 712004
1089000 712342
1090000 712760
1091000 713206
1092000 713621
1093000 714013
1094000 714405
1095000 714807
1096000 715244
1097000 715612
1098000 716068
1099000 716455
1100000 716849
1101000 717310
1102000 717734
1103000 718147
1104000 718541
1105000 718903
1106000 719338
1107000 719759
1108000 720137
1109000 720557
1110000 720958
1111000 721396
1112000 721897
1113000 722291
1114000 722664
1115000 723057
1116000 723471
1117000 723880
1118000 724296
1119000 724679
1120000 725056
1121000 725450
1122000 725857
1123000 726241
1124000 726618
1125000 726983
1126000 727424
1127000 727761
1128000 728124
1129000 728566
1130000 728982
1131000 729376
1132000 729808
1133000 730099
1134000 730511
1135000 730913
1136000 731279
1137000 731641
1138000 732034
1139000 732430
1140000 732804
1141000 733256
1142000 733669
1143000 733952
1144000 734316
1145000 734701
1146000 735115
1147000 735521
1148000 735933
1149000 736362
1150000 736705
1151000 737085
1152000 737469
1153000 737833
1154000 738217
1155000 738571
1156000 738935
1157000 739305
1158000 739684
1159000 740050
1160000 740389
1161000 740815
1162000 741188
1163000 741582
1164000 741975
1165000 742283
1166000 742623
1167000 743039
1168000 743402
1169000 743753
1170000 744127
1171000 744544
1172000 744913
1173000 745335
1174000 745689
1175000 746001
1176000 746367
1177000 746753
1178000 747107
1179000 747465
1180000 747763
1181000 748092
1182000 748457
1183000 748768
1184000 749094
1185000 749413
1186000 749748
1187000 750156
1188000 750446
1189000 750756
1190000 751069
1191000 751434
1192000 751768
1193000 752128
1194000 752425
1195000 752747
1196000 753143
1197000 753454
1198000 753763
1199000 754149
1200000 754451
1201000 754831
1202000 755197
1203000 755523
1204000 755831
1205000 756149
1206000 756546
1207000 756902
1208000 757249
1209000 757519
1210000 757772
1211000 758141
1212000 758464
1213000 758794
1214000 759134
1215000 759448
1216000 759795
1217000 760179
1218000 760452
1219000 760786
1220000 761075
1221000 761387
1222000 761781
1223000 762053
1224000 762305
1225000 762606
1226000 762929
1227000 763242
1228000 763600
1229000 763868
1230000 764205
1231000 764533
1232000 764872
1233000 765204
1234000 765551
1235000 765828
1236000 766184
1237000 766504
1238000 766812
1239000 767070
1240000 767352
1241000 767677
1242000 767973
1243000 768187
1244000 768465
1245000 768737
1246000 769045
1247000 769341
1248000 769576
1249000 769903
1250000 770206
1251000 770520
1252000 770868
1253000 771228
1254000 771490
1255000 771769
1256000 772077
1257000 772383
1258000 772650
1259000 772937
1260000 773269
1261000 773564
1262000 773849
1263000 774145
1264000 774406
1265000 774639
1266000 774930
1267000 775242
1268000 775495
1269000 775740
1270000 775965
1271000 776298
1272000 776600
1273000 776850
1274000 777081
1275000 777364
1276000 777634
1277000 777906
1278000 778171
1279000 778418
1280000 778708
1281000 779023
1282000 779300
1283000 779508
1284000 779822
1285000 780074
1286000 780387
1287000 780625
1288000 780874
1289000 781107
1290000 781382
1291000 781690
1292000 781899
1293000 782147
1294000 782442
1295000 782687
1296000 783011
1297000 783320
1298000 783626
1299000 783851
1300000 784101
1301000 784391
1302000 784598
1303000 784868
1304000 785130
1305000 785370
1306000 785616
1307000 785860
1308000 786101
1309000 786378
1310000 786591
1311000 786859
1312000 787121
1313000 787333
1314000 787582
1315000 787784
1316000 788081
1317000 788280
1318000 788543
1319000 788815
1320000 789048
1321000 789287
1322000 789534
1323000 789796
1324000 790015
1325000 790253
1326000 790502
1327000 790734
1328000 790949
1329000 791189
1330000 791426
1331000 791664
1332000 791917
1333000 792123
1334000 792334
1335000 792564
1336000 792789
1337000 792996
1338000 793250
1339000 793453
1340000 793646
1341000 793938
1342000 794169
1343000 794451
1344000 794663
1345000 794891
1346000 795132
1347000 795347
1348000 795583
1349000 795804
1350000 796034
1351000 796296
1352000 796501
1353000 796719
1354000 796970
1355000 797137
1356000 797356
1357000 797590
1358000 797769
1359000 797978
1360000 798222
1361000 798424
1362000 798627
1363000 798848
1364000 799028
1365000 799225
1366000 799479
1367000 799693
1368000 799956
1369000 800170
1370000 800395
1371000 800610
1372000 800810
1373000 801038
1374000 801266
1375000 801470
1376000 801720
1377000 801955
1378000 802141
1379000 802310
1380000 802527
1381000 802772
1382000 802985
1383000 803161
1384000 803344
1385000 803564
1386000 803775
1387000 803971
1388000 804128
1389000 804348
1390000 804547
1391000 804754
1392000 804982
1393000 805145
1394000 805328
1395000 805556
1396000 805776
1397000 805974
1398000 806144
1399000 806344
1400000 806545
1401000 806711
1402000 806893
1403000 807028
1404000 807204
1405000 807386
1406000 807605
1407000 807777
1408000 807985
1409000 808174
1410000 808281
1411000 808496
1412000 808705
1413000 808879
1414000 809056
1415000 809189
1416000 809405
1417000 809636
1418000 809818
1419000 810006
1420000 810174
1421000 810351
1422000 810533
1423000 810694
1424000 810868
1425000 811053
1426000 811262
1427000 811406
1428000 811617
1429000 811785
1430000 811946
1431000 812121
1432000 812290
1433000 812465
1434000 812628
1435000 812784
1436000 812990
1437000 813148
1438000 813346
1439000 813459
1440000 813632
1441000 813820
1442000 814000
1443000 814161
1444000 814322
1445000 814463
1446000 814631
1447000 814823
1448000 814975
1449000 815083
1450000 815220
1451000 815432
1452000 815635
1453000 815768
1454000 815928
1455000 816017
1456000 816196
1457000 816357
1458000 816485
1459000 816616
1460000 816787
1461000 816938
1462000 817103
1463000 817260
1464000 817386
1465000 817537
1466000 817734
1467000 817963
1468000 818126
1469000 818240
1470000 818367
1471000 818535
1472000 818704
1473000 818861
1474000 818971
1475000 819098
1476000 819259
1477000 819397
1478000 819500
1479000 819595
1480000 819795
1481000 819942
1482000 820055
1483000 820201
1484000 820343
1485000 820539
1486000 820711
1487000 820845
1488000 820978
1489000 821090
1490000 821248
1491000 821422
1492000 821581
1493000 821729
1494000 821835
1495000 821932
1496000 822077
1497000 822198
1498000 822309
1499000 822440
1500000 822545
1501000 822705
1502000 822848
1503000 822969
1504000 823106
1505000 823241
1506000 823439
1507000 823561
1508000 823665
1509000 823780
1510000 823892
1511000 824035
1512000 824155
1513000 824254
1514000 824350
1515000 824449
1516000 824583
1517000 824703
1518000 824822
1519000 824897
1520000 825016
1521000 825184
1522000 825279
1523000 825436
1524000 825531
1525000 825656
1526000 825762
1527000 825866
1528000 825982
1529000 826098
1530000 826206
1531000 826309
1532000 826449
1533000 826550
1534000 826668
1535000 826771
1536000 826869
1537000 826979
1538000 827116
1539000 827206
1540000 827332
1541000 827486
1542000 827614
1543000 827732
1544000 827842
1545000 827911
1546000 828028
1547000 828132
1548000 828216
1549000 828326
1550000 828402
1551000 828525
1552000 828631
1553000 828743
1554000 828848
1555000 828907
1556000 829008
1557000 829120
1558000 829290
1559000 829360
1560000 829460
1561000 829568
1562000 829678
1563000 829787
1564000 829900
1565000 829963
1566000 830087
1567000 830199
1568000 830305
1569000 830374
1570000 830461
1571000 830542
1572000 830644
1573000 830760
1574000 830873
1575000 830953
1576000 831051
1577000 831159
1578000 831230
1579000 831320
1580000 831400
1581000 831476
1582000 831535
1583000 831623
1584000 831746
1585000 831836
1586000 831923
1587000 832055
1588000 832141
1589000 832229
1590000 832266
1591000 832348
1592000 832425
1593000 832494
1594000 832575
1595000 832652
1596000 832745
1597000 832830
1598000 832924
1599000 832988
1600000 833076
1601000 833192
1602000 833279
1603000 833318
1604000 833392
1605000 833466
1606000 833520
1607000 833633
1608000 833702
1609000 833784
1610000 833882
1611000 833969
1612000 834052
1613000 834108
1614000 834140
1615000 834212
1616000 834307
1617000 834394
1618000 834433
1619000 834496
1620000 834584
1621000 834689
1622000 834786
1623000 834847
1624000 834888
1625000 834979
1626000 835052
1627000 835149
1628000 835249
1629000 835311
1630000 835399
1631000 835501
1632000 835563
1633000 835640
1634000 835732
1635000 835807
1636000 835912
1637000 835970
1638000 836060
1639000 836165
1640000 836229
1641000 836297
1642000 836372
1643000 836399
1644000 836497
1645000 836554
1646000 836611
1647000 836692
1648000 836767
1649000 836808
1650000 836835
1651000 836910
1652000 836964
1653000 837052
1654000 837074
1655000 837115
1656000 837210
1657000 837280
1658000 837366
1659000 837415
1660000 837449
1661000 837505
1662000 837583
1663000 837615
1664000 837638
1665000 837705
1666000 837789
1667000 837855
1668000 837955
1669000 837999
1670000 838072
1671000 838153
1672000 838203
1673000 838230
1674000 838269
1675000 838263
1676000 838317
1677000 838378
1678000 838410
1679000 838493
1680000 838566
1681000 838607
1682000 838646
1683000 838734
1684000 838789
1685000 838847
1686000 838920
1687000 838977
1688000 839011
1689000 839085
1690000 839138
1691000 839196
1692000 839222
1693000 839284
1694000 839345
1695000 839376
1696000 839447
1697000 839478
1698000 839537
1699000 839577
1700000 839570
1701000 839629
1702000 839686
1703000 839744
1704000 839768
1705000 839807
1706000 839888
1707000 839959
1708000 840004
1709000 840049
1710000 840071
1711000 840145
1712000 840166
1713000 840195
1714000 840236
1715000 840310
1716000 840370
1717000 840359
1718000 840390
1719000 840422
1720000 840440
1721000 840486
1722000 840531
1723000 840584
1724000 840626
1725000 840632
1726000 840662
1727000 840698
1728000 840767
1729000 840800
1730000 840811
1731000 840872
1732000 840870
1733000 840898
1734000 840932
1735000 840967
1736000 841026
1737000 841100
1738000 841137
1739000 841197
1740000 841199
1741000 841249
1742000 841292
1743000 841321
1744000 841380
1745000 841453
1746000 841483
1747000 841544
1748000 841588
1749000 841608
1750000 841670
1751000 841720
1752000 841737
1753000 841765
1754000 841778
1755000 841812
1756000 841850
1757000 841874
1758000 841882
1759000 841915
1760000 841953
1761000 842029
1762000 842048
1763000 842073
1764000 842098
1765000 842116
1766000 842141
1767000 842193
1768000 842226
1769000 842260
1770000 842272
1771000 842285
1772000 842288
1773000 842328
1774000 842364
1775000 842405
1776000 842445
1777000 842459
1778000 842494
1779000 842524
1780000 842578
1781000 842611
1782000 842617
1783000 842651
1784000 842673
1785000 842694
1786000 842710
1787000 842733
1788000 842759
1789000 842747
1790000 842736
1791000 842766
1792000 842781
1793000 842830
1794000 842842
1795000 842885
1796000 842898
1797000 842937
1798000 843015
1799000 843047
1800000 843068
1801000 843102
1802000 843108
1803000 843133
1804000 843147
1805000 843193
1806000 843253
1807000 843242
1808000 843259
1809000 843269
1810000 843272
1811000 843293
1812000 843287
1813000 843336
1814000 843395
1815000 843413
1816000 843411
1817000 843405
1818000 843434
1819000 843448
1820000 843498
1821000 843494
1822000 843530
1823000 843532
1824000 843529
1825000 843548
1826000 843575
1827000 843583
1828000 843607
1829000 843633
1830000 843648
1831000 843672
1832000 843706
1833000 843707
1834000 843730
1835000 843734
1836000 843759
1837000 843767
1838000 843772
1839000 843791
1840000 843791
1841000 843810
1842000 843806
1843000 843822
1844000 843829
1845000 843816
1846000 843840
1847000 843856
1848000 843887
1849000 843908
1850000 843897
1851000 843895
1852000 843885
1853000 843895
1854000 843915
1855000 843918
1856000 843916
1857000 843923
1858000 843955
1859000 843974
1860000 843992
1861000 844001
1862000 844010
1863000 844017
1864000 844037
1865000 844056
1866000 844073
1867000 844112
1868000 844141
1869000 844155
1870000 844173
1871000 844188
1872000 844198
1873000 844249
1874000 844293
1875000 844262
1876000 844266
1877000 844261
1878000 844267
1879000 844286
1880000 844306
1881000 844306
1882000 844328
1883000 844329
1884000 844347
1885000 844327
1886000 844354
1887000 844371
1888000 844378
1889000 844393
1890000 844394
1891000 844377
1892000 844402
1893000 844423
1894000 844418
1895000 844426
1896000 844459
1897000 844460
1898000 844472
1899000 844472
1900000 844451
1901000 844465
1902000 844447
1903000 844460
1904000 844471
1905000 844459
1906000 844444
1907000 844413
1908000 844448
1909000 844423
1910000 844390
1911000 844367
1912000 844398
1913000 844419
1914000 844385
1915000 844365
1916000 844369
1917000 844373
1918000 844385
1919000 844362
1920000 844336
1921000 844357
1922000 844342
1923000 844353
1924000 844366
1925000 844392
1926000 844389
1927000 844400
1928000 844397
1929000 844394
1930000 844386
1931000 844423
1932000 844408
1933000 844410
1934000 844405
1935000 844362
1936000 844371
1937000 844348
1938000 844340
1939000 844333
1940000 844323
1941000 844336
1942000 844336
1943000 844333
1944000 844391
1945000 844371
1946000 844399
1947000 844399
1948000 844373
1949000 844399
1950000 844414
1951000 844433
1952000 844440
1953000 844432
1954000 844413
1955000 844417
1956000 844412
1957000 844413
1958000 844405
1959000 844389
1960000 844380
1961000 844386
1962000 844364
1963000 844355
1964000 844350
1965000 844360
1966000 844396
1967000 844419
1968000 844421
1969000 844429
1970000 844435
1971000 844439
1972000 844454
1973000 844456
1974000 844442
1975000 844429
1976000 844457
1977000 844437
1978000 844439
1979000 844436
1980000 844426
1981000 844413
1982000 844428
1983000 844405
1984000 844354
1985000 844317
1986000 844310
1987000 844323
1988000 844320
1989000 844296
1990000 844260
1991000 844262
1992000 844262
1993000 844259
1994000 844247
1995000 844249
1996000 844232
1997000 844206
1998000 844173
1999000 844168
2000000 844162
2001000 844171
2002000 844200
2003000 844230
2004000 844224
2005000 844226
2006000 844252
2007000 844240
2008000 844258
2009000 844232
2010000 844187
2011000 844171
2012000 844147
2013000 844126
2014000 844129
2015000 844138
2016000 844154
2017000 844154
2018000 844159
2019000 844168
2020000 844163
2021000 844170
2022000 844183
2023000 844199
2024000 844183
2025000 844167
2026000 844149
2027000 844129
2028000 844122
2029000 844139
2030000 844121
2031000 844147
2032000 844146
2033000 844136
2034000 844148
2035000 844166
2036000 844154
2037000 844133
2038000 844134
2039000 844135
2040000 844144
2041000 844214
2042000 844218
2043000 844230
2044000 844221
2045000 844233
2046000 844225
2047000 844220
2048000 844226
2049000 844221
2050000 844216
2051000 844188
2052000 844177
2053000 844169
2054000 844159
2055000 844125
2056000 844121
2057000 844112
2058000 844087
2059000 844072
2060000 844065
2061000 844086
2062000 844064
2063000 844026
2064000 844036
2065000 844027
2066000 844019
2067000 843990
2068000 843954
2069000 843919
2070000 843921
2071000 843941
2072000 843941
2073000 843918
2074000 843914
2075000 843890
2076000 843875
2077000 843882
2078000 843875
2079000 843881
2080000 843863
2081000 843846
2082000 843866
2083000 843867
2084000 843880
2085000 843847
2086000 843859
2087000 843876
2088000 843867
2089000 843871
2090000 843875
2091000 843856
2092000 843860
2093000 843855
2094000 843844
2095000 843830
2096000 843822
2097000 843818
2098000 843809
2099000 843776
2100000 843775
2101000 843757
2102000 843719
2103000 843739
2104000 843738
2105000 843711
2106000 843691
2107000 843680
2108000 843677
2109000 843668
2110000 843668
2111000 843628
2112000 843603
2113000 843585
2114000 843566
2115000 843540
2116000 843525
2117000 843488
2118000 843481
2119000 843457
2120000 843431
2121000 843398
2122000 843389
2123000 843343
2124000 843347
2125000 843343
2126000 843322
2127000 843328
2128000 843316
2129000 843287
2130000 843290
2131000 843255
2132000 843256
2133000 843256
2134000 843263
2135000 843265
2136000 843258
2137000 843261
2138000 843276
2139000 843252
2140000 843233
2141000 843212
2142000 843181
2143000 843172
2144000 843166
2145000 843158
2146000 843126
2147000 843120
2148000 843129
2149000 843090
2150000 843082
2151000 843107
2152000 843088
2153000 843082
2154000 843085
2155000 843113
2156000 843112
2157000 843112
2158000 843106
2159000 843083
2160000 843043
2161000 843036
2162000 843008
2163000 843009
2164000 842983
2165000 842976
2166000 842990
2167000 842985
2168000 842978
2169000 842956
2170000 842964
2171000 842973
2172000 842956
2173000 842932
2174000 842894
2175000 842821
2176000 842824
2177000 842815
2178000 842821
2179000 842811
2180000 842778
2181000 842792
2182000 842772
2183000 842759
2184000 842747
2185000 842790
2186000 842792
2187000 842773
2188000 842737
2189000 842741
2190000 842704
2191000 842672
2192000 842644
2193000 842654
2194000 842650
2195000 842638
2196000 842639
2197000 842629
2198000 842615
2199000 842628
2200000 842624
2201000 842630
2202000 842657
2203000 842646
2204000 842602
2205000 842613
2206000 842629
2207000 842616
2208000 842602
2209000 842576
2210000 842566
2211000 842558
2212000 842549
2213000 842530
2214000 842547
2215000 842528
2216000 842531
2217000 842557
2218000 842555
2219000 842526
2220000 842503
2221000 842501
2222000 842482
2223000 842467
2224000 842441
2225000 842420
2226000 842402
2227000 842412
2228000 842391
2229000 842339
2230000 842304
2231000 842293
2232000 842292
2233000 842279
2234000 842284
2235000 842281
2236000 842270
2237000 842261
2238000 842243
2239000 842248
2240000 842258
2241000 842257
2242000 842247
2243000 842264
2244000 842279
2245000 842270
2246000 842269
2247000 842280
2248000 842271
2249000 842273
2250000 842259
2251000 842255
2252000 842248
2253000 842221
2254000 842196
2255000 842201
2256000 842189
2257000 842145
2258000 842140
2259000 842130
2260000 842114
2261000 842114
2262000 842130
2263000 842101
2264000 842076
2265000 842034
2266000 842023
2267000 841997
2268000 841985
2269000 841983
2270000 841995
2271000 842002
2272000 841984
2273000 841972
2274000 841944
2275000 841908
2276000 841894
2277000 841878
2278000 841865
2279000 841858
2280000 841854
2281000 841847
2282000 841829
2283000 841808
2284000 841781
2285000 841767
2286000 841740
2287000 841755
2288000 841725
2289000 841718
2290000 841683
2291000 841662
2292000 841655
2293000 841633
2294000 841637
2295000 841630
2296000 841639
2297000 841623
2298000 841625
2299000 841618
2300000 841608
2301000 841578
2302000 841590
2303000 841558
2304000 841559
2305000 841555
2306000 841541
2307000 841536
2308000 841518
2309000 841488
2310000 841450
2311000 841459
2312000 841449
2313000 841444
2314000 841443
2315000 841434
2316000 841441
2317000 841417
2318000 841375
2319000 841364
2320000 841354
2321000 841340
2322000 841319
2323000 841313
2324000 841288
2325000 841307
2326000 841319
2327000 841330
2328000 841322
2329000 841319
2330000 841314
2331000 841291
2332000 841289
2333000 841286
2334000 841301
2335000 841296
2336000 841303
2337000 841291
2338000 841263
2339000 841269
2340000 841244
2341000 841237
2342000 841230
2343000 841228
2344000 841222
2345000 841209
2346000 841213
2347000 841199
2348000 841155
2349000 841134
2350000 841117
2351000 841101
2352000 841097
2353000 841075
2354000 841084
2355000 841072
2356000 841089
2357000 841090
2358000 841075
2359000 841078
2360000 841068
2361000 841096
2362000 841087
2363000 841088
2364000 841099
2365000 841076
2366000 841093
2367000 841085
2368000 841079
2369000 841071
2370000 841063
2371000 841038
2372000 841032
2373000 841019
2374000 841013
2375000 841001
2376000 841007
2377000 841011
2378000 841008
2379000 840992
2380000 840989
2381000 840958
2382000 840952
2383000 840938
2384000 840910
2385000 840884
2386000 840888
2387000 840860
2388000 840858
2389000 840865
2390000 840843
2391000 840862
2392000 840871
2393000 840855
2394000 840835
2395000 840811
2396000 840813
2397000 840763
2398000 840746
2399000 840743
2400000 840729
2401000 840728
2402000 840683
2403000 840688
2404000 840666
2405000 840673
2406000 840696
2407000 840690
2408000 840683
2409000 840665
2410000 840688
2411000 840671
2412000 840677
2413000 840684
2414000 840685
2415000 840696
2416000 840715
2417000 840689
2418000 840662
2419000 840631
2420000 840630
2421000 840623
2422000 840614
2423000 840598
2424000 840596
2425000 840587
2426000 840591
2427000 840584
2428000 840556
2429000 840534
2430000 840541
2431000 840524
2432000 840538
2433000 840518
2434000 840482
2435000 840471
2436000 840481
2437000 840470
2438000 840474
2439000 840455
2440000 840455
2441000 840440
2442000 840412
2443000 840379
2444000 840391
2445000 840380
2446000 840369
2447000 840355
2448000 840338
2449000 840350
2450000 840341
2451000 840317
2452000 840288
2453000 840259
2454000 840262
2455000 840276
2456000 840301
2457000 840319
2458000 840333
2459000 840325
2460000 840289
2461000 840310
2462000 840304
2463000 840272
2464000 840227
2465000 840216
2466000 840205
2467000 840201
2468000 840198
2469000 840182
2470000 840162
2471000 840164
2472000 840201
2473000 840167
2474000 840140
2475000 840125
2476000 840137
2477000 840128
2478000 840086
2479000 840066
2480000 840038
2481000 840038
2482000 840066
2483000 840052
2484000 840056
2485000 840037
2486000 840040
2487000 840035
2488000 840049
2489000 840038
2490000 839995
2491000 839993
2492000 839999
2493000 839980
2494000 839953
2495000 839968
2496000 839951
2497000 839927
2498000 839925
2499000 839927
2500000 839914
2501000 839915
2502000 839931
2503000 839933
2504000 839938
2505000 839904
2506000 839890
2507000 839880
2508000 839888
2509000 839883
2510000 839907
2511000 839905
2512000 839888
2513000 839868
2514000 839842
2515000 839835
2516000 839827
2517000 839812
2518000 839842
2519000 839884
2520000 839863
2521000 839862
2522000 839887
2523000 839895
2524000 839893
2525000 839901
2526000 839882
2527000 839868
2528000 839871
2529000 839883
2530000 839882
2531000 839863
2532000 839891
2533000 839893
2534000 839872
2535000 839857
2536000 839857
2537000 839850
2538000 839831
2539000 839823
2540000 839840
2541000 839800
2542000 839804
2543000 839829
2544000 839814
2545000 839793
2546000 839775
2547000 839778
2548000 839781
2549000 839790
2550000 839782
2551000 839773
2552000 839767
2553000 839779
2554000 839729
2555000 839713
2556000 839696
2557000 839707
2558000 839704
2559000 839720
2560000 839730
2561000 839715
2562000 839700
2563000 839671
2564000 839668
2565000 839659
2566000 839689
2567000 839701
2568000 839713
2569000 839694
2570000 839698
2571000 839705
2572000 839696
2573000 839707
2574000 839718
2575000 839707
2576000 839702
2577000 839693
2578000 839699
2579000 839680
2580000 839659
2581000 839634
2582000 839643
2583000 839630
2584000 839644
2585000 839639
2586000 839636
2587000 839623
2588000 839631
2589000 839631
2590000 839609
2591000 839611
2592000 839597
2593000 839589
2594000 839600
2595000 839578
2596000 839568
2597000 839579
2598000 839594
2599000 839593
2600000 839584
2601000 839595
2602000 839603
2603000 839585
2604000 839567
2605000 839549
2606000 839545
2607000 839558
2608000 839545
2609000 839556
2610000 839560
2611000 839539
2612000 839541
2613000 839550
2614000 839551
2615000 839538
2616000 839512
2617000 839519
2618000 839516
2619000 839536
2620000 839565
2621000 839551
2622000 839546
2623000 839544
2624000 839539
2625000 839538
2626000 839536
2627000 839527
2628000 839521
2629000 839511
2630000 839517
2631000 839501
2632000 839525
2633000 839521
2634000 839516
2635000 839539
2636000 839554
2637000 839552
2638000 839568
2639000 839545
2640000 839536
2641000 839521
2642000 839551
2643000 839552
2644000 839577
2645000 839598
2646000 839603
2647000 839604
2648000 839567
2649000 839562
2650000 839570
2651000 839555
2652000 839568
2653000 839563
2654000 839555
2655000 839556
2656000 839539
2657000 839535
2658000 839543
2659000 839547
2660000 839549
2661000 839521
2662000 839527
2663000 839511
2664000 839536
2665000 839541
2666000 839553
2667000 839549
2668000 839540
2669000 839532
2670000 839550
2671000 839551
2672000 839580
2673000 839571
2674000 839579
2675000 839562
2676000 839579
2677000 839595
2678000 839603
2679000 839606
2680000 839635
2681000 839639
2682000 839671
2683000 839654
2684000 839655
2685000 839649
2686000 839653
2687000 839627
2688000 839629
2689000 839656
2690000 839653
2691000 839653
2692000 839666
2693000 839666
2694000 839684
2695000 839688
2696000 839670
2697000 839661
2698000 839680
2699000 839660
2700000 839623
2701000 839598
2702000 839602
2703000 839618
2704000 839602
2705000 839608
2706000 839612
2707000 839627
2708000 839615
2709000 839611
2710000 839623
2711000 839630
2712000 839642
2713000 839650
2714000 839614
2715000 839611
2716000 839609
2717000 839619
2718000 839637
2719000 839627
2720000 839624
2721000 839663
2722000 839657
2723000 839668
2724000 839656
2725000 839667
2726000 839683
2727000 839690
2728000 839711
2729000 839671
2730000 839674
2731000 839647
2732000 839662
2733000 839666
2734000 839675
2735000 839663
2736000 839675
2737000 839682
2738000 839688
2739000 839680
2740000 839677
2741000 839668
2742000 839680
2743000 839683
2744000 839670
2745000 839678
2746000 839667
2747000 839710
2748000 839730
2749000 839737
2750000 839721
2751000 839735
2752000 839718
2753000 839722
2754000 839710
2755000 839740
2756000 839740
2757000 839772
2758000 839793
2759000 839808
2760000 839800
2761000 839773
2762000 839782
2763000 839761
2764000 839761
2765000 839793
2766000 839801
2767000 839818
2768000 839812
2769000 839794
2770000 839797
2771000 839817
2772000 839837
2773000 839851
2774000 839825
2775000 839849
2776000 839865
2777000 839885
2778000 839874
2779000 839873
2780000 839856
2781000 839860
2782000 839869
2783000 839845
2784000 839838
2785000 839846
2786000 839834
2787000 839812
2788000 839830
2789000 839818
2790000 839797
2791000 839811
2792000 839828
2793000 839813
2794000 839797
2795000 839813
2796000 839804
2797000 839795
2798000 839807
2799000 839795
2800000 839804
2801000 839799
2802000 839821
2803000 839818
2804000 839845
2805000 839844
2806000 839849
2807000 839874
2808000 839872
2809000 839865
2810000 839878
2811000 839888
2812000 839905
2813000 839927
2814000 839940
2815000 839961
2816000 839964
2817000 839991
2818000 840004
2819000 840013
2820000 840016
2821000 840049
2822000 840080
2823000 840102
2824000 840134
2825000 840145
2826000 840140
2827000 840162
2828000 840162
2829000 840153
2830000 840142
2831000 840147
2832000 840115
2833000 840134
2834000 840157
2835000 840161
2836000 840164
2837000 840211
2838000 840251
2839000 840243
2840000 840229
2841000 840230
2842000 840219
2843000 840198
2844000 840224
2845000 840212
2846000 840235
2847000 840243
2848000 840275
2849000 840266
2850000 840208
2851000 840204
2852000 840218
2853000 840246
2854000 840229
2855000 840216
2856000 840231
2857000 840255
2858000 840237
2859000 840240
2860000 840254
2861000 840253
2862000 840277
2863000 840292
2864000 840275
2865000 840292
2866000 840315
2867000 840314
2868000 840298
2869000 840301
2870000 840326
2871000 840320
2872000 840341
2873000 840332
2874000 840364
2875000 840382
2876000 840378
2877000 840378
2878000 840400
2879000 840444
2880000 840457
2881000 840489
2882000 840519
2883000 840544
2884000 840533
2885000 840527
2886000 840541
2887000 840574
2888000 840604
2889000 840613
2890000 840640
2891000 840627
2892000 840658
2893000 840688
2894000 840700
2895000 840717
2896000 840752
2897000 840758
2898000 840746
2899000 840749
2900000 840764
2901000 840772
2902000 840788
2903000 840783
2904000 840790
2905000 840787
2906000 840780
2907000 840812
2908000 840820
2909000 840790
2910000 840795
2911000 840803
2912000 840814
2913000 840810
2914000 840845
2915000 840875
2916000 840886
2917000 840912
2918000 840923
2919000 840916
2920000 840922
2921000 840949
2922000 840928
2923000 840927
2924000 840964
2925000 840971
2926000 841001
2927000 841019
2928000 841025
2929000 841033
2930000 841038
2931000 841051
2932000 841063
2933000 841079
2934000 841084
2935000 841091
2936000 841137
2937000 841175
2938000 841199
2939000 841214
2940000 841224
2941000 841244
2942000 841292
2943000 841311
2944000 841281
2945000 841276
2946000 841316
2947000 841341
2948000 841333
2949000 841349
2950000 841355
2951000 841358
2952000 841345
2953000 841347
2954000 841348
2955000 841352
2956000 841362
2957000 841360
2958000 841396
2959000 841419
2960000 841391
2961000 841380
2962000 841373
2963000 841382
2964000 841384
2965000 841406
2966000 841420
2967000 841443
2968000 841435
2969000 841467
2970000 841482
2971000 841487
2972000 841506
2973000 841504
2974000 841528
2975000 841553
2976000 841567
2977000 841594
2978000 841635
2979000 841616
2980000 841638
2981000 841647
2982000 841657
2983000 841637
2984000 841651
2985000 841676
2986000 841670
2987000 841702
2988000 841724
2989000 841735
2990000 841753
2991000 841768
2992000 841816
2993000 841831
2994000 841870
2995000 841886
2996000 841897
2997000 841889
2998000 841892
2999000 841916
3000000 841944
3001000 841962
3002000 841966
3003000 841969
3004000 841983
3005000 842002
3006000 842022
3007000 841999
3008000 842001
3009000 842035
3010000 842067
3011000 842047
3012000 842078
3013000 842077
3014000 842088
3015000 842096
3016000 842123
3017000 842156
3018000 842190
3019000 842184
3020000 842183
3021000 842220
3022000 842238
3023000 842227
3024000 842250
3025000 842292
3026000 842284
3027000 842326
3028000 842351
3029000 842355
3030000 842344
3031000 842357
3032000 842371
3033000 842377
3034000 842388
3035000 842391
3036000 842438
3037000 842470
3038000 842468
3039000 842476
3040000 842477
3041000 842486
3042000 842503
3043000 842523
3044000 842491
3045000 842483
3046000 842502
3047000 842507
3048000 842532
3049000 842522
3050000 842554
3051000 842563
3052000 842582
3053000 842623
3054000 842624
3055000 842639
3056000 842643
3057000 842664
3058000 842711
3059000 842735
3060000 842761
3061000 842781
3062000 842804
3063000 842841
3064000 842847
3065000 842856
3066000 842886
3067000 842928
3068000 842950
3069000 842980
3070000 843018
3071000 843025
3072000 843066
3073000 843077
3074000 843104
3075000 843129
3076000 843142
3077000 843170
3078000 843204
3079000 843238
3080000 843259
3081000 843280
3082000 843294
3083000 843316
3084000 843343
3085000 843357
3086000 843375
3087000 843374
3088000 843403
3089000 843396
3090000 843410
3091000 843398
3092000 843401
3093000 843446
3094000 843453
3095000 843462
3096000 843499
3097000 843523
3098000 843539
3099000 843566
3100000 843631
3101000 843617
3102000 843617
3103000 843644
3104000 843683
3105000 843706
3106000 843759
3107000 843790
3108000 843809
3109000 843831
3110000 843861
3111000 843885
3112000 843915
3113000 843945
3114000 843970
3115000 843981
3116000 844001
3117000 844009
3118000 844036
3119000 844049
3120000 844055
3121000 844092
3122000 844104
3123000 844133
3124000 844133
3125000 844130
3126000 844149
3127000 844184
3128000 844217
3129000 844240
3130000 844241
3131000 844273
3132000 844322
3133000 844334
3134000 844362
3135000 844385
3136000 844398
3137000 844399
3138000 844400
3139000 844425
3140000 844455
3141000 844442
3142000 844443
3143000 844488
3144000 844531
3145000 844578
3146000 844609
3147000 844644
3148000 844681
3149000 844716
3150000 844714
3151000 844742
3152000 844780
3153000 844816
3154000 844831
3155000 844857
3156000 844881
3157000 844907
3158000 844937
3159000 844975
3160000 845006
3161000 845021
3162000 845046
3163000 845072
3164000 845055
3165000 845073
3166000 845097
3167000 845152
3168000 845207
3169000 845230
3170000 845276
3171000 845299
3172000 845305
3173000 845317
3174000 845324
3175000 845346
3176000 845374
3177000 845411
3178000 845451
3179000 845458
3180000 845474
3181000 845476
3182000 845483
3183000 845505
3184000 845531
3185000 845576
3186000 845606
3187000 845629
3188000 845659
3189000 845683
3190000 845693
3191000 845701
3192000 845724
3193000 845749
3194000 845780
3195000 845828
3196000 845838
3197000 845882
3198000 845918
3199000 845954
3200000 845972
3201000 845984
3202000 846004
3203000 846007
3204000 846012
3205000 846023
3206000 846046
3207000 846046
3208000 846065
3209000 846083
3210000 846112
3211000 846107
3212000 846109
3213000 846122
3214000 846140
3215000 846156
3216000 846177
3217000 846204
3218000 846233
3219000 846246
3220000 846261
3221000 846320
3222000 846348
3223000 846385
3224000 846386
3225000 846431
3226000 846466
3227000 846509
3228000 846547
3229000 846543
3230000 846559
3231000 846561
3232000 846571
3233000 846596
3234000 846637
3235000 846651
3236000 846663
3237000 846700
3238000 846734
3239000 846766
3240000 846778
3241000 846815
3242000 846833
3243000 846837
3244000 846848
3245000 846883
3246000 846925
3247000 846941
3248000 846990
3249000 847008
3250000 847038
3251000 847074
3252000 847081
3253000 847121
3254000 847152
3255000 847183
3256000 847223
3257000 847272
3258000 847306
3259000 847355
3260000 847364
3261000 847352
3262000 847394
3263000 847420
3264000 847420
3265000 847472
3266000 847473
3267000 847506
3268000 847545
3269000 847586
3270000 847634
3271000 847652
3272000 847707
3273000 847734
3274000 847751
3275000 847772
3276000 847830
3277000 847857
3278000 847865
3279000 847900
3280000 847929
3281000 847934
3282000 848000
3283000 848013
3284000 848020
3285000 848048
3286000 848053
3287000 848057
3288000 848098
3289000 848143
3290000 848172
3291000 848204
3292000 848248
3293000 848255
3294000 848272
3295000 848285
3296000 848320
3297000 848357
3298000 848368
3299000 848415
3300000 848459
3301000 848484
3302000 848492
3303000 848519
3304000 848540
3305000 848555
3306000 848588
3307000 848604
3308000 848610
3309000 848627
3310000 848640
3311000 848678
3312000 848687
3313000 848700
3314000 848728
3315000 848743
3316000 848804
3317000 848825
3318000 848832
3319000 848862
3320000 848909
3321000 848905
3322000 848920
3323000 848986
3324000 849032
3325000 849064
3326000 849106
3327000 849126
3328000 849154
3329000 849200
3330000 849223
3331000 849244
3332000 849269
3333000 849328
3334000 849329
3335000 849397
3336000 849420
3337000 849458
3338000 849481
3339000 849485
3340000 849534
3341000 849548
3342000 849572
3343000 849608
3344000 849668
3345000 849710
3346000 849708
3347000 849728
3348000 849746
3349000 849775
3350000 849753
3351000 849748
3352000 849782
3353000 849810
3354000 849862
3355000 849851
3356000 849885
3357000 849910
3358000 849961
3359000 849965
3360000 850010
3361000 850028
3362000 850049
3363000 850083
3364000 850119
3365000 850136
3366000 850160
3367000 850179
3368000 850223
3369000 850259
3370000 850276
3371000 850324
3372000 850404
3373000 850421
3374000 850454
3375000 850462
3376000 850468
3377000 850481
3378000 850470
3379000 850487
3380000 850507
3381000 850530
3382000 850556
3383000 850571
3384000 850619
3385000 850654
3386000 850700
3387000 850740
3388000 850780
3389000 850835
3390000 850881
3391000 850912
3392000 850927
3393000 850961
3394000 850996
3395000 851004
3396000 851066
3397000 851093
3398000 851115
3399000 851126
3400000 851185
3401000 851217
3402000 851266
3403000 851313
3404000 851323
3405000 851313
3406000 851360
3407000 851413
3408000 851434
3409000 851460
3410000 851452
3411000 851477
3412000 851537
3413000 851564
3414000 851589
3415000 851640
3416000 851662
3417000 851691
3418000 851702
3419000 851731
3420000 851761
3421000 851792
3422000 851848
3423000 851866
3424000 851919
3425000 851977
3426000 852031
3427000 852072
3428000 852087
3429000 852113
3430000 852140
3431000 852171
3432000 852199
3433000 852222
3434000 852263
3435000 852310
3436000 852342
3437000 852350
3438000 852386
3439000 852432
3440000 852460
3441000 852526
3442000 852543
3443000 852567
3444000 852610
3445000 852656
3446000 852708
3447000 852721
3448000 852743
3449000 852772
3450000 852832
3451000 852897
3452000 852906
3453000 852956
3454000 852963
3455000 852991
3456000 853022
3457000 853078
3458000 853102
3459000 853134
3460000 853177
3461000 853197
3462000 853216
3463000 853258
3464000 853296
3465000 853336
3466000 853367
3467000 853390
3468000 853412
3469000 853442
3470000 853458
3471000 853513
3472000 853550
3473000 853558
3474000 853578
3475000 853623
3476000 853656
3477000 853675
3478000 853730
3479000 853760
3480000 853801
3481000 853822
3482000 853855
3483000 853901
3484000 853935
3485000 853971
3486000 853965
3487000 853998
3488000 854027
3489000 854081
3490000 854107
3491000 854132
3492000 854162
3493000 854199
3494000 854261
3495000 854245
3496000 854310
3497000 854304
3498000 854322
3499000 854357
3500000 854417
3501000 854462
3502000 854485
3503000 854525
3504000 854554
3505000 854565
3506000 854610
3507000 854656
3508000 854684
3509000 854741
3510000 854803
3511000 854826
3512000 854837
3513000 854858
3514000 854892
3515000 854944
3516000 855015
3517000 855039
3518000 855074
3519000 855102
3520000 855151
3521000 855158
3522000 855216
3523000 855262
3524000 855312
3525000 855331
3526000 855370
3527000 855420
3528000 855429
3529000 855471
3530000 855518
3531000 855568
3532000 855595
3533000 855641
3534000 855672
3535000 855712
3536000 855749
3537000 855794
3538000 855822
3539000 855881
3540000 855934
3541000 855960
3542000 856003
3543000 856041
3544000 856047
3545000 856073
3546000 856125
3547000 856151
3548000 856207
3549000 856253
3550000 856285
3551000 856327
3552000 856358
3553000 856375
3554000 856413
3555000 856469
3556000 856529
3557000 856575
3558000 856615
3559000 856658
3560000 856691
3561000 856745
3562000 856775
3563000 856802
3564000 856851
3565000 856899
3566000 856946
3567000 856958
3568000 857003
3569000 857027
3570000 857037
3571000 857088
3572000 857132
3573000 857183
3574000 857224
3575000 857231
3576000 857260
3577000 857293
3578000 857334
3579000 857368
3580000 857409
3581000 857469
3582000 857499
3583000 857548
3584000 857575
3585000 857601
3586000 857667
3587000 857723
3588000 857759
3589000 857791
3590000 857866
3591000 857897
3592000 857945
3593000 857978
3594000 858026
3595000 858065
3596000 858117
3597000 858142
3598000 858163
3599000 858212
3600000 858244
3601000 858266
3602000 858286
3603000 858328
3604000 858366
3605000 858417
3606000 858448
3607000 858482
3608000 858502
3609000 858569
3610000 858621
3611000 858663
3612000 858718
3613000 858764
3614000 858782
3615000 858821
3616000 858839
3617000 858890
3618000 858899
3619000 858940
3620000 858975
3621000 858990
3622000 859043
3623000 859043
3624000 859066
3625000 859099
3626000 859125
3627000 859154
3628000 859181
3629000 859230
3630000 859256
3631000 859324
3632000 859361
3633000 859413
3634000 859453
3635000 859507
3636000 859554
3637000 859579
3638000 859652
3639000 859698
3640000 859756
3641000 859805
3642000 859841
3643000 859879
3644000 859904
3645000 859944
3646000 859995
3647000 860049
3648000 860076
3649000 860097
3650000 860124
3651000 860160
3652000 860209
3653000 860281
3654000 860316
3655000 860328
3656000 860362
3657000 860402
3658000 860430
3659000 860483
3660000 860513
3661000 860559
3662000 860603
3663000 860629
3664000 860640
3665000 860651
3666000 860713
3667000 860773
3668000 860832
3669000 860878
3670000 860892
3671000 860929
3672000 860956
3673000 861041
3674000 861096
3675000 861098
3676000 861143
3677000 861200
3678000 861240
3679000 861289
3680000 861324
3681000 861364
3682000 861397
3683000 861448
3684000 861483
3685000 861505
3686000 861551
3687000 861614
3688000 861643
3689000 861668
3690000 861704
3691000 861728
3692000 861748
3693000 861794
3694000 861818
3695000 861864
3696000 861920
3697000 861966
3698000 862028
3699000 862086
3700000 862127
3701000 862172
3702000 862219
3703000 862277
3704000 862316
3705000 862372
3706000 862424
3707000 862456
3708000 862472
3709000 862483
3710000 862527
3711000 862556
3712000 862583
3713000 862645
3714000 862688
3715000 862740
3716000 862807
3717000 862878
3718000 862919
3719000 862961
3720000 862995
3721000 863048
3722000 863097
3723000 863151
3724000 863178
3725000 863207
3726000 863259
3727000 863317
3728000 863332
3729000 863378
3730000 863398
3731000 863440
3732000 863469
3733000 863504
3734000 863533
3735000 863572
3736000 863618
3737000 863638
3738000 863692
3739000 863751
3740000 863779
3741000 863825
3742000 863867
3743000 863904
3744000 863947
3745000 863972
3746000 864006
3747000 864044
3748000 864087
3749000 864116
3750000 864182
3751000 864241
3752000 864281
3753000 864323
3754000 864362
3755000 864420
3756000 864494
3757000 864532
3758000 864540
3759000 864570
3760000 864620
3761000 864667
3762000 864722
3763000 864783
3764000 864864
3765000 864901
3766000 864956
3767000 865020
3768000 865029
3769000 865087
3770000 865139
3771000 865192
3772000 865238
3773000 865286
3774000 865331
3775000 865385
3776000 865446
3777000 865473
3778000 865507
3779000 865568
3780000 865582
3781000 865644
3782000 865689
3783000 865720
3784000 865756
3785000 865805
3786000 865859
3787000 865895
3788000 865927
3789000 865967
3790000 865988
3791000 866017
3792000 866048
3793000 866092
3794000 866131
3795000 866199
3796000 866263
3797000 866303
3798000 866377
3799000 866453
3800000 866483
3801000 866518
3802000 866556
3803000 866586
3804000 866623
3805000 866648
3806000 866669
3807000 866701
3808000 866750
3809000 866782
3810000 866823
3811000 866857
3812000 866926
3813000 866989
3814000 867039
3815000 867092
3816000 867154
3817000 867212
3818000 867256
3819000 867336
3820000 867397
3821000 867459
3822000 867513
3823000 867548
3824000 867598
3825000 867660
3826000 867698
3827000 867714
3828000 867757
3829000 867804
3830000 867836
3831000 867892
3832000 867905
3833000 867955
3834000 867995
3835000 868023
3836000 868079
3837000 868138
3838000 868210
3839000 868258
3840000 868277
3841000 868365
3842000 868426
3843000 868477
3844000 868538
3845000 868615
3846000 868659
3847000 868731
3848000 868756
3849000 868806
3850000 868854
3851000 868904
3852000 868973
3853000 869004
3854000 869053
3855000 869128
3856000 869177
3857000 869220
3858000 869256
3859000 869292
3860000 869358
3861000 869390
3862000 869445
3863000 869512
3864000 869537
3865000 869586
3866000 869625
3867000 869660
3868000 869695
3869000 869764
3870000 869824
3871000 869853
3872000 869912
3873000 869971
3874000 870012
3875000 870055
3876000 870082
3877000 870135
3878000 870208
3879000 870247
3880000 870279
3881000 870315
3882000 870340
3883000 870392
3884000 870444
3885000 870494
3886000 870520
3887000 870536
3888000 870579
3889000 870658
3890000 870708
3891000 870739
3892000 870794
3893000 870863
3894000 870916
3895000 870961
3896000 871013
3897000 871069
3898000 871095
3899000 871171
3900000 871235
3901000 871299
3902000 871334
3903000 871417
3904000 871459
3905000 871465
3906000 871500
3907000 871522
3908000 871571
3909000 871623
3910000 871631
3911000 871716
3912000 871785
3913000 871854
3914000 871912
3915000 871949
3916000 871970
3917000 872025
3918000 872087
3919000 872158
3920000 872215
3921000 872238
3922000 872301
3923000 872334
3924000 872386
3925000 872449
3926000 872490
3927000 872533
3928000 872606
3929000 872647
3930000 872715
3931000 872777
3932000 872819
3933000 872854
3934000 872888
3935000 872930
3936000 872980
3937000 873031
3938000 873084
3939000 873138
3940000 873139
3941000 873179
3942000 873241
3943000 873287
3944000 873340
3945000 873373
3946000 873407
3947000 873475
3948000 873518
3949000 873589
3950000 873643
3951000 873674
3952000 873730
3953000 873805
3954000 873826
3955000 873843
3956000 873879
3957000 873950
3958000 874019
3959000 874078
3960000 874116
3961000 874186
3962000 874230
3963000 874291
3964000 874354
3965000 874399
3966000 874468
3967000 874508
3968000 874551
3969000 874596
3970000 874639
3971000 874679
3972000 874719
3973000 874757
3974000 874816
3975000 874883
3976000 874916
3977000 874958
3978000 875001
3979000 875066
3980000 875133
3981000 875213
3982000 875255
3983000 875304
3984000 875338
3985000 875404
3986000 875477
3987000 875550
3988000 875611
3989000 875684
3990000 875722
3991000 875767
3992000 875813
3993000 875861
3994000 875889
3995000 875917
3996000 875952
3997000 876030
3998000 876083
3999000 876102
4000000 876153
4001000 876194
4002000 876219
4003000 876294
4004000 876343
4005000 876384
4006000 876441
4007000 876508
4008000 876583
4009000 876625
4010000 876672
4011000 876737
4012000 876800
4013000 876820
4014000 876854
4015000 876900
4016000 876942
4017000 877010
4018000 877064
4019000 877108
4020000 877159
4021000 877179
4022000 877264
4023000 877342
4024000 877375
4025000 877422
4026000 877480
4027000 877483
4028000 877560
4029000 877605
4030000 877665
4031000 877735
4032000 877765
4033000 877809
4034000 877859
4035000 877916
4036000 877976
4037000 878009
4038000 878080
4039000 878139
4040000 878213
4041000 878287
4042000 878360
4043000 878397
4044000 878424
4045000 878471
4046000 878529
4047000 878550
4048000 878637
4049000 878685
4050000 878731
4051000 878797
4052000 878817
4053000 878872
4054000 878917
4055000 878950
4056000 879002
4057000 879059
4058000 879095
4059000 879174
4060000 879225
4061000 879302
4062000 879353
4063000 879406
4064000 879459
4065000 879499
4066000 879568
4067000 879645
4068000 879691
4069000 879745
4070000 879779
4071000 879806
4072000 879894
4073000 879953
4074000 880004
4075000 880040
4076000 880092
4077000 880158
4078000 880241
4079000 880288
4080000 880315
4081000 880365
4082000 880380
4083000 880421
4084000 880495
4085000 880536
4086000 880593
4087000 880655
4088000 880702
4089000 880732
4090000 880769
4091000 880810
4092000 880859
4093000 880898
4094000 880973
4095000 881002
4096000 881048
4097000 881092
4098000 881156
4099000 881199
4100000 881270
4101000 881324
4102000 881398
4103000 881462
4104000 881481
4105000 881557
4106000 881619
4107000 881668
4108000 881697
4109000 881751
4110000 881800
4111000 881858
4112000 881907
4113000 881954
4114000 882011
4115000 882070
4116000 882109
4117000 882171
4118000 882228
4119000 882246
4120000 882294
4121000 882348
4122000 882392
4123000 882453
4124000 882498
4125000 882575
4126000 882629
4127000 882688
4128000 882752
4129000 882796
4130000 882852
4131000 882875
4132000 882912
4133000 882949
4134000 883006
4135000 883046
4136000 883124
4137000 883180
4138000 883260
4139000 883334
4140000 883409
4141000 883463
4142000 883498
4143000 883568
4144000 883619
4145000 883713
4146000 883775
4147000 883820
4148000 883857
4149000 883901
4150000 883962
4151000 883997
4152000 884057
4153000 884098
4154000 884138
4155000 884193
4156000 884224
4157000 884253
4158000 884287
4159000 884359
4160000 884439
4161000 884526
4162000 884568
4163000 884618
4164000 884690
4165000 884761
4166000 884776
4167000 884815
4168000 884863
4169000 884930
4170000 884976
4171000 885059
4172000 885126
4173000 885206
4174000 885262
4175000 885316
4176000 885371
4177000 885416
4178000 885483
4179000 885543
4180000 885589
4181000 885667
4182000 885732
4183000 885774
4184000 885812
4185000 885869
4186000 885929
4187000 885993
4188000 886042
4189000 886092
4190000 886164
4191000 886233
4192000 886295
4193000 886372
4194000 886402
4195000 886468
4196000 886524
4197000 886607
4198000 886646
4199000 886666
4200000 886741
4201000 886806
4202000 886866
4203000 886934
4204000 886985
4205000 887050
4206000 887122
4207000 887177
4208000 887240
4209000 887304
4210000 887319
4211000 887369
4212000 887450
4213000 887519
4214000 887567
4215000 887611
4216000 887681
4217000 887743
4218000 887775
4219000 887839
4220000 887884
4221000 887963
4222000 888007
4223000 888058
4224000 888124
4225000 888168
4226000 888223
4227000 888295
4228000 888329
4229000 888402
4230000 888429
4231000 888505
4232000 888533
4233000 888598
4234000 888644
4235000 888693
4236000 888738
4237000 888778
4238000 888847
4239000 888901
4240000 888974
4241000 889041
4242000 889122
4243000 889165
4244000 889206
4245000 889256
4246000 889336
4247000 889414
4248000 889448
4249000 889528
4250000 889577
4251000 889649
4252000 889696
4253000 889756
4254000 889835
4255000 889891
4256000 889936
4257000 890013
4258000 890049
4259000 890089
4260000 890141
4261000 890217
4262000 890306
4263000 890366
4264000 890420
4265000 890470
4266000 890533
4267000 890597
4268000 890650
4269000 890691
4270000 890751
4271000 890796
4272000 890834
4273000 890892
4274000 890921
4275000 890970
4276000 891001
4277000 891053
4278000 891088
4279000 891148
4280000 891228
4281000 891304
4282000 891358
4283000 891453
4284000 891506
4285000 891559
4286000 891594
4287000 891648
4288000 891736
4289000 891812
4290000 891857
4291000 891915
4292000 892020
4293000 892124
4294000 892199
4295000 892279
4296000 892361
4297000 892419
4298000 892466
4299000 892554
4300000 892600
4301000 892688
4302000 892747
4303000 892790
4304000 892854
4305000 892909
4306000 892970
4307000 893045
4308000 893101
4309000 893139
4310000 893211
4311000 893310
4312000 893381
4313000 893445
4314000 893504
4315000 893569
4316000 893603
4317000 893663
4318000 893715
4319000 893789
4320000 893895
4321000 893951
4322000 894014
4323000 894061
4324000 894127
4325000 894208
4326000 894297
4327000 894374
4328000 894449
4329000 894495
4330000 894553
4331000 894602
4332000 894655
4333000 894726
4334000 894802
4335000 894839
4336000 894917
4337000 894965
4338000 895019
4339000 895080
4340000 895124
4341000 895201
4342000 895253
4343000 895307
4344000 895362
4345000 895439
4346000 895495
4347000 895550
4348000 895616
4349000 895689
4350000 895717
4351000 895776
4352000 895819
4353000 895866
4354000 895926
4355000 895963
4356000 896030
4357000 896102
4358000 896164
4359000 896233
4360000 896283
4361000 896334
4362000 896384
4363000 896451
4364000 896520
4365000 896608
4366000 896646
4367000 896716
4368000 896811
4369000 896874
4370000 896907
4371000 896986
4372000 897042
4373000 897093
4374000 897167
4375000 897226
4376000 897263
4377000 897354
4378000 897403
4379000 897448
4380000 897521
4381000 897559
4382000 897649
4383000 897734
4384000 897784
4385000 897827
4386000 897885
4387000 897958
4388000 898018
4389000 898120
4390000 898159
4391000 898225
4392000 898292
4393000 898335
4394000 898405
4395000 898444
4396000 898502
4397000 898555
4398000 898634
4399000 898727
4400000 898773
4401000 898832
4402000 898932
4403000 899002
4404000 899095
4405000 899130
4406000 899236
4407000 899307
4408000 899358
4409000 899428
4410000 899465
4411000 899530
4412000 899603
4413000 899666
4414000 899739
4415000 899767
4416000 899845
4417000 899929
4418000 900013
4419000 900067
4420000 900149
4421000 900201
4422000 900277
4423000 900376
4424000 900441
4425000 900483
4426000 900534
4427000 900624
4428000 900707
4429000 900767
4430000 900820
4431000 900878
4432000 900944
4433000 901022
4434000 901080
4435000 901121
4436000 901156
4437000 901239
4438000 901282
4439000 901324
4440000 901378
4441000 901456
4442000 901525
4443000 901603
4444000 901649
4445000 901693
4446000 901725
4447000 901810
4448000 901864
4449000 901913
4450000 901974
4451000 901998
4452000 902057
4453000 902131
4454000 902174
4455000 902244
4456000 902308
4457000 902395
4458000 902462
4459000 902525
4460000 902606
4461000 902698
4462000 902773
4463000 902842
4464000 902918
4465000 902974
4466000 903011
4467000 903107
4468000 903167
4469000 903221
4470000 903284
4471000 903317
4472000 903389
4473000 903464
4474000 903516
4475000 903605
4476000 903645
4477000 903736
4478000 903796
4479000 903859
4480000 903915
4481000 903972
4482000 904038
4483000 904103
4484000 904166
4485000 904211
4486000 904267
4487000 904296
4488000 904368
4489000 904437
4490000 904444
4491000 904533
4492000 904610
4493000 904697
4494000 904780
4495000 904830
4496000 904907
4497000 904974
4498000 905015
4499000 905054
4500000 905117
4501000 905191
4502000 905288
4503000 905358
4504000 905411
4505000 905461
4506000 905516
4507000 905580
4508000 905619
4509000 905693
4510000 905728
4511000 905793
4512000 905856
4513000 905948
4514000 906027
4515000 906101
4516000 906170
4517000 906225
4518000 906282
4519000 906380
4520000 906438
4521000 906502
4522000 906577
4523000 906630
4524000 906698
4525000 906765
4526000 906829
4527000 906891
4528000 906968
4529000 907021
4530000 907105
4531000 907186
4532000 907271
4533000 907339
4534000 907422
4535000 907479
4536000 907551
4537000 907607
4538000 907685
4539000 907759
4540000 907817
4541000 907874
4542000 907940
4543000 907988
4544000 908068
4545000 908140
4546000 908186
4547000 908261
4548000 908319
4549000 908338
4550000 908383
4551000 908474
4552000 908563
4553000 908645
4554000 908714
4555000 908752
4556000 908832
4557000 908898
4558000 908948
4559000 909013
4560000 909082
4561000 909129
4562000 909220
4563000 909260
4564000 909316
4565000 909397
4566000 909487
4567000 909550
4568000 909596
4569000 909692
4570000 909754
4571000 909771
4572000 909813
4573000 909860
4574000 909912
4575000 909990
4576000 910059
4577000 910129
4578000 910203
4579000 910287
4580000 910371
4581000 910425
4582000 910475
4583000 910545
4584000 910611
4585000 910699
4586000 910779
4587000 910841
4588000 910949
4589000 911025
4590000 911119
4591000 911192
4592000 911257
4593000 911335
4594000 911408
4595000 911462
4596000 911517
4597000 911592
4598000 911670
4599000 911698
4600000 911753
4601000 911837
4602000 911916
4603000 911987
4604000 912081
4605000 912148
4606000 912224
4607000 912289
4608000 912394
4609000 912476
4610000 912552
4611000 912595
4612000 912631
4613000 912728
4614000 912792
4615000 912891
4616000 912953
4617000 913021
4618000 913140
4619000 913222
4620000 913266
4621000 913377
4622000 913427
4623000 913488
4624000 913551
4625000 913613
4626000 913672
4627000 913722
4628000 913806
4629000 913858
4630000 913907
4631000 913979
4632000 914072
4633000 914141
4634000 914183
4635000 914281
4636000 914339
4637000 914399
4638000 914458
4639000 914482
4640000 914542
4641000 914627
4642000 914699
4643000 914775
4644000 914840
4645000 914915
4646000 914945
4647000 914999
4648000 915094
4649000 915149
4650000 915247
4651000 915295
4652000 915364
4653000 915459
4654000 915499
4655000 915577
4656000 915641
4657000 915686
4658000 915731
4659000 915808
4660000 915865
4661000 915897
4662000 915945
4663000 916014
4664000 916089
4665000 916155
4666000 916234
4667000 916308
4668000 916374
4669000 916481
4670000 916548
4671000 916604
4672000 916672
4673000 916724
4674000 916809
4675000 916883
4676000 916965
4677000 917036
4678000 917107
4679000 917179
4680000 917246
4681000 917335
4682000 917393
4683000 917455
4684000 917552
4685000 917607
4686000 917672
4687000 917726
4688000 917812
4689000 917869
4690000 917918
4691000 917983
4692000 918045
4693000 918119
4694000 918178
4695000 918242
4696000 918326
4697000 918388
4698000 918450
4699000 918547
4700000 918634
4701000 918705
4702000 918783
4703000 918827
4704000 918865
4705000 918932
4706000 919017
4707000 919081
4708000 919165
4709000 919244
4710000 919316
4711000 919380
4712000 919464
4713000 919522
4714000 919608
4715000 919701
4716000 919793
4717000 919881
4718000 919983
4719000 920047
4720000 920146
4721000 920191
4722000 920261
4723000 920350
4724000 920437
4725000 920496
4726000 920571
4727000 920633
4728000 920709
4729000 920779
4730000 920829
4731000 920900
4732000 920993
4733000 921052
4734000 921125
4735000 921191
4736000 921268
4737000 921329
4738000 921394
4739000 921465
4740000 921546
4741000 921635
4742000 921695
4743000 921761
4744000 921825
4745000 921889
4746000 921975
4747000 922080
4748000 922184
4749000 922276
4750000 922327
4751000 922413
4752000 922504
4753000 922578
4754000 922653
4755000 922707
4756000 922783
4757000 922886
4758000 922956
4759000 923037
4760000 923147
4761000 923198
4762000 923286
4763000 923355
4764000 923453
4765000 923523
4766000 923596
4767000 923661
4768000 923725
4769000 923767
4770000 923871
4771000 923956
4772000 924031
4773000 924081
4774000 924137
4775000 924227
4776000 924296
4777000 924361
4778000 924458
4779000 924537
4780000 924611
4781000 924695
4782000 924744
4783000 924827
4784000 924892
4785000 924959
4786000 925030
4787000 925082
4788000 925157
4789000 925227
4790000 925310
4791000 925416
4792000 925508
4793000 925593
4794000 925692
4795000 925751
4796000 925816
4797000 925883
4798000 925989
4799000 926044
4800000 926116
4801000 926203
4802000 926267
4803000 926337
4804000 926385
4805000 926481
4806000 926564
4807000 926610
4808000 926659
4809000 926756
4810000 926849
4811000 926960
4812000 927017
4813000 927113
4814000 927218
4815000 927255
4816000 927335
4817000 927406
4818000 927499
4819000 927581
4820000 927635
4821000 927740
4822000 927880
4823000 927962
4824000 928048
4825000 928084
4826000 928162
4827000 928226
4828000 928297
4829000 928384
4830000 928477
4831000 928544
4832000 928608
4833000 928710
4834000 928760
4835000 928820
4836000 928909
4837000 928961
4838000 929020
4839000 929067
4840000 929132
4841000 929235
4842000 929278
4843000 929335
4844000 929430
4845000 929495
4846000 929576
4847000 929640
4848000 929730
4849000 929802
