0 0.0594538
1000 0.0856138
2000 0.162885
3000 0.290583
4000 0.467829
5000 0.688056
6000 0.959905
7000 1.27932
8000 1.64669
9000 2.06296
10000 2.49161
11000 3.00348
12000 3.57079
13000 4.19605
14000 4.88083
15000 5.35505
16000 6.12014
17000 6.94336
18000 7.82396
19000 8.76273
20000 8.67385
21000 9.6042
22000 10.5701
23000 11.5651
24000 12.5714
25000 11.5722
26000 12.4839
27000 13.4209
28000 14.3797
29000 15.3694
30000 13.8454
31000 14.7548
32000 15.6785
33000 16.6563
34000 17.6494
35000 15.6708
36000 16.569
37000 17.4755
38000 18.4342
39000 19.3923
40000 17.1483
41000 18.0071
42000 18.9018
43000 19.8222
44000 20.7582
45000 18.2506
46000 19.0726
47000 19.912
48000 20.7893
49000 21.6813
50000 18.9451
51000 19.7443
52000 20.558
53000 21.378
54000 22.2229
55000 19.4503
56000 20.1966
57000 20.9631
58000 21.7503
59000 22.5335
60000 19.6669
61000 20.3583
62000 21.0868
63000 21.8336
64000 22.5684
65000 19.6507
66000 20.3124
67000 20.982
68000 21.6838
69000 22.3911
70000 19.5021
71000 20.1076
72000 20.7466
73000 21.4023
74000 22.0394
75000 19.1696
76000 19.753
77000 20.3194
78000 20.9231
79000 21.5297
80000 18.7104
81000 19.246
82000 19.8074
83000 20.3828
84000 20.9768
85000 18.1119
86000 18.6144
87000 19.1646
88000 19.7231
89000 20.3159
90000 17.4272
91000 17.9431
92000 18.4569
93000 19.0003
94000 19.5482
95000 16.7134
96000 17.2046
97000 17.7017
98000 18.2511
99000 18.7998
100000 16.0304
101000 16.5202
102000 17.0232
103000 17.5313
104000 18.0864
105000 15.3318
106000 15.822
107000 16.3413
108000 16.8715
109000 17.4318
110000 14.6273
111000 15.1274
112000 15.658
113000 16.2029
114000 16.8138
115000 14.0877
116000 14.6076
117000 15.1628
118000 15.7157
119000 16.3033
120000 13.6937
121000 14.2322
122000 14.8403
123000 15.4575
124000 16.0856
125000 13.4926
126000 14.0729
127000 14.7013
128000 15.3285
129000 16.0134
130000 13.4233
131000 14.0229
132000 14.6238
133000 15.3141
134000 15.996
135000 13.4861
136000 14.1225
137000 14.7865
138000 15.4762
139000 16.2068
140000 13.8078
141000 14.4749
142000 15.1816
143000 15.9053
144000 16.648
145000 14.1843
146000 14.8704
147000 15.5884
148000 16.3362
149000 17.1081
150000 14.7621
151000 15.4857
152000 16.2287
153000 17.0011
154000 17.7655
155000 15.4365
156000 16.1781
157000 16.936
158000 17.6943
159000 18.4973
160000 16.1776
161000 16.8964
162000 17.6535
163000 18.4243
164000 19.1713
165000 16.7434
166000 17.4681
167000 18.2299
168000 18.9697
169000 19.7383
170000 17.323
171000 18.0271
172000 18.7318
173000 19.4706
174000 20.2196
175000 17.8329
176000 18.5014
177000 19.18
178000 19.8862
179000 20.5969
180000 18.1441
181000 18.7799
182000 19.4505
183000 20.1186
184000 20.801
185000 18.32
186000 18.8999
187000 19.5226
188000 20.1383
189000 20.753
190000 18.311
191000 18.8998
192000 19.4915
193000 20.0928
194000 20.7107
195000 18.2544
196000 18.7933
197000 19.3294
198000 19.8918
199000 20.464
200000 18.0535
201000 18.5519
202000 19.0453
203000 19.5691
204000 20.1068
205000 17.6795
206000 18.1401
207000 18.6157
208000 19.12
209000 19.6324
210000 17.2839
211000 17.7166
212000 18.17
213000 18.6343
214000 19.1024
215000 16.8226
216000 17.2316
217000 17.6647
218000 18.1161
219000 18.5874
220000 16.3301
221000 16.7299
222000 17.1603
223000 17.598
224000 18.0472
225000 15.861
226000 16.2621
227000 16.6752
228000 17.1233
229000 17.5687
230000 15.3882
231000 15.7992
232000 16.2191
233000 16.6371
234000 17.0814
235000 15.0148
236000 15.4171
237000 15.8378
238000 16.2657
239000 16.7081
240000 14.6437
241000 15.0441
242000 15.4678
243000 15.9113
244000 16.3541
245000 14.342
246000 14.7504
247000 15.186
248000 15.6476
249000 16.1064
250000 14.139
251000 14.5648
252000 15.0115
253000 15.488
254000 15.9503
255000 14.0529
256000 14.4904
257000 14.9335
258000 15.4141
259000 15.9027
260000 14.0284
261000 14.4891
262000 14.9736
263000 15.4658
264000 15.9743
265000 14.0531
266000 14.528
267000 15.0232
268000 15.5262
269000 16.0344
270000 14.2521
271000 14.7338
272000 15.2314
273000 15.7585
274000 16.2861
275000 14.507
276000 14.9995
277000 15.5
278000 16.0328
279000 16.5605
280000 14.8079
281000 15.3087
282000 15.8169
283000 16.3443
284000 16.8842
285000 15.1331
286000 15.6257
287000 16.148
288000 16.6788
289000 17.219
290000 15.532
291000 16.0427
292000 16.5689
293000 17.067
294000 17.5942
295000 15.8658
296000 16.3628
297000 16.863
298000 17.3806
299000 17.9137
300000 16.144
301000 16.6282
302000 17.1192
303000 17.6112
304000 18.1116
305000 16.3611
306000 16.8187
307000 17.2785
308000 17.7524
309000 18.2224
310000 16.4861
311000 16.9264
312000 17.3915
313000 17.8423
314000 18.2991
315000 16.5249
316000 16.9489
317000 17.3767
318000 17.8283
319000 18.283
320000 16.5064
321000 16.8879
322000 17.3011
323000 17.7343
324000 18.1764
325000 16.3997
326000 16.7911
327000 17.1827
328000 17.5808
329000 17.9804
330000 16.1666
331000 16.5393
332000 16.9065
333000 17.3068
334000 17.7015
335000 15.9478
336000 16.3155
337000 16.6744
338000 17.0495
339000 17.4362
340000 15.7824
341000 16.1295
342000 16.4895
343000 16.8479
344000 17.2247
345000 15.5755
346000 15.9068
347000 16.2394
348000 16.6001
349000 16.9497
350000 15.3554
351000 15.7022
352000 16.0382
353000 16.3876
354000 16.7435
355000 15.1385
356000 15.4614
357000 15.7985
358000 16.1531
359000 16.5039
360000 14.9123
361000 15.2542
362000 15.5931
363000 15.9462
364000 16.294
365000 14.7479
366000 15.0828
367000 15.4302
368000 15.7966
369000 16.1614
370000 14.6209
371000 14.9597
372000 15.3192
373000 15.6804
374000 16.058
375000 14.5318
376000 14.8785
377000 15.2407
378000 15.5941
379000 15.9556
380000 14.4293
381000 14.7862
382000 15.1596
383000 15.5178
384000 15.9005
385000 14.3993
386000 14.761
387000 15.115
388000 15.4999
389000 15.8803
390000 14.3682
391000 14.7337
392000 15.1085
393000 15.4854
394000 15.8724
395000 14.4209
396000 14.7868
397000 15.1575
398000 15.5271
399000 15.9084
400000 14.4628
401000 14.82
402000 15.1929
403000 15.5819
404000 15.9596
405000 14.5398
406000 14.9048
407000 15.2776
408000 15.6596
409000 16.0551
410000 14.6703
411000 15.0321
412000 15.4039
413000 15.7851
414000 16.1659
415000 14.7881
416000 15.1596
417000 15.5235
418000 15.9247
419000 16.3225
420000 14.9537
421000 15.3182
422000 15.6904
423000 16.0676
424000 16.4578
425000 15.0567
426000 15.4013
427000 15.7685
428000 16.1496
429000 16.521
430000 15.1528
431000 15.4987
432000 15.8464
433000 16.2078
434000 16.5649
435000 15.1662
436000 15.5117
437000 15.8585
438000 16.21
439000 16.5693
440000 15.1707
441000 15.4967
442000 15.8239
443000 16.1592
444000 16.5103
445000 15.0906
446000 15.4161
447000 15.7538
448000 16.0929
449000 16.4321
450000 15.0196
451000 15.3441
452000 15.6754
453000 16.0098
454000 16.3346
455000 14.9283
456000 15.2377
457000 15.5451
458000 15.8586
459000 16.1739
460000 14.7936
461000 15.1023
462000 15.4119
463000 15.7269
464000 16.0413
465000 14.6969
466000 15.0001
467000 15.3124
468000 15.627
469000 15.9341
470000 14.578
471000 14.8765
472000 15.1789
473000 15.4863
474000 15.7968
475000 14.512
476000 14.8036
477000 15.0934
478000 15.3977
479000 15.7111
480000 14.3737
481000 14.6645
482000 14.9652
483000 15.2787
484000 15.5797
485000 14.3009
486000 14.5998
487000 14.9005
488000 15.1992
489000 15.516
490000 14.227
491000 14.5141
492000 14.7964
493000 15.0964
494000 15.3976
495000 14.0912
496000 14.3657
497000 14.6605
498000 14.965
499000 15.2608
500000 14.0044
501000 14.2909
502000 14.5764
503000 14.8705
504000 15.1761
505000 13.8911
506000 14.1682
507000 14.4597
508000 14.7553
509000 15.0545
510000 13.7925
511000 14.0671
512000 14.342
513000 14.6338
514000 14.9329
515000 13.6997
516000 13.9791
517000 14.2624
518000 14.5521
519000 14.8507
520000 13.6377
521000 13.9197
522000 14.2011
523000 14.485
524000 14.7822
525000 13.5975
526000 13.8899
527000 14.1755
528000 14.4648
529000 14.7618
530000 13.5859
531000 13.8593
532000 14.1397
533000 14.4195
534000 14.7176
535000 13.58
536000 13.8502
537000 14.1289
538000 14.4131
539000 14.6989
540000 13.5639
541000 13.841
542000 14.1083
543000 14.3886
544000 14.6738
545000 13.5614
546000 13.8356
547000 14.1195
548000 14.4003
549000 14.6746
550000 13.5432
551000 13.8092
552000 14.0769
553000 14.3552
554000 14.6345
555000 13.5179
556000 13.7786
557000 14.0506
558000 14.3183
559000 14.5909
560000 13.4827
561000 13.729
562000 13.9916
563000 14.2536
564000 14.5172
565000 13.3863
566000 13.6364
567000 13.8845
568000 14.1414
569000 14.3967
570000 13.3153
571000 13.5675
572000 13.8139
573000 14.0572
574000 14.3052
575000 13.2172
576000 13.4516
577000 13.6854
578000 13.9333
579000 14.186
580000 13.0962
581000 13.3282
582000 13.5688
583000 13.8095
584000 14.0527
585000 12.9794
586000 13.2049
587000 13.4363
588000 13.6701
589000 13.9099
590000 12.8682
591000 13.0975
592000 13.3281
593000 13.5564
594000 13.7928
595000 12.7748
596000 13.0043
597000 13.2298
598000 13.4665
599000 13.6911
600000 12.6891
601000 12.9101
602000 13.1376
603000 13.3666
604000 13.6013
605000 12.6015
606000 12.8154
607000 13.035
608000 13.2636
609000 13.4979
610000 12.5069
611000 12.7272
612000 12.9491
613000 13.1745
614000 13.3907
615000 12.4147
616000 12.6322
617000 12.8459
618000 13.0678
619000 13.2833
620000 12.3373
621000 12.5387
622000 12.7526
623000 12.9754
624000 13.1908
625000 12.2158
626000 12.4247
627000 12.632
628000 12.8424
629000 13.0528
630000 12.1112
631000 12.316
632000 12.5227
633000 12.7353
634000 12.9409
635000 12.0152
636000 12.215
637000 12.4193
638000 12.6209
639000 12.832
640000 11.936
641000 12.132
642000 12.3327
643000 12.5322
644000 12.7382
645000 11.8641
646000 12.0591
647000 12.257
648000 12.458
649000 12.6548
650000 11.7828
651000 11.9781
652000 12.1745
653000 12.3703
654000 12.5693
655000 11.73
656000 11.9217
657000 12.1152
658000 12.3068
659000 12.4922
660000 11.6627
661000 11.852
662000 12.0392
663000 12.2351
664000 12.4338
665000 11.6009
666000 11.7893
667000 11.9791
668000 12.173
669000 12.3664
670000 11.5619
671000 11.7465
672000 11.9274
673000 12.1086
674000 12.2954
675000 11.4663
676000 11.6359
677000 11.8116
678000 11.988
679000 12.1712
680000 11.3951
681000 11.5678
682000 11.7401
683000 11.9217
684000 12.1026
685000 11.3178
686000 11.4829
687000 11.6548
688000 11.8245
689000 11.9979
690000 11.2168
691000 11.3789
692000 11.5409
693000 11.7126
694000 11.8816
695000 11.1269
696000 11.2914
697000 11.4589
698000 11.6244
699000 11.7851
700000 11.0404
701000 11.2026
702000 11.3601
703000 11.5255
704000 11.6941
705000 10.9605
706000 11.1188
707000 11.2791
708000 11.4419
709000 11.6044
710000 10.8788
711000 11.0319
712000 11.1883
713000 11.3386
714000 11.5014
715000 10.7857
716000 10.9377
717000 11.0915
718000 11.2389
719000 11.3864
720000 10.7046
721000 10.8507
722000 10.9995
723000 11.1479
724000 11.3003
725000 10.6255
726000 10.7747
727000 10.9208
728000 11.0652
729000 11.2122
730000 10.5524
731000 10.6939
732000 10.8389
733000 10.9863
734000 11.1385
735000 10.481
736000 10.6167
737000 10.7648
738000 10.9049
739000 11.0555
740000 10.4056
741000 10.5377
742000 10.6693
743000 10.8077
744000 10.9482
745000 10.2967
746000 10.4326
747000 10.562
748000 10.7017
749000 10.8388
750000 10.2023
751000 10.3392
752000 10.4738
753000 10.6064
754000 10.7407
755000 10.1272
756000 10.2598
757000 10.3899
758000 10.5239
759000 10.6604
760000 10.0496
761000 10.1764
762000 10.3056
763000 10.4317
764000 10.5661
765000 9.98623
766000 10.1125
767000 10.2365
768000 10.365
769000 10.4978
770000 9.91112
771000 10.0331
772000 10.1611
773000 10.2912
774000 10.4141
775000 9.86296
776000 9.98556
777000 10.1105
778000 10.2365
779000 10.3604
780000 9.80578
781000 9.92803
782000 10.0465
783000 10.1711
784000 10.2913
785000 9.71934
786000 9.8404
787000 9.95851
788000 10.0811
789000 10.2031
790000 9.65432
791000 9.76964
792000 9.88419
793000 9.99999
794000 10.1148
795000 9.60447
796000 9.71928
797000 9.83249
798000 9.95123
799000 10.066
800000 9.55258
801000 9.66583
802000 9.77964
803000 9.89275
804000 10.0041
805000 9.49281
806000 9.60496
807000 9.71393
808000 9.82309
809000 9.92883
810000 9.40655
811000 9.50846
812000 9.61167
813000 9.7218
814000 9.83249
815000 9.34256
816000 9.44523
817000 9.55024
818000 9.6547
819000 9.76002
820000 9.25967
821000 9.36229
822000 9.46692
823000 9.56981
824000 9.67568
825000 9.18106
826000 9.28385
827000 9.38722
828000 9.48714
829000 9.59265
830000 9.12493
831000 9.22736
832000 9.32887
833000 9.42609
834000 9.52428
835000 9.05163
836000 9.14854
837000 9.24133
838000 9.33612
839000 9.43493
840000 8.98808
841000 9.08486
842000 9.18004
843000 9.27486
844000 9.37667
845000 8.9424
846000 9.03899
847000 9.13266
848000 9.23347
849000 9.33689
850000 8.89321
851000 8.9858
852000 9.07887
853000 9.16997
854000 9.26467
855000 8.83049
856000 8.91951
857000 9.01762
858000 9.10944
859000 9.19931
860000 8.7685
861000 8.85955
862000 8.94774
863000 9.03306
864000 9.1247
865000 8.69537
866000 8.7876
867000 8.87514
868000 8.96713
869000 9.05141
870000 8.63626
871000 8.72258
872000 8.80849
873000 8.89567
874000 8.98479
875000 8.57604
876000 8.66581
877000 8.75671
878000 8.84503
879000 8.93464
880000 8.52389
881000 8.60588
882000 8.69283
883000 8.78294
884000 8.87121
885000 8.47292
886000 8.55347
887000 8.63587
888000 8.72257
889000 8.80453
890000 8.41511
891000 8.49849
892000 8.58174
893000 8.66585
894000 8.74778
895000 8.3639
896000 8.44532
897000 8.52773
898000 8.61086
899000 8.69066
900000 8.32012
901000 8.39901
902000 8.48159
903000 8.56058
904000 8.63877
905000 8.27392
906000 8.34945
907000 8.4269
908000 8.50232
909000 8.57949
910000 8.20726
911000 8.28158
912000 8.35689
913000 8.43592
914000 8.51153
915000 8.14701
916000 8.21884
917000 8.29628
918000 8.37145
919000 8.44695
920000 8.0981
921000 8.17227
922000 8.24599
923000 8.31868
924000 8.3919
925000 8.05395
926000 8.12817
927000 8.2029
928000 8.27753
929000 8.35088
930000 7.99706
931000 8.07038
932000 8.1424
933000 8.21284
934000 8.28588
935000 7.94318
936000 8.0157
937000 8.08382
938000 8.15115
939000 8.21859
940000 7.88769
941000 7.95632
942000 8.02219
943000 8.0925
944000 8.16361
945000 7.83849
946000 7.90506
947000 7.97191
948000 8.03986
949000 8.11047
950000 7.78364
951000 7.85013
952000 7.91922
953000 7.98427
954000 8.04968
955000 7.73488
956000 7.80139
957000 7.86459
958000 7.93541
959000 7.9983
960000 7.67894
961000 7.74469
962000 7.81274
963000 7.87619
964000 7.94179
965000 7.63795
966000 7.70291
967000 7.76792
968000 7.83115
969000 7.89399
970000 7.58116
971000 7.63927
972000 7.70142
973000 7.76588
974000 7.82771
975000 7.53734
976000 7.60348
977000 7.67182
978000 7.73188
979000 7.79399
980000 7.50216
981000 7.56599
982000 7.62546
983000 7.69022
984000 7.75269
985000 7.4558
986000 7.51338
987000 7.57695
988000 7.63982
989000 7.70306
990000 7.40743
991000 7.46957
992000 7.53199
993000 7.59215
994000 7.65239
995000 7.3674
996000 7.42592
997000 7.48607
998000 7.54691
999000 7.60978
1000000 7.32505
1001000 7.38513
1002000 7.44349
1003000 7.50274
1004000 7.563
1005000 7.2798
1006000 7.3362
1007000 7.39288
1008000 7.45318
1009000 7.51046
1010000 7.23624
1011000 7.29409
1012000 7.35211
1013000 7.40866
1014000 7.46734
1015000 7.20424
1016000 7.25915
1017000 7.31718
1018000 7.37497
1019000 7.43001
1020000 7.15961
1021000 7.21351
1022000 7.26888
1023000 7.32213
1024000 7.3788
1025000 7.11795
1026000 7.16885
1027000 7.22001
1028000 7.2721
1029000 7.3239
1030000 7.0593
1031000 7.11149
1032000 7.16465
1033000 7.21881
1034000 7.27103
1035000 7.01436
1036000 7.06826
1037000 7.11709
1038000 7.17104
1039000 7.22522
1040000 6.97176
1041000 7.02346
1042000 7.0748
1043000 7.12598
1044000 7.18015
1045000 6.92463
1046000 6.97619
1047000 7.025
1048000 7.07771
1049000 7.12769
1050000 6.87692
1051000 6.92771
1052000 6.97814
1053000 7.02918
1054000 7.07616
1055000 6.836
1056000 6.88532
1057000 6.93443
1058000 6.97996
1059000 7.03149
1060000 6.78975
1061000 6.83785
1062000 6.88394
1063000 6.93296
1064000 6.98137
1065000 6.75444
1066000 6.80304
1067000 6.84978
1068000 6.89995
1069000 6.94573
1070000 6.71644
1071000 6.76427
1072000 6.81098
1073000 6.85887
1074000 6.90493
1075000 6.6741
1076000 6.72046
1077000 6.76589
1078000 6.81279
1079000 6.86256
1080000 6.63013
1081000 6.67438
1082000 6.71911
1083000 6.76622
1084000 6.81276
1085000 6.58973
1086000 6.63541
1087000 6.67831
1088000 6.72342
1089000 6.76722
1090000 6.54699
1091000 6.59244
1092000 6.63891
1093000 6.68176
1094000 6.72659
1095000 6.50525
1096000 6.55097
1097000 6.5977
1098000 6.64267
1099000 6.68562
1100000 6.471
1101000 6.51629
1102000 6.5608
1103000 6.60439
1104000 6.64874
1105000 6.43387
1106000 6.47958
1107000 6.52569
1108000 6.5697
1109000 6.6128
1110000 6.40981
1111000 6.45288
1112000 6.49873
1113000 6.5408
1114000 6.58336
1115000 6.3764
1116000 6.41991
1117000 6.46049
1118000 6.50346
1119000 6.54462
1120000 6.33594
1121000 6.37764
1122000 6.42026
1123000 6.46098
1124000 6.50354
1125000 6.29793
1126000 6.33734
1127000 6.37778
1128000 6.41982
1129000 6.46351
1130000 6.25617
1131000 6.29654
1132000 6.33685
1133000 6.37631
1134000 6.41698
1135000 6.21245
1136000 6.25158
1137000 6.29445
1138000 6.33589
1139000 6.37318
1140000 6.17696
1141000 6.21706
1142000 6.25453
1143000 6.29292
1144000 6.33326
1145000 6.13748
1146000 6.1796
1147000 6.21444
1148000 6.25421
1149000 6.29163
1150000 6.10155
1151000 6.14228
1152000 6.18106
1153000 6.22104
1154000 6.2584
1155000 6.0696
1156000 6.10704
1157000 6.14329
1158000 6.18155
1159000 6.21964
1160000 6.02424
1161000 6.05987
1162000 6.09874
1163000 6.13485
1164000 6.17354
1165000 5.98332
1166000 6.02003
1167000 6.05667
1168000 6.09378
1169000 6.13228
1170000 5.94712
1171000 5.98648
1172000 6.02313
1173000 6.06177
1174000 6.10004
1175000 5.91172
1176000 5.94873
1177000 5.98629
1178000 6.02194
1179000 6.05654
1180000 5.87841
1181000 5.91607
1182000 5.9544
1183000 5.99066
1184000 6.02684
1185000 5.84969
1186000 5.88569
1187000 5.92352
1188000 5.95922
1189000 5.99535
1190000 5.81652
1191000 5.84995
1192000 5.88608
1193000 5.92242
1194000 5.95837
1195000 5.78101
1196000 5.81834
1197000 5.85347
1198000 5.88892
1199000 5.924
1200000 5.74801
1201000 5.78243
1202000 5.81791
1203000 5.85208
1204000 5.88769
1205000 5.71151
1206000 5.74569
1207000 5.78044
1208000 5.8142
1209000 5.84798
1210000 5.68457
1211000 5.71908
1212000 5.75199
1213000 5.78478
1214000 5.81691
1215000 5.6491
1216000 5.6812
1217000 5.71421
1218000 5.74725
1219000 5.7826
1220000 5.61723
1221000 5.65099
1222000 5.68512
1223000 5.71698
1224000 5.74799
1225000 5.57979
1226000 5.61291
1227000 5.64408
1228000 5.67658
1229000 5.70853
1230000 5.54531
1231000 5.57707
1232000 5.609
1233000 5.64189
1234000 5.67279
1235000 5.51599
1236000 5.54911
1237000 5.58072
1238000 5.61303
1239000 5.64317
1240000 5.47736
1241000 5.50987
1242000 5.54103
1243000 5.56848
1244000 5.59877
1245000 5.44159
1246000 5.4709
1247000 5.50225
1248000 5.53046
1249000 5.56298
1250000 5.40958
1251000 5.44045
1252000 5.47234
1253000 5.50333
1254000 5.53266
1255000 5.37945
1256000 5.4094
1257000 5.44059
1258000 5.46874
1259000 5.49994
1260000 5.34921
1261000 5.3795
1262000 5.40989
1263000 5.4377
1264000 5.46898
1265000 5.31868
1266000 5.34887
1267000 5.3783
1268000 5.40494
1269000 5.4353
1270000 5.2802
1271000 5.30914
1272000 5.33736
1273000 5.36636
1274000 5.39367
1275000 5.2532
1276000 5.28175
1277000 5.31052
1278000 5.33931
1279000 5.36831
1280000 5.22304
1281000 5.25237
1282000 5.28018
1283000 5.30842
1284000 5.33799
1285000 5.18518
1286000 5.21097
1287000 5.23771
1288000 5.26559
1289000 5.29225
1290000 5.15105
1291000 5.18003
1292000 5.20647
1293000 5.23535
1294000 5.26427
1295000 5.12514
1296000 5.15353
1297000 5.18133
1298000 5.21167
1299000 5.23719
1300000 5.09899
1301000 5.12785
1302000 5.15551
1303000 5.1825
1304000 5.20861
1305000 5.0697
1306000 5.09641
1307000 5.12486
1308000 5.15031
1309000 5.17717
1310000 5.04387
1311000 5.07306
1312000 5.10086
1313000 5.12553
1314000 5.15267
1315000 5.01859
1316000 5.0461
1317000 5.07172
1318000 5.09828
1319000 5.12643
1320000 4.99304
1321000 5.01975
1322000 5.04564
1323000 5.07157
1324000 5.09643
1325000 4.96042
1326000 4.98702
1327000 5.01304
1328000 5.03868
1329000 5.06403
1330000 4.93175
1331000 4.95712
1332000 4.98309
1333000 5.00806
1334000 5.03439
1335000 4.90585
1336000 4.93239
1337000 4.95576
1338000 4.98176
1339000 5.00596
1340000 4.87087
1341000 4.89728
1342000 4.92235
1343000 4.94949
1344000 4.97605
1345000 4.84398
1346000 4.86843
1347000 4.89273
1348000 4.91607
1349000 4.94206
1350000 4.81707
1351000 4.84279
1352000 4.86693
1353000 4.89091
1354000 4.91615
1355000 4.79097
1356000 4.81516
1357000 4.83971
1358000 4.86343
1359000 4.88553
1360000 4.75798
1361000 4.78262
1362000 4.8055
1363000 4.83093
1364000 4.85446
1365000 4.72454
1366000 4.74818
1367000 4.77201
1368000 4.79675
1369000 4.81878
1370000 4.6965
1371000 4.71919
1372000 4.74391
1373000 4.76846
1374000 4.79172
1375000 4.66985
1376000 4.69304
1377000 4.71568
1378000 4.73932
1379000 4.76384
1380000 4.64483
1381000 4.67015
1382000 4.69349
1383000 4.71481
1384000 4.73736
1385000 4.62221
1386000 4.64585
1387000 4.66886
1388000 4.69207
1389000 4.71606
1390000 4.59902
1391000 4.62281
1392000 4.64647
1393000 4.67045
1394000 4.69421
1395000 4.57289
1396000 4.59598
1397000 4.61846
1398000 4.64187
1399000 4.66547
1400000 4.54914
1401000 4.57106
1402000 4.59278
1403000 4.61332
1404000 4.63505
1405000 4.51631
1406000 4.53926
1407000 4.56211
1408000 4.5842
1409000 4.60611
1410000 4.49249
1411000 4.51586
1412000 4.53613
1413000 4.56025
1414000 4.58113
1415000 4.46538
1416000 4.48616
1417000 4.5109
1418000 4.53274
1419000 4.556
1420000 4.44479
1421000 4.4655
1422000 4.48705
1423000 4.50825
1424000 4.52976
1425000 4.41886
1426000 4.44008
1427000 4.46158
1428000 4.48312
1429000 4.50351
1430000 4.39409
1431000 4.41479
1432000 4.43541
1433000 4.45727
1434000 4.47925
1435000 4.36755
1436000 4.38985
1437000 4.41217
1438000 4.43282
1439000 4.45463
1440000 4.34296
1441000 4.36571
1442000 4.38682
1443000 4.40697
1444000 4.42821
1445000 4.32069
1446000 4.34269
1447000 4.36406
1448000 4.38557
1449000 4.40585
1450000 4.29209
1451000 4.31319
1452000 4.33552
1453000 4.35624
1454000 4.37733
1455000 4.2717
1456000 4.29371
1457000 4.31407
1458000 4.33389
1459000 4.35513
1460000 4.24694
1461000 4.26831
1462000 4.2907
1463000 4.31079
1464000 4.33227
1465000 4.22504
1466000 4.24585
1467000 4.26843
1468000 4.29046
1469000 4.31098
1470000 4.20422
1471000 4.22407
1472000 4.24329
1473000 4.26358
1474000 4.2824
1475000 4.1796
1476000 4.1988
1477000 4.21982
1478000 4.2406
1479000 4.2603
1480000 4.15254
1481000 4.17252
1482000 4.19254
1483000 4.21322
1484000 4.23474
1485000 4.13763
1486000 4.15995
1487000 4.17991
1488000 4.20007
1489000 4.21958
1490000 4.1182
1491000 4.13815
1492000 4.15955
1493000 4.17908
1494000 4.1988
1495000 4.0955
1496000 4.11393
1497000 4.13189
1498000 4.15077
1499000 4.16924
1500000 4.0714
1501000 4.09106
1502000 4.11096
1503000 4.13175
1504000 4.1519
1505000 4.0532
1506000 4.07345
1507000 4.09382
1508000 4.11406
1509000 4.13341
1510000 4.03704
1511000 4.05492
1512000 4.07294
1513000 4.09351
1514000 4.11295
1515000 4.01541
1516000 4.0345
1517000 4.05427
1518000 4.07433
1519000 4.09162
1520000 3.99155
1521000 4.01139
1522000 4.03105
1523000 4.0515
1524000 4.06988
1525000 3.97137
1526000 3.99
1527000 4.00821
1528000 4.02684
1529000 4.04468
1530000 3.94627
1531000 3.96522
1532000 3.98343
1533000 4.00193
1534000 4.01989
1535000 3.92209
1536000 3.94155
1537000 3.95828
1538000 3.97713
1539000 3.99572
1540000 3.89937
1541000 3.91858
1542000 3.93705
1543000 3.95451
1544000 3.97431
1545000 3.87829
1546000 3.89506
1547000 3.9149
1548000 3.93364
1549000 3.95203
1550000 3.86178
1551000 3.8809
1552000 3.90036
1553000 3.91967
1554000 3.93913
1555000 3.84347
1556000 3.8632
1557000 3.88199
1558000 3.90305
1559000 3.92238
1560000 3.8264
1561000 3.84592
1562000 3.86445
1563000 3.88451
1564000 3.90317
1565000 3.80504
1566000 3.82353
1567000 3.84168
1568000 3.86108
1569000 3.88003
1570000 3.79006
1571000 3.80908
1572000 3.82725
1573000 3.84506
1574000 3.86408
1575000 3.7754
1576000 3.79413
1577000 3.81272
1578000 3.83083
1579000 3.84895
1580000 3.75602
1581000 3.77474
1582000 3.79188
1583000 3.81058
1584000 3.83074
1585000 3.73879
1586000 3.7572
1587000 3.77737
1588000 3.79513
1589000 3.81357
1590000 3.71701
1591000 3.73479
1592000 3.75201
1593000 3.77006
1594000 3.78794
1595000 3.69588
1596000 3.71243
1597000 3.73104
1598000 3.74914
1599000 3.76716
1600000 3.67664
1601000 3.69473
1602000 3.713
1603000 3.73125
1604000 3.74939
1605000 3.65759
1606000 3.67368
1607000 3.69273
1608000 3.71125
1609000 3.72831
1610000 3.63936
1611000 3.65694
1612000 3.67552
1613000 3.69272
1614000 3.70969
1615000 3.61723
1616000 3.63405
1617000 3.65207
1618000 3.6686
1619000 3.68655
1620000 3.59974
1621000 3.61778
1622000 3.63466
1623000 3.65175
1624000 3.66847
1625000 3.57703
1626000 3.59547
1627000 3.61339
1628000 3.63212
1629000 3.64925
1630000 3.56377
1631000 3.58103
1632000 3.59798
1633000 3.61647
1634000 3.63298
1635000 3.54496
1636000 3.5633
1637000 3.58096
1638000 3.59916
1639000 3.61735
1640000 3.53251
1641000 3.54979
1642000 3.56786
1643000 3.58476
1644000 3.60366
1645000 3.51695
1646000 3.5342
1647000 3.55235
1648000 3.57097
1649000 3.58864
1650000 3.50351
1651000 3.52056
1652000 3.53763
1653000 3.55588
1654000 3.57449
1655000 3.48938
1656000 3.50595
1657000 3.52365
1658000 3.54166
1659000 3.55917
1660000 3.47246
1661000 3.48943
1662000 3.50721
1663000 3.5245
1664000 3.54141
1665000 3.45844
1666000 3.47588
1667000 3.49231
1668000 3.50948
1669000 3.52653
1670000 3.44299
1671000 3.46024
1672000 3.47681
1673000 3.49395
1674000 3.51103
1675000 3.42115
1676000 3.43804
1677000 3.45507
1678000 3.47074
1679000 3.48802
1680000 3.40119
1681000 3.41779
1682000 3.43436
1683000 3.45215
1684000 3.46987
1685000 3.38325
1686000 3.40002
1687000 3.41704
1688000 3.43291
1689000 3.45135
1690000 3.36665
1691000 3.38324
1692000 3.39975
1693000 3.41731
1694000 3.43502
1695000 3.35153
1696000 3.36817
1697000 3.3847
1698000 3.40242
1699000 3.42079
1700000 3.33669
1701000 3.35375
1702000 3.3723
1703000 3.38981
1704000 3.4072
1705000 3.31991
1706000 3.33683
1707000 3.35267
1708000 3.36963
1709000 3.3875
1710000 3.30093
1711000 3.31851
1712000 3.3355
1713000 3.3523
1714000 3.37031
1715000 3.28263
1716000 3.29943
1717000 3.31573
1718000 3.33264
1719000 3.34939
1720000 3.26789
1721000 3.28495
1722000 3.30149
1723000 3.31942
1724000 3.33757
1725000 3.25467
1726000 3.27252
1727000 3.28966
1728000 3.30788
1729000 3.32535
1730000 3.24521
1731000 3.26193
1732000 3.27871
1733000 3.29606
1734000 3.31258
1735000 3.22884
1736000 3.24532
1737000 3.26249
1738000 3.28038
1739000 3.29739
1740000 3.21395
1741000 3.2299
1742000 3.24738
1743000 3.26474
1744000 3.28137
1745000 3.19796
1746000 3.21409
1747000 3.2316
1748000 3.24864
1749000 3.26571
1750000 3.19001
1751000 3.20637
1752000 3.22344
1753000 3.23997
1754000 3.25823
1755000 3.18049
1756000 3.19769
1757000 3.21404
1758000 3.23096
1759000 3.2482
1760000 3.16565
1761000 3.18249
1762000 3.1994
1763000 3.21648
1764000 3.23345
1765000 3.15139
1766000 3.16748
1767000 3.18533
1768000 3.20319
1769000 3.22104
1770000 3.13587
1771000 3.1518
1772000 3.16775
1773000 3.18481
1774000 3.20145
1775000 3.11586
1776000 3.13244
1777000 3.14892
1778000 3.16495
1779000 3.1826
1780000 3.10473
1781000 3.12129
1782000 3.13808
1783000 3.15519
1784000 3.17287
1785000 3.09097
1786000 3.10696
1787000 3.12377
1788000 3.14101
1789000 3.15795
1790000 3.08096
1791000 3.09716
1792000 3.1144
1793000 3.13091
1794000 3.14833
1795000 3.06866
1796000 3.08432
1797000 3.10104
1798000 3.11879
1799000 3.13629
1800000 3.05521
1801000 3.07243
1802000 3.08829
1803000 3.10537
1804000 3.12254
1805000 3.038
1806000 3.05442
1807000 3.071
1808000 3.08783
1809000 3.10536
1810000 3.02275
1811000 3.03935
1812000 3.05601
1813000 3.0729
1814000 3.09124
1815000 3.01423
1816000 3.03007
1817000 3.04703
1818000 3.06416
1819000 3.08088
1820000 3.00428
1821000 3.02066
1822000 3.03743
1823000 3.05474
1824000 3.07146
1825000 2.99204
1826000 3.00898
1827000 3.02591
1828000 3.04344
1829000 3.06207
1830000 2.97972
1831000 2.99646
1832000 3.01369
1833000 3.03044
1834000 3.04797
1835000 2.97134
1836000 2.98823
1837000 3.00585
1838000 3.02342
1839000 3.04081
1840000 2.96263
1841000 2.97885
1842000 2.99469
1843000 3.01208
1844000 3.02925
1845000 2.94617
1846000 2.96254
1847000 2.979
1848000 2.99704
1849000 3.01396
1850000 2.93233
1851000 2.94816
1852000 2.96516
1853000 2.98259
1854000 2.99967
1855000 2.91497
1856000 2.93042
1857000 2.94687
1858000 2.96362
1859000 2.98056
1860000 2.89672
1861000 2.91229
1862000 2.92846
1863000 2.94527
1864000 2.96325
1865000 2.88593
1866000 2.90235
1867000 2.91922
1868000 2.9365
1869000 2.95379
1870000 2.87546
1871000 2.89204
1872000 2.9097
1873000 2.92742
1874000 2.94618
1875000 2.86556
1876000 2.88185
1877000 2.89882
1878000 2.91615
1879000 2.93486
1880000 2.85282
1881000 2.87002
1882000 2.88755
1883000 2.90548
1884000 2.92323
1885000 2.8432
1886000 2.86057
1887000 2.87832
1888000 2.89564
1889000 2.91295
1890000 2.83409
1891000 2.85056
1892000 2.86818
1893000 2.88546
1894000 2.90277
1895000 2.82426
1896000 2.84138
1897000 2.85847
1898000 2.87664
1899000 2.89455
1900000 2.81686
1901000 2.83412
1902000 2.85146
1903000 2.86995
1904000 2.8878
1905000 2.8071
1906000 2.82362
1907000 2.8404
1908000 2.85932
1909000 2.87635
1910000 2.79176
1911000 2.80824
1912000 2.82566
1913000 2.84401
1914000 2.86205
1915000 2.77822
1916000 2.79497
1917000 2.81226
1918000 2.83063
1919000 2.84777
1920000 2.76765
1921000 2.78457
1922000 2.80149
1923000 2.81859
1924000 2.83597
1925000 2.7577
1926000 2.7739
1927000 2.79126
1928000 2.80878
1929000 2.82672
1930000 2.74476
1931000 2.76168
1932000 2.77831
1933000 2.79491
1934000 2.81214
1935000 2.72921
1936000 2.74602
1937000 2.76307
1938000 2.78081
1939000 2.79853
1940000 2.72056
1941000 2.73726
1942000 2.75411
1943000 2.77199
1944000 2.79065
1945000 2.71097
1946000 2.72806
1947000 2.74552
1948000 2.76253
1949000 2.78072
1950000 2.70706
1951000 2.7247
1952000 2.74255
1953000 2.76069
1954000 2.77895
1955000 2.69812
1956000 2.71519
1957000 2.73258
1958000 2.75009
1959000 2.76782
1960000 2.68563
1961000 2.70248
1962000 2.71934
1963000 2.73614
1964000 2.75407
1965000 2.67231
1966000 2.68935
1967000 2.70632
1968000 2.72441
1969000 2.74258
1970000 2.66286
1971000 2.67998
1972000 2.69767
1973000 2.71567
1974000 2.73407
1975000 2.65661
1976000 2.67407
1977000 2.69083
1978000 2.70867
1979000 2.72645
1980000 2.6448
1981000 2.66207
1982000 2.67987
1983000 2.69788
1984000 2.71556
1985000 2.63336
1986000 2.6505
1987000 2.66834
1988000 2.68584
1989000 2.7034
1990000 2.6223
1991000 2.63891
1992000 2.65677
1993000 2.67513
1994000 2.69327
1995000 2.61445
1996000 2.63166
1997000 2.64972
1998000 2.66742
1999000 2.68593
2000000 2.60704
2001000 2.62403
2002000 2.64197
2003000 2.66039
2004000 2.67863
2005000 2.60152
2006000 2.61959
2007000 2.63759
2008000 2.6557
2009000 2.67401
2010000 2.58559
2011000 2.60319
2012000 2.62096
2013000 2.63873
2014000 2.65754
2015000 2.58072
2016000 2.59761
2017000 2.61567
2018000 2.63445
2019000 2.65307
2020000 2.57235
2021000 2.58995
2022000 2.60808
2023000 2.62665
2024000 2.64574
2025000 2.55961
2026000 2.5765
2027000 2.59378
2028000 2.61213
2029000 2.63143
2030000 2.5551
2031000 2.57269
2032000 2.59116
2033000 2.60975
2034000 2.62859
2035000 2.5439
2036000 2.56098
2037000 2.57859
2038000 2.59728
2039000 2.6159
2040000 2.53774
2041000 2.55524
2042000 2.57362
2043000 2.5924
2044000 2.61184
2045000 2.53162
2046000 2.5487
2047000 2.56721
2048000 2.58552
2049000 2.60469
2050000 2.5245
2051000 2.54203
2052000 2.56034
2053000 2.57943
2054000 2.59822
2055000 2.5174
2056000 2.5353
2057000 2.55421
2058000 2.57281
2059000 2.59188
2060000 2.50575
2061000 2.52356
2062000 2.54217
2063000 2.56024
2064000 2.57988
2065000 2.50014
2066000 2.51811
2067000 2.53522
2068000 2.55323
2069000 2.57246
2070000 2.49082
2071000 2.50945
2072000 2.52824
2073000 2.54703
2074000 2.56707
2075000 2.47977
2076000 2.49759
2077000 2.51614
2078000 2.53455
2079000 2.55404
2080000 2.47124
2081000 2.48821
2082000 2.50625
2083000 2.52493
2084000 2.5445
2085000 2.45933
2086000 2.47715
2087000 2.49609
2088000 2.51469
2089000 2.53378
2090000 2.44927
2091000 2.467
2092000 2.48573
2093000 2.50462
2094000 2.52375
2095000 2.44087
2096000 2.45876
2097000 2.47703
2098000 2.49559
2099000 2.51409
2100000 2.42882
2101000 2.44694
2102000 2.4648
2103000 2.48438
2104000 2.50374
2105000 2.4226
2106000 2.44081
2107000 2.45952
2108000 2.47864
2109000 2.49838
2110000 2.41616
2111000 2.43392
2112000 2.45175
2113000 2.47103
2114000 2.48996
2115000 2.40974
2116000 2.42761
2117000 2.44589
2118000 2.46532
2119000 2.48517
2120000 2.40535
2121000 2.42356
2122000 2.44223
2123000 2.46131
2124000 2.48106
2125000 2.39467
2126000 2.41251
2127000 2.43152
2128000 2.45082
2129000 2.47039
2130000 2.38896
2131000 2.40661
2132000 2.42497
2133000 2.44419
2134000 2.46431
2135000 2.3777
2136000 2.39609
2137000 2.41502
2138000 2.4352
2139000 2.4548
2140000 2.3732
2141000 2.39149
2142000 2.41032
2143000 2.42983
2144000 2.44938
2145000 2.36867
2146000 2.38616
2147000 2.40509
2148000 2.42501
2149000 2.44495
2150000 2.36099
2151000 2.37936
2152000 2.39811
2153000 2.41714
2154000 2.43664
2155000 2.35448
2156000 2.37228
2157000 2.39129
2158000 2.41099
2159000 2.43106
2160000 2.34624
2161000 2.36444
2162000 2.38299
2163000 2.40233
2164000 2.42205
2165000 2.33766
2166000 2.35605
2167000 2.37521
2168000 2.39453
2169000 2.41454
2170000 2.33601
2171000 2.35463
2172000 2.3734
2173000 2.39293
2174000 2.41283
2175000 2.32893
2176000 2.34779
2177000 2.36691
2178000 2.38695
2179000 2.40757
2180000 2.32446
2181000 2.34356
2182000 2.36251
2183000 2.3819
2184000 2.40216
2185000 2.31792
2186000 2.33669
2187000 2.35609
2188000 2.37592
2189000 2.39641
2190000 2.30839
2191000 2.32685
2192000 2.34577
2193000 2.3659
2194000 2.38617
2195000 2.29708
2196000 2.31584
2197000 2.33505
2198000 2.35491
2199000 2.37556
2200000 2.28947
2201000 2.30806
2202000 2.32781
2203000 2.3479
2204000 2.36782
2205000 2.28118
2206000 2.30021
2207000 2.31899
2208000 2.33876
2209000 2.35913
2210000 2.27404
2211000 2.29274
2212000 2.31223
2213000 2.33278
2214000 2.35397
2215000 2.27015
2216000 2.28928
2217000 2.30964
2218000 2.33014
2219000 2.35112
2220000 2.26029
2221000 2.27939
2222000 2.2991
2223000 2.31934
2224000 2.33997
2225000 2.25687
2226000 2.27589
2227000 2.29632
2228000 2.31746
2229000 2.33796
2230000 2.25371
2231000 2.27303
2232000 2.29324
2233000 2.31347
2234000 2.33451
2235000 2.25102
2236000 2.27022
2237000 2.29035
2238000 2.31087
2239000 2.33232
2240000 2.24277
2241000 2.26238
2242000 2.28269
2243000 2.30368
2244000 2.32516
2245000 2.23582
2246000 2.25546
2247000 2.27576
2248000 2.29646
2249000 2.31768
2250000 2.22916
2251000 2.249
2252000 2.26947
2253000 2.2902
2254000 2.31168
2255000 2.22413
2256000 2.24393
2257000 2.26389
2258000 2.28535
2259000 2.30639
2260000 2.21793
2261000 2.23802
2262000 2.25837
2263000 2.27854
2264000 2.30005
2265000 2.21497
2266000 2.23498
2267000 2.25562
2268000 2.27639
2269000 2.29817
2270000 2.21602
2271000 2.23637
2272000 2.25667
2273000 2.27796
2274000 2.29996
2275000 2.20627
2276000 2.22624
2277000 2.2466
2278000 2.2675
2279000 2.28941
2280000 2.20367
2281000 2.22346
2282000 2.24379
2283000 2.26474
2284000 2.28578
2285000 2.19542
2286000 2.21457
2287000 2.23552
2288000 2.25625
2289000 2.27786
2290000 2.18686
2291000 2.20687
2292000 2.22723
2293000 2.24804
2294000 2.26976
2295000 2.18314
2296000 2.20279
2297000 2.22288
2298000 2.24387
2299000 2.26502
2300000 2.18115
2301000 2.20046
2302000 2.22114
2303000 2.24188
2304000 2.26289
2305000 2.17283
2306000 2.19188
2307000 2.21212
2308000 2.2327
2309000 2.25373
2310000 2.15924
2311000 2.17864
2312000 2.19834
2313000 2.21921
2314000 2.24057
2315000 2.15386
2316000 2.17373
2317000 2.19313
2318000 2.21358
2319000 2.23452
2320000 2.1452
2321000 2.16485
2322000 2.18544
2323000 2.20639
2324000 2.22792
2325000 2.14489
2326000 2.16488
2327000 2.18519
2328000 2.20593
2329000 2.22787
2330000 2.13496
2331000 2.15449
2332000 2.17479
2333000 2.19592
2334000 2.21731
2335000 2.12757
2336000 2.14758
2337000 2.16799
2338000 2.18911
2339000 2.21131
2340000 2.11918
2341000 2.13906
2342000 2.16004
2343000 2.1815
2344000 2.20349
2345000 2.11697
2346000 2.13758
2347000 2.15858
2348000 2.17998
2349000 2.20188
2350000 2.11178
2351000 2.13147
2352000 2.15259
2353000 2.17386
2354000 2.19647
2355000 2.10733
2356000 2.12774
2357000 2.14879
2358000 2.17003
2359000 2.19228
2360000 2.10585
2361000 2.12623
2362000 2.14742
2363000 2.16906
2364000 2.19136
2365000 2.09887
2366000 2.11993
2367000 2.14098
2368000 2.16292
2369000 2.18519
2370000 2.09432
2371000 2.11432
2372000 2.13558
2373000 2.15758
2374000 2.1804
2375000 2.09252
2376000 2.11339
2377000 2.13485
2378000 2.15687
2379000 2.17948
2380000 2.09533
2381000 2.11582
2382000 2.13757
2383000 2.15913
2384000 2.18115
2385000 2.0944
2386000 2.11537
2387000 2.13671
2388000 2.15891
2389000 2.1816
2390000 2.08879
2391000 2.10948
2392000 2.13064
2393000 2.15243
2394000 2.1747
2395000 2.08101
2396000 2.10125
2397000 2.12199
2398000 2.14344
2399000 2.1656
2400000 2.06751
2401000 2.08778
2402000 2.10783
2403000 2.12952
2404000 2.15127
2405000 2.0584
2406000 2.07871
2407000 2.09992
2408000 2.1216
2409000 2.14366
2410000 2.05301
2411000 2.07346
2412000 2.09417
2413000 2.11588
2414000 2.13787
2415000 2.05336
2416000 2.07416
2417000 2.09519
2418000 2.1173
2419000 2.13939
2420000 2.05204
2421000 2.07249
2422000 2.09368
2423000 2.11571
2424000 2.13844
2425000 2.05169
2426000 2.07268
2427000 2.09443
2428000 2.1164
2429000 2.1392
2430000 2.04617
2431000 2.06758
2432000 2.08954
2433000 2.11168
2434000 2.13482
2435000 2.04514
2436000 2.06613
2437000 2.08814
2438000 2.11057
2439000 2.13345
2440000 2.041
2441000 2.06199
2442000 2.08371
2443000 2.10578
2444000 2.12878
2445000 2.02906
2446000 2.05001
2447000 2.07095
2448000 2.09312
2449000 2.11673
2450000 2.02205
2451000 2.04261
2452000 2.0637
2453000 2.08553
2454000 2.1079
2455000 2.01561
2456000 2.03625
2457000 2.05729
2458000 2.07975
2459000 2.10219
2460000 2.00899
2461000 2.03002
2462000 2.05121
2463000 2.07302
2464000 2.09519
2465000 2.00591
2466000 2.02695
2467000 2.04833
2468000 2.07099
2469000 2.09393
2470000 2.00011
2471000 2.02153
2472000 2.04341
2473000 2.0652
2474000 2.0882
2475000 2.00063
2476000 2.0218
2477000 2.04371
2478000 2.06589
2479000 2.08899
2480000 2.00074
2481000 2.02191
2482000 2.0441
2483000 2.06695
2484000 2.09027
2485000 1.99909
2486000 2.01988
2487000 2.04172
2488000 2.06421
2489000 2.08695
2490000 1.99116
2491000 2.01208
2492000 2.03369
2493000 2.05605
2494000 2.07897
2495000 1.98632
2496000 2.00738
2497000 2.02887
2498000 2.05142
2499000 2.07432
2500000 1.98587
2501000 2.00704
2502000 2.02898
2503000 2.05156
2504000 2.07454
2505000 1.98927
2506000 2.01036
2507000 2.0319
2508000 2.05455
2509000 2.07757
2510000 1.98541
2511000 2.0072
2512000 2.02919
2513000 2.05191
2514000 2.07499
2515000 1.98243
2516000 2.00387
2517000 2.02574
2518000 2.04891
2519000 2.07259
2520000 1.97372
2521000 1.99516
2522000 2.01712
2523000 2.03977
2524000 2.06277
2525000 1.97054
2526000 1.99192
2527000 2.01358
2528000 2.03661
2529000 2.06058
2530000 1.96685
2531000 1.98856
2532000 2.01102
2533000 2.03435
2534000 2.05758
2535000 1.96601
2536000 1.98848
2537000 2.01128
2538000 2.03451
2539000 2.05857
2540000 1.96334
2541000 1.98481
2542000 2.00788
2543000 2.03144
2544000 2.05566
2545000 1.96501
2546000 1.98694
2547000 2.00967
2548000 2.03332
2549000 2.05743
2550000 1.9615
2551000 1.98339
2552000 2.00648
2553000 2.02981
2554000 2.05343
2555000 1.95252
2556000 1.97402
2557000 1.99691
2558000 2.02
2559000 2.04421
2560000 1.95144
2561000 1.97326
2562000 1.99563
2563000 2.01885
2564000 2.04265
2565000 1.95239
2566000 1.97488
2567000 1.99804
2568000 2.02181
2569000 2.04594
2570000 1.94939
2571000 1.97129
2572000 1.99368
2573000 2.01745
2574000 2.04133
2575000 1.94298
2576000 1.96514
2577000 1.98771
2578000 2.0114
2579000 2.03539
2580000 1.94035
2581000 1.96212
2582000 1.98494
2583000 2.0084
2584000 2.03261
2585000 1.93217
2586000 1.95378
2587000 1.97671
2588000 2.00022
2589000 2.02483
2590000 1.92616
2591000 1.94856
2592000 1.97096
2593000 1.99434
2594000 2.01898
2595000 1.92138
2596000 1.94291
2597000 1.96598
2598000 1.98961
2599000 2.01369
2600000 1.92651
2601000 1.94952
2602000 1.97296
2603000 1.99708
2604000 2.02121
2605000 1.92547
2606000 1.94781
2607000 1.97117
2608000 1.99488
2609000 2.0195
2610000 1.92854
2611000 1.95062
2612000 1.97397
2613000 1.99823
2614000 2.02263
2615000 1.92121
2616000 1.9431
2617000 1.96629
2618000 1.98999
2619000 2.01444
2620000 1.91342
2621000 1.93546
2622000 1.9584
2623000 1.98211
2624000 2.00628
2625000 1.90909
2626000 1.93143
2627000 1.95466
2628000 1.9788
2629000 2.00397
2630000 1.90798
2631000 1.93065
2632000 1.95467
2633000 1.97879
2634000 2.00369
2635000 1.9107
2636000 1.93364
2637000 1.95717
2638000 1.98161
2639000 2.00631
2640000 1.90493
2641000 1.92734
2642000 1.95091
2643000 1.97541
2644000 2.00053
2645000 1.90764
2646000 1.93033
2647000 1.95393
2648000 1.9774
2649000 2.00202
2650000 1.90434
2651000 1.92716
2652000 1.95093
2653000 1.97562
2654000 2.00032
2655000 1.89807
2656000 1.92095
2657000 1.94444
2658000 1.96902
2659000 1.99423
2660000 1.89681
2661000 1.91948
2662000 1.94348
2663000 1.96792
2664000 1.99306
2665000 1.89448
2666000 1.91731
2667000 1.94107
2668000 1.96562
2669000 1.99094
2670000 1.891
2671000 1.91355
2672000 1.93696
2673000 1.96097
2674000 1.98595
2675000 1.88795
2676000 1.91041
2677000 1.93345
2678000 1.95764
2679000 1.98266
2680000 1.88602
2681000 1.90866
2682000 1.93266
2683000 1.95706
2684000 1.9821
2685000 1.88233
2686000 1.90531
2687000 1.92872
2688000 1.95308
2689000 1.97811
2690000 1.88364
2691000 1.90668
2692000 1.93052
2693000 1.95528
2694000 1.98064
2695000 1.88048
2696000 1.90344
2697000 1.9271
2698000 1.9518
2699000 1.97688
2700000 1.87447
2701000 1.89694
2702000 1.92077
2703000 1.9453
2704000 1.96978
2705000 1.86844
2706000 1.89099
2707000 1.91452
2708000 1.93893
2709000 1.96387
2710000 1.87215
2711000 1.89512
2712000 1.91924
2713000 1.94405
2714000 1.96913
2715000 1.8678
2716000 1.8908
2717000 1.91433
2718000 1.93884
2719000 1.96374
2720000 1.86406
2721000 1.88724
2722000 1.91099
2723000 1.93588
2724000 1.96082
2725000 1.86386
2726000 1.88725
2727000 1.91106
2728000 1.93551
2729000 1.96037
2730000 1.86259
2731000 1.88509
2732000 1.90894
2733000 1.93357
2734000 1.95909
2735000 1.85826
2736000 1.8812
2737000 1.90465
2738000 1.9292
2739000 1.95397
2740000 1.8573
2741000 1.88059
2742000 1.90463
2743000 1.92924
2744000 1.95433
2745000 1.85471
2746000 1.87734
2747000 1.90146
2748000 1.92612
2749000 1.95146
2750000 1.85194
2751000 1.87503
2752000 1.89912
2753000 1.92405
2754000 1.94921
2755000 1.84638
2756000 1.86925
2757000 1.89296
2758000 1.91731
2759000 1.94286
2760000 1.84226
2761000 1.8654
2762000 1.88913
2763000 1.91389
2764000 1.93897
2765000 1.844
2766000 1.86724
2767000 1.89149
2768000 1.91623
2769000 1.94143
2770000 1.84269
2771000 1.86605
2772000 1.89022
2773000 1.91542
2774000 1.9408
2775000 1.83996
2776000 1.86296
2777000 1.88717
2778000 1.91171
2779000 1.93711
2780000 1.84113
2781000 1.86454
2782000 1.88874
2783000 1.91334
2784000 1.93886
2785000 1.8404
2786000 1.86414
2787000 1.88815
2788000 1.91297
2789000 1.93838
2790000 1.83824
2791000 1.86203
2792000 1.88682
2793000 1.91136
2794000 1.93717
2795000 1.83274
2796000 1.85593
2797000 1.8801
2798000 1.90509
2799000 1.93081
2800000 1.83309
2801000 1.85602
2802000 1.88037
2803000 1.90453
2804000 1.92992
2805000 1.83289
2806000 1.85634
2807000 1.88043
2808000 1.90514
2809000 1.93088
2810000 1.82741
2811000 1.8503
2812000 1.87443
2813000 1.89941
2814000 1.925
2815000 1.8257
2816000 1.84908
2817000 1.87349
2818000 1.89836
2819000 1.92446
2820000 1.82847
2821000 1.85216
2822000 1.87679
2823000 1.90222
2824000 1.92787
2825000 1.8309
2826000 1.85497
2827000 1.8799
2828000 1.90516
2829000 1.93099
2830000 1.82942
2831000 1.85332
2832000 1.87806
2833000 1.90371
2834000 1.92979
2835000 1.82652
2836000 1.85047
2837000 1.87544
2838000 1.90128
2839000 1.92726
2840000 1.82849
2841000 1.8521
2842000 1.87666
2843000 1.90198
2844000 1.92817
2845000 1.81869
2846000 1.84254
2847000 1.86703
2848000 1.89228
2849000 1.91795
2850000 1.80971
2851000 1.83326
2852000 1.85793
2853000 1.88296
2854000 1.90874
2855000 1.81067
2856000 1.83438
2857000 1.85906
2858000 1.88409
2859000 1.91026
2860000 1.8095
2861000 1.83322
2862000 1.85787
2863000 1.88354
2864000 1.90938
2865000 1.80916
2866000 1.83294
2867000 1.85717
2868000 1.8822
2869000 1.90855
2870000 1.80478
2871000 1.8287
2872000 1.85396
2873000 1.87964
2874000 1.90621
2875000 1.804
2876000 1.82764
2877000 1.85216
2878000 1.87791
2879000 1.90457
2880000 1.79697
2881000 1.82067
2882000 1.84534
2883000 1.8706
2884000 1.8964
2885000 1.79426
2886000 1.81811
2887000 1.84279
2888000 1.86854
2889000 1.89452
2890000 1.79515
2891000 1.81951
2892000 1.84487
2893000 1.87117
2894000 1.89793
2895000 1.79534
2896000 1.81975
2897000 1.84551
2898000 1.87144
2899000 1.89855
2900000 1.80143
2901000 1.82641
2902000 1.85158
2903000 1.87787
2904000 1.90523
2905000 1.80368
2906000 1.82855
2907000 1.85474
2908000 1.88142
2909000 1.90852
2910000 1.80338
2911000 1.82797
2912000 1.85314
2913000 1.87922
2914000 1.90641
2915000 1.80408
2916000 1.82857
2917000 1.85421
2918000 1.88082
2919000 1.90767
2920000 1.80243
2921000 1.82704
2922000 1.85237
2923000 1.87857
2924000 1.90604
2925000 1.80102
2926000 1.82555
2927000 1.85118
2928000 1.87731
2929000 1.90443
2930000 1.80131
2931000 1.82621
2932000 1.852
2933000 1.87834
2934000 1.90542
2935000 1.80091
2936000 1.82572
2937000 1.85145
2938000 1.87802
2939000 1.90508
2940000 1.8048
2941000 1.82919
2942000 1.85484
2943000 1.88109
2944000 1.90839
2945000 1.80089
2946000 1.82591
2947000 1.85183
2948000 1.87807
2949000 1.90498
2950000 1.79393
2951000 1.81882
2952000 1.84428
2953000 1.87055
2954000 1.89785
2955000 1.79186
2956000 1.81636
2957000 1.84207
2958000 1.86812
2959000 1.89482
2960000 1.78921
2961000 1.81384
2962000 1.83945
2963000 1.86555
2964000 1.89278
2965000 1.78453
2966000 1.80934
2967000 1.83533
2968000 1.86146
2969000 1.88904
2970000 1.77342
2971000 1.79799
2972000 1.82328
2973000 1.84929
2974000 1.87609
2975000 1.77001
2976000 1.79481
2977000 1.82081
2978000 1.84745
2979000 1.87464
2980000 1.78227
2981000 1.80754
2982000 1.83391
2983000 1.86111
2984000 1.88915
2985000 1.78271
2986000 1.80798
2987000 1.83451
2988000 1.86151
2989000 1.8894
2990000 1.78198
2991000 1.80745
2992000 1.83395
2993000 1.86126
2994000 1.88932
2995000 1.78371
2996000 1.8093
2997000 1.83576
2998000 1.86251
2999000 1.89072
3000000 1.781
3001000 1.80647
3002000 1.83238
3003000 1.85928
3004000 1.88653
3005000 1.77937
3006000 1.80468
3007000 1.83062
3008000 1.85743
3009000 1.88504
3010000 1.78243
3011000 1.80745
3012000 1.83344
3013000 1.86035
3014000 1.88837
3015000 1.77949
3016000 1.80475
3017000 1.83102
3018000 1.85799
3019000 1.88569
3020000 1.78169
3021000 1.80743
3022000 1.83403
3023000 1.861
3024000 1.88912
3025000 1.78337
3026000 1.80847
3027000 1.83537
3028000 1.86271
3029000 1.89084
3030000 1.78554
3031000 1.81101
3032000 1.8376
3033000 1.86505
3034000 1.8932
3035000 1.78212
3036000 1.80806
3037000 1.83461
3038000 1.86172
3039000 1.89002
3040000 1.78086
3041000 1.80633
3042000 1.8328
3043000 1.86017
3044000 1.88844
3045000 1.7762
3046000 1.80168
3047000 1.82746
3048000 1.85487
3049000 1.88292
3050000 1.77692
3051000 1.80229
3052000 1.82856
3053000 1.85562
3054000 1.88305
3055000 1.77783
3056000 1.80311
3057000 1.82961
3058000 1.85695
3059000 1.88478
3060000 1.77417
3061000 1.7995
3062000 1.82593
3063000 1.85307
3064000 1.88086
3065000 1.76938
3066000 1.7947
3067000 1.82114
3068000 1.84838
3069000 1.87616
3070000 1.76902
3071000 1.79493
3072000 1.82237
3073000 1.85015
3074000 1.87879
3075000 1.76844
3076000 1.7946
3077000 1.82201
3078000 1.8502
3079000 1.87902
3080000 1.77597
3081000 1.80246
3082000 1.82981
3083000 1.85797
3084000 1.88683
3085000 1.77248
3086000 1.79902
3087000 1.82617
3088000 1.85438
3089000 1.88322
3090000 1.77715
3091000 1.80324
3092000 1.8304
3093000 1.85864
3094000 1.8873
3095000 1.77971
3096000 1.80598
3097000 1.83335
3098000 1.86156
3099000 1.89021
3100000 1.77971
3101000 1.80596
3102000 1.83323
3103000 1.86158
3104000 1.89087
3105000 1.77928
3106000 1.80553
3107000 1.8328
3108000 1.86073
3109000 1.88958
3110000 1.7805
3111000 1.80674
3112000 1.83414
3113000 1.86203
3114000 1.89101
3115000 1.7819
3116000 1.80824
3117000 1.83522
3118000 1.86311
3119000 1.8914
3120000 1.77937
3121000 1.80552
3122000 1.83239
3123000 1.86068
3124000 1.88903
3125000 1.7787
3126000 1.8047
3127000 1.83164
3128000 1.85942
3129000 1.88791
3130000 1.77653
3131000 1.80219
3132000 1.82891
3133000 1.85624
3134000 1.88455
3135000 1.77154
3136000 1.79705
3137000 1.82373
3138000 1.85097
3139000 1.87941
3140000 1.76592
3141000 1.79154
3142000 1.81806
3143000 1.84572
3144000 1.8742
3145000 1.7675
3146000 1.79319
3147000 1.81981
3148000 1.84722
3149000 1.8756
3150000 1.76428
3151000 1.79027
3152000 1.81746
3153000 1.8454
3154000 1.87408
3155000 1.76908
3156000 1.79534
3157000 1.82262
3158000 1.85057
3159000 1.87966
3160000 1.76391
3161000 1.79014
3162000 1.81748
3163000 1.8459
3164000 1.87463
3165000 1.75956
3166000 1.7859
3167000 1.81357
3168000 1.84166
3169000 1.87102
3170000 1.7682
3171000 1.79519
3172000 1.82294
3173000 1.85161
3174000 1.88094
3175000 1.76777
3176000 1.79447
3177000 1.82223
3178000 1.85073
3179000 1.88011
3180000 1.76483
3181000 1.7911
3182000 1.81863
3183000 1.84735
3184000 1.8768
3185000 1.77179
3186000 1.79882
3187000 1.82665
3188000 1.85562
3189000 1.88513
3190000 1.7711
3191000 1.79816
3192000 1.82624
3193000 1.85517
3194000 1.88524
3195000 1.77294
3196000 1.80009
3197000 1.82833
3198000 1.85735
3199000 1.88734
3200000 1.77308
3201000 1.80001
3202000 1.82774
3203000 1.85668
3204000 1.88617
3205000 1.77553
3206000 1.80253
3207000 1.83086
3208000 1.86015
3209000 1.89
3210000 1.77572
3211000 1.80272
3212000 1.83073
3213000 1.85962
3214000 1.88931
3215000 1.77632
3216000 1.80308
3217000 1.83072
3218000 1.85948
3219000 1.88889
3220000 1.77222
3221000 1.7991
3222000 1.8268
3223000 1.85532
3224000 1.88447
3225000 1.77163
3226000 1.79808
3227000 1.82519
3228000 1.85358
3229000 1.88244
3230000 1.76263
3231000 1.78873
3232000 1.81517
3233000 1.84334
3234000 1.8723
3235000 1.76493
3236000 1.79161
3237000 1.81926
3238000 1.84786
3239000 1.87696
3240000 1.76313
3241000 1.78981
3242000 1.81696
3243000 1.84512
3244000 1.87417
3245000 1.76734
3246000 1.79413
3247000 1.82186
3248000 1.85078
3249000 1.8801
3250000 1.7699
3251000 1.797
3252000 1.82415
3253000 1.85282
3254000 1.8824
3255000 1.76637
3256000 1.79303
3257000 1.82057
3258000 1.84898
3259000 1.87851
3260000 1.76203
3261000 1.78817
3262000 1.81548
3263000 1.84369
3264000 1.87225
3265000 1.75852
3266000 1.7848
3267000 1.81198
3268000 1.8404
3269000 1.86937
3270000 1.75724
3271000 1.78379
3272000 1.81141
3273000 1.83995
3274000 1.86914
3275000 1.75289
3276000 1.7796
3277000 1.80751
3278000 1.8361
3279000 1.86581
3280000 1.75035
3281000 1.77715
3282000 1.8054
3283000 1.83396
3284000 1.86414
3285000 1.75486
3286000 1.78192
3287000 1.80956
3288000 1.83858
3289000 1.86851
3290000 1.75226
3291000 1.77918
3292000 1.80708
3293000 1.83594
3294000 1.86572
3295000 1.75446
3296000 1.78203
3297000 1.81018
3298000 1.83918
3299000 1.86917
3300000 1.75636
3301000 1.78388
3302000 1.81225
3303000 1.84142
3304000 1.87146
3305000 1.76038
3306000 1.78805
3307000 1.81611
3308000 1.84562
3309000 1.87602
3310000 1.76477
3311000 1.79272
3312000 1.82144
3313000 1.85082
3314000 1.88138
3315000 1.76076
3316000 1.78842
3317000 1.81628
3318000 1.8451
3319000 1.87532
3320000 1.76278
3321000 1.79009
3322000 1.81843
3323000 1.84789
3324000 1.87781
3325000 1.76904
3326000 1.79684
3327000 1.82561
3328000 1.85535
3329000 1.88579
3330000 1.76868
3331000 1.79607
3332000 1.8245
3333000 1.85383
3334000 1.88389
3335000 1.77688
3336000 1.80441
3337000 1.8325
3338000 1.86181
3339000 1.89178
3340000 1.7821
3341000 1.80976
3342000 1.83828
3343000 1.86782
3344000 1.8981
3345000 1.771
3346000 1.79813
3347000 1.82622
3348000 1.85517
3349000 1.88519
3350000 1.76941
3351000 1.79637
3352000 1.82453
3353000 1.85342
3354000 1.88345
3355000 1.76722
3356000 1.79473
3357000 1.82309
3358000 1.85257
3359000 1.88302
3360000 1.76329
3361000 1.79061
3362000 1.819
3363000 1.84828
3364000 1.87848
3365000 1.76827
3366000 1.79545
3367000 1.82372
3368000 1.85298
3369000 1.883
3370000 1.7679
3371000 1.79544
3372000 1.82438
3373000 1.85363
3374000 1.88386
3375000 1.76935
3376000 1.79689
3377000 1.82553
3378000 1.85463
3379000 1.88505
3380000 1.7717
3381000 1.79913
3382000 1.82782
3383000 1.8574
3384000 1.88795
3385000 1.76878
3386000 1.79641
3387000 1.82484
3388000 1.85433
3389000 1.88483
3390000 1.76432
3391000 1.7916
3392000 1.81989
3393000 1.84946
3394000 1.87969
3395000 1.76478
3396000 1.79279
3397000 1.82129
3398000 1.8508
3399000 1.88143
3400000 1.76112
3401000 1.78902
3402000 1.81816
3403000 1.84814
3404000 1.87897
3405000 1.76279
3406000 1.79116
3407000 1.8207
3408000 1.8506
3409000 1.88183
3410000 1.77118
3411000 1.79927
3412000 1.82879
3413000 1.85901
3414000 1.89029
3415000 1.77433
3416000 1.80227
3417000 1.83173
3418000 1.862
3419000 1.89283
3420000 1.77674
3421000 1.8046
3422000 1.83395
3423000 1.86412
3424000 1.89495
3425000 1.77293
3426000 1.80062
3427000 1.82951
3428000 1.85901
3429000 1.88949
3430000 1.7698
3431000 1.79745
3432000 1.82603
3433000 1.85569
3434000 1.88652
3435000 1.76567
3436000 1.79344
3437000 1.82237
3438000 1.85215
3439000 1.88305
3440000 1.7698
3441000 1.79795
3442000 1.8272
3443000 1.85755
3444000 1.88873
3445000 1.77193
3446000 1.80027
3447000 1.82932
3448000 1.85927
3449000 1.89057
3450000 1.77875
3451000 1.80717
3452000 1.83649
3453000 1.86698
3454000 1.89791
3455000 1.7778
3456000 1.80632
3457000 1.83602
3458000 1.86667
3459000 1.89826
3460000 1.77591
3461000 1.80402
3462000 1.83309
3463000 1.86306
3464000 1.89409
3465000 1.77197
3466000 1.80038
3467000 1.82967
3468000 1.85962
3469000 1.89054
3470000 1.7657
3471000 1.79383
3472000 1.823
3473000 1.85278
3474000 1.88364
3475000 1.77149
3476000 1.80016
3477000 1.82969
3478000 1.85995
3479000 1.89101
3480000 1.77884
3481000 1.80731
3482000 1.8369
3483000 1.86787
3484000 1.89892
3485000 1.77494
3486000 1.8031
3487000 1.83207
3488000 1.86227
3489000 1.89373
3490000 1.76866
3491000 1.7968
3492000 1.82607
3493000 1.85613
3494000 1.88732
3495000 1.76857
3496000 1.79698
3497000 1.82594
3498000 1.85596
3499000 1.88714
3500000 1.77357
3501000 1.80185
3502000 1.83122
3503000 1.86181
3504000 1.89321
3505000 1.77954
3506000 1.80798
3507000 1.83754
3508000 1.86797
3509000 1.89989
3510000 1.78243
3511000 1.81112
3512000 1.84085
3513000 1.87134
3514000 1.90294
3515000 1.78078
3516000 1.80945
3517000 1.83884
3518000 1.86899
3519000 1.89995
3520000 1.78009
3521000 1.80795
3522000 1.83744
3523000 1.86796
3524000 1.8992
3525000 1.78318
3526000 1.81173
3527000 1.84162
3528000 1.87194
3529000 1.90338
3530000 1.78234
3531000 1.81111
3532000 1.84058
3533000 1.87086
3534000 1.90197
3535000 1.77402
3536000 1.80234
3537000 1.83167
3538000 1.86191
3539000 1.89314
3540000 1.77404
3541000 1.80242
3542000 1.83204
3543000 1.86247
3544000 1.89357
3545000 1.77674
3546000 1.80495
3547000 1.8344
3548000 1.86456
3549000 1.8957
3550000 1.77603
3551000 1.80425
3552000 1.83342
3553000 1.86414
3554000 1.8954
3555000 1.77383
3556000 1.80278
3557000 1.83255
3558000 1.86323
3559000 1.89518
3560000 1.77436
3561000 1.80325
3562000 1.83287
3563000 1.86356
3564000 1.8952
3565000 1.77874
3566000 1.80789
3567000 1.83803
3568000 1.86888
3569000 1.90062
3570000 1.77718
3571000 1.80622
3572000 1.83603
3573000 1.86673
3574000 1.8986
3575000 1.7763
3576000 1.80491
3577000 1.83467
3578000 1.86563
3579000 1.89701
3580000 1.77259
3581000 1.80124
3582000 1.83078
3583000 1.86117
3584000 1.89259
3585000 1.77497
3586000 1.80382
3587000 1.83387
3588000 1.86485
3589000 1.89665
3590000 1.77682
3591000 1.80619
3592000 1.83661
3593000 1.8679
3594000 1.9007
3595000 1.78864
3596000 1.81838
3597000 1.84867
3598000 1.88031
3599000 1.91287
3600000 1.79196
3601000 1.82113
3602000 1.85164
3603000 1.88327
3604000 1.91554
3605000 1.79525
3606000 1.82484
3607000 1.85542
3608000 1.88679
3609000 1.91926
3610000 1.80035
3611000 1.82973
3612000 1.86066
3613000 1.89219
3614000 1.92437
3615000 1.79523
3616000 1.82429
3617000 1.85463
3618000 1.88559
3619000 1.91779
3620000 1.79226
3621000 1.82114
3622000 1.85135
3623000 1.88233
3624000 1.91435
3625000 1.78638
3626000 1.81512
3627000 1.84487
3628000 1.87593
3629000 1.90785
3630000 1.79045
3631000 1.81951
3632000 1.84943
3633000 1.88079
3634000 1.9126
3635000 1.79021
3636000 1.81929
3637000 1.84946
3638000 1.88069
3639000 1.91269
3640000 1.79002
3641000 1.81926
3642000 1.84941
3643000 1.88081
3644000 1.91274
3645000 1.78959
3646000 1.81914
3647000 1.84937
3648000 1.88065
3649000 1.9131
3650000 1.79342
3651000 1.82247
3652000 1.85262
3653000 1.88418
3654000 1.9167
3655000 1.79604
3656000 1.82524
3657000 1.85548
3658000 1.88699
3659000 1.91943
3660000 1.79632
3661000 1.82534
3662000 1.856
3663000 1.88758
3664000 1.92019
3665000 1.79517
3666000 1.82446
3667000 1.85473
3668000 1.88601
3669000 1.91808
3670000 1.78632
3671000 1.81556
3672000 1.84589
3673000 1.87712
3674000 1.90923
3675000 1.79163
3676000 1.82115
3677000 1.85182
3678000 1.88331
3679000 1.91599
3680000 1.79116
3681000 1.82068
3682000 1.8515
3683000 1.88328
3684000 1.91581
3685000 1.80088
3686000 1.83088
3687000 1.86176
3688000 1.89388
3689000 1.92642
3690000 1.7963
3691000 1.82579
3692000 1.85657
3693000 1.8886
3694000 1.92122
3695000 1.79562
3696000 1.82529
3697000 1.85598
3698000 1.88777
3699000 1.92055
3700000 1.78816
3701000 1.81711
3702000 1.84727
3703000 1.87837
3704000 1.91066
3705000 1.78962
3706000 1.81924
3707000 1.84976
3708000 1.88122
3709000 1.91371
3710000 1.79742
3711000 1.82718
3712000 1.85798
3713000 1.88983
3714000 1.92232
3715000 1.79865
3716000 1.82854
3717000 1.85934
3718000 1.8911
3719000 1.92356
3720000 1.80018
3721000 1.82948
3722000 1.86033
3723000 1.89172
3724000 1.92392
3725000 1.80294
3726000 1.83272
3727000 1.86338
3728000 1.89521
3729000 1.92734
3730000 1.80486
3731000 1.83477
3732000 1.8656
3733000 1.89767
3734000 1.93029
3735000 1.81071
3736000 1.84081
3737000 1.87184
3738000 1.90374
3739000 1.93665
3740000 1.81099
3741000 1.84097
3742000 1.87132
3743000 1.90318
3744000 1.93562
3745000 1.80714
3746000 1.83657
3747000 1.86724
3748000 1.89875
3749000 1.9314
3750000 1.80514
3751000 1.83488
3752000 1.86571
3753000 1.89753
3754000 1.92999
3755000 1.80706
3756000 1.83702
3757000 1.86785
3758000 1.89967
3759000 1.93251
3760000 1.81132
3761000 1.84098
3762000 1.87183
3763000 1.90366
3764000 1.93636
3765000 1.80437
3766000 1.83398
3767000 1.86483
3768000 1.89644
3769000 1.92909
3770000 1.81038
3771000 1.84049
3772000 1.87123
3773000 1.90327
3774000 1.93659
3775000 1.81518
3776000 1.845
3777000 1.87604
3778000 1.90821
3779000 1.94164
3780000 1.81855
3781000 1.84874
3782000 1.88021
3783000 1.91231
3784000 1.94533
3785000 1.81809
3786000 1.84803
3787000 1.87906
3788000 1.91124
3789000 1.94451
3790000 1.81281
3791000 1.84241
3792000 1.87348
3793000 1.90563
3794000 1.93855
3795000 1.81116
3796000 1.84126
3797000 1.87207
3798000 1.90422
3799000 1.93759
3800000 1.80998
3801000 1.83993
3802000 1.87104
3803000 1.90308
3804000 1.9363
3805000 1.81478
3806000 1.84489
3807000 1.87613
3808000 1.90852
3809000 1.94215
3810000 1.81369
3811000 1.84406
3812000 1.87531
3813000 1.90794
3814000 1.94078
3815000 1.81505
3816000 1.84545
3817000 1.87675
3818000 1.90938
3819000 1.94274
3820000 1.81756
3821000 1.84777
3822000 1.87925
3823000 1.9113
3824000 1.94475
3825000 1.8213
3826000 1.85186
3827000 1.88302
3828000 1.91586
3829000 1.94942
3830000 1.82498
3831000 1.85578
3832000 1.8874
3833000 1.92005
3834000 1.9535
3835000 1.82362
3836000 1.85426
3837000 1.8861
3838000 1.91905
3839000 1.95301
3840000 1.8283
3841000 1.85888
3842000 1.89036
3843000 1.9228
3844000 1.95633
3845000 1.82712
3846000 1.85754
3847000 1.88949
3848000 1.92232
3849000 1.95603
3850000 1.82774
3851000 1.85819
3852000 1.88982
3853000 1.92241
3854000 1.95604
3855000 1.82756
3856000 1.8579
3857000 1.88933
3858000 1.92209
3859000 1.95574
3860000 1.82362
3861000 1.85393
3862000 1.88549
3863000 1.91773
3864000 1.95091
3865000 1.82178
3866000 1.85207
3867000 1.88328
3868000 1.91557
3869000 1.94888
3870000 1.82835
3871000 1.85902
3872000 1.89111
3873000 1.92409
3874000 1.95832
3875000 1.82539
3876000 1.85571
3877000 1.88773
3878000 1.92095
3879000 1.95476
3880000 1.82676
3881000 1.85748
3882000 1.88922
3883000 1.92206
3884000 1.95583
3885000 1.82658
3886000 1.85702
3887000 1.88835
3888000 1.92129
3889000 1.955
3890000 1.82923
3891000 1.85983
3892000 1.89164
3893000 1.92452
3894000 1.95806
3895000 1.83277
3896000 1.86325
3897000 1.89509
3898000 1.92763
3899000 1.9609
3900000 1.83478
3901000 1.86526
3902000 1.89678
3903000 1.92967
3904000 1.96304
3905000 1.83478
3906000 1.86549
3907000 1.89725
3908000 1.93024
3909000 1.96405
3910000 1.83199
3911000 1.86294
3912000 1.89468
3913000 1.92711
3914000 1.96083
3915000 1.84042
3916000 1.87109
3917000 1.90324
3918000 1.93636
3919000 1.97019
3920000 1.84062
3921000 1.87141
3922000 1.90333
3923000 1.93625
3924000 1.97026
3925000 1.83751
3926000 1.86817
3927000 1.90009
3928000 1.93305
3929000 1.96682
3930000 1.84347
3931000 1.87438
3932000 1.90634
3933000 1.9393
3934000 1.97366
3935000 1.848
3936000 1.87891
3937000 1.91104
3938000 1.94429
3939000 1.97838
3940000 1.84085
3941000 1.87149
3942000 1.9035
3943000 1.93633
3944000 1.97022
3945000 1.84045
3946000 1.87053
3947000 1.9022
3948000 1.93488
3949000 1.96884
3950000 1.83611
3951000 1.86687
3952000 1.89842
3953000 1.93114
3954000 1.9645
3955000 1.83532
3956000 1.86622
3957000 1.89821
3958000 1.93085
3959000 1.96488
3960000 1.83208
3961000 1.86261
3962000 1.89441
3963000 1.9273
3964000 1.96137
3965000 1.83803
3966000 1.86916
3967000 1.90158
3968000 1.93481
3969000 1.96913
3970000 1.84906
3971000 1.88046
3972000 1.91317
3973000 1.94659
3974000 1.98105
3975000 1.8521
3976000 1.88343
3977000 1.91567
3978000 1.94916
3979000 1.98369
3980000 1.85877
3981000 1.89014
3982000 1.92256
3983000 1.95594
3984000 1.99038
3985000 1.85464
3986000 1.88579
3987000 1.91782
3988000 1.95119
3989000 1.98547
3990000 1.85289
3991000 1.88389
3992000 1.91612
3993000 1.94965
3994000 1.98388
3995000 1.85224
3996000 1.88317
3997000 1.9155
3998000 1.94931
3999000 1.98357
4000000 1.85609
4001000 1.88731
4002000 1.91953
4003000 1.95343
4004000 1.98767
4005000 1.85415
4006000 1.88528
4007000 1.91767
4008000 1.95117
4009000 1.98525
4010000 1.85597
4011000 1.8873
4012000 1.91963
4013000 1.95333
4014000 1.9877
4015000 1.85526
4016000 1.88681
4017000 1.9195
4018000 1.95338
4019000 1.98785
4020000 1.85159
4021000 1.88306
4022000 1.91558
4023000 1.9493
4024000 1.98391
4025000 1.85431
4026000 1.88568
4027000 1.91824
4028000 1.95214
4029000 1.98671
4030000 1.85372
4031000 1.88536
4032000 1.9178
4033000 1.95172
4034000 1.98644
4035000 1.85841
4036000 1.88988
4037000 1.92249
4038000 1.95658
4039000 1.9916
4040000 1.85705
4041000 1.88827
4042000 1.92098
4043000 1.95469
4044000 1.98955
4045000 1.85683
4046000 1.88844
4047000 1.92121
4048000 1.95565
4049000 1.99093
4050000 1.8606
4051000 1.89276
4052000 1.92573
4053000 1.96
4054000 1.99512
4055000 1.85749
4056000 1.88909
4057000 1.92184
4058000 1.95589
4059000 1.99113
4060000 1.86371
4061000 1.89561
4062000 1.92827
4063000 1.96226
4064000 1.99719
4065000 1.86776
4066000 1.89977
4067000 1.93316
4068000 1.96729
4069000 2.00247
4070000 1.87116
4071000 1.90268
4072000 1.936
4073000 1.97024
4074000 2.0056
4075000 1.87617
4076000 1.90777
4077000 1.94063
4078000 1.97515
4079000 2.0102
4080000 1.87831
4081000 1.91008
4082000 1.94306
4083000 1.97703
4084000 2.01231
4085000 1.87645
4086000 1.90798
4087000 1.94087
4088000 1.97502
4089000 2.00995
4090000 1.86768
4091000 1.89922
4092000 1.93201
4093000 1.96577
4094000 2.00098
4095000 1.87201
4096000 1.90365
4097000 1.93618
4098000 1.97024
4099000 2.00491
4100000 1.8694
4101000 1.90071
4102000 1.93306
4103000 1.96642
4104000 2.00095
4105000 1.86769
4106000 1.89875
4107000 1.93144
4108000 1.96491
4109000 1.99916
4110000 1.871
4111000 1.90233
4112000 1.93474
4113000 1.96826
4114000 2.00269
4115000 1.87331
4116000 1.90478
4117000 1.93778
4118000 1.97167
4119000 2.00636
4120000 1.86932
4121000 1.90064
4122000 1.93326
4123000 1.96684
4124000 2.00106
4125000 1.8772
4126000 1.90862
4127000 1.94124
4128000 1.97499
4129000 2.00974
4130000 1.87601
4131000 1.90735
4132000 1.94022
4133000 1.97359
4134000 2.00838
4135000 1.87901
4136000 1.91045
4137000 1.94281
4138000 1.97631
4139000 2.01071
4140000 1.87426
4141000 1.90546
4142000 1.9377
4143000 1.97135
4144000 2.00557
4145000 1.87503
4146000 1.90648
4147000 1.93912
4148000 1.97204
4149000 2.00666
4150000 1.88439
4151000 1.91617
4152000 1.94921
4153000 1.98331
4154000 2.01815
4155000 1.88417
4156000 1.91537
4157000 1.94789
4158000 1.98129
4159000 2.01619
4160000 1.88413
4161000 1.91549
4162000 1.94809
4163000 1.98177
4164000 2.01626
4165000 1.88792
4166000 1.91928
4167000 1.95169
4168000 1.98549
4169000 2.02033
4170000 1.88532
4171000 1.91684
4172000 1.94936
4173000 1.98304
4174000 2.01763
4175000 1.88564
4176000 1.91664
4177000 1.94869
4178000 1.98244
4179000 2.01698
4180000 1.88224
4181000 1.91348
4182000 1.94626
4183000 1.9797
4184000 2.01415
4185000 1.88732
4186000 1.91837
4187000 1.95116
4188000 1.98482
4189000 2.01982
4190000 1.88803
4191000 1.91972
4192000 1.95264
4193000 1.98677
4194000 2.02168
4195000 1.89372
4196000 1.92609
4197000 1.95944
4198000 1.99423
4199000 2.02973
4200000 1.8855
4201000 1.91756
4202000 1.951
4203000 1.98513
4204000 2.02073
4205000 1.8893
4206000 1.92158
4207000 1.9552
4208000 1.99002
4209000 2.02581
4210000 1.88863
4211000 1.92098
4212000 1.95449
4213000 1.989
4214000 2.02479
4215000 1.89738
4216000 1.93001
4217000 1.96378
4218000 1.99834
4219000 2.03417
4220000 1.89442
4221000 1.92719
4222000 1.96137
4223000 1.99647
4224000 2.03225
4225000 1.9029
4226000 1.93552
4227000 1.96961
4228000 2.00461
4229000 2.04033
4230000 1.90399
4231000 1.93628
4232000 1.96972
4233000 2.00461
4234000 2.04032
4235000 1.90101
4236000 1.93312
4237000 1.96658
4238000 2.00125
4239000 2.03698
4240000 1.90125
4241000 1.93371
4242000 1.9674
4243000 2.00222
4244000 2.0378
4245000 1.90042
4246000 1.93281
4247000 1.96602
4248000 2.00083
4249000 2.03681
4250000 1.89967
4251000 1.93227
4252000 1.96586
4253000 2.00063
4254000 2.03691
4255000 1.90983
4256000 1.94239
4257000 1.97653
4258000 2.01179
4259000 2.04781
4260000 1.91656
4261000 1.94925
4262000 1.9834
4263000 2.01824
4264000 2.05455
4265000 1.91705
4266000 1.94949
4267000 1.98335
4268000 2.01836
4269000 2.05433
4270000 1.91535
4271000 1.94761
4272000 1.98094
4273000 2.01592
4274000 2.0513
4275000 1.91001
4276000 1.94245
4277000 1.97615
4278000 2.01088
4279000 2.04701
4280000 1.91681
4281000 1.94942
4282000 1.98318
4283000 2.01851
4284000 2.05452
4285000 1.92233
4286000 1.95499
4287000 1.9884
4288000 2.02351
4289000 2.05953
4290000 1.92049
4291000 1.95281
4292000 1.98659
4293000 2.02156
4294000 2.05765
4295000 1.91695
4296000 1.94896
4297000 1.98276
4298000 2.01739
4299000 2.05327
4300000 1.91835
4301000 1.95136
4302000 1.9856
4303000 2.02061
4304000 2.05715
4305000 1.92444
4306000 1.95771
4307000 1.99218
4308000 2.02789
4309000 2.06478
4310000 1.9343
4311000 1.96819
4312000 2.00299
4313000 2.039
4314000 2.07604
4315000 1.92998
4316000 1.96317
4317000 1.99778
4318000 2.03341
4319000 2.07009
4320000 1.93625
4321000 1.9694
4322000 2.00384
4323000 2.03951
4324000 2.07635
4325000 1.93543
4326000 1.96905
4327000 2.0035
4328000 2.03954
4329000 2.07649
4330000 1.93641
4331000 1.96983
4332000 2.00423
4333000 2.04021
4334000 2.07737
4335000 1.93887
4336000 1.97255
4337000 2.00731
4338000 2.04363
4339000 2.08074
4340000 1.93688
4341000 1.97038
4342000 2.00569
4343000 2.04212
4344000 2.07959
4345000 1.94021
4346000 1.97426
4347000 2.00933
4348000 2.04576
4349000 2.0832
4350000 1.9431
4351000 1.97704
4352000 2.01244
4353000 2.04871
4354000 2.08621
4355000 1.93636
4356000 1.97035
4357000 2.0053
4358000 2.04116
4359000 2.07836
4360000 1.93367
4361000 1.96708
4362000 2.00175
4363000 2.03764
4364000 2.07469
4365000 1.93378
4366000 1.96688
4367000 2.00169
4368000 2.03773
4369000 2.07482
4370000 1.94181
4371000 1.97553
4372000 2.01068
4373000 2.04684
4374000 2.08386
4375000 1.94562
4376000 1.97902
4377000 2.01395
4378000 2.04985
4379000 2.08686
4380000 1.9541
4381000 1.98795
4382000 2.02342
4383000 2.05974
4384000 2.09654
4385000 1.94629
4386000 1.9798
4387000 2.01473
4388000 2.05069
4389000 2.08772
4390000 1.94966
4391000 1.98305
4392000 2.0178
4393000 2.05341
4394000 2.09013
4395000 1.95406
4396000 1.98736
4397000 2.02173
4398000 2.05754
4399000 2.09469
4400000 1.96196
4401000 1.99564
4402000 2.03066
4403000 2.06724
4404000 2.10438
4405000 1.96812
4406000 2.00195
4407000 2.03719
4408000 2.07305
4409000 2.11035
4410000 1.96968
4411000 2.00347
4412000 2.03837
4413000 2.07443
4414000 2.1115
4415000 1.96588
4416000 1.99955
4417000 2.03447
4418000 2.0704
4419000 2.10775
4420000 1.96402
4421000 1.99782
4422000 2.03322
4423000 2.06964
4424000 2.10697
4425000 1.96144
4426000 1.9949
4427000 2.03007
4428000 2.06634
4429000 2.10334
4430000 1.96147
4431000 1.99519
4432000 2.03021
4433000 2.06656
4434000 2.10376
4435000 1.96463
4436000 1.99857
4437000 2.03379
4438000 2.07
4439000 2.10737
4440000 1.95571
4441000 1.9896
4442000 2.02426
4443000 2.06041
4444000 2.09756
4445000 1.95914
4446000 1.99314
4447000 2.02826
4448000 2.06496
4449000 2.10282
4450000 1.96333
4451000 1.99716
4452000 2.03267
4453000 2.06982
4454000 2.10749
4455000 1.96429
4456000 1.99825
4457000 2.03385
4458000 2.07063
4459000 2.10871
4460000 1.97022
4461000 2.00469
4462000 2.04014
4463000 2.07715
4464000 2.11551
4465000 1.97473
4466000 2.00886
4467000 2.04455
4468000 2.08157
4469000 2.11965
4470000 1.97907
4471000 2.01314
4472000 2.04868
4473000 2.08549
4474000 2.12312
4475000 1.97348
4476000 2.00795
4477000 2.04371
4478000 2.08034
4479000 2.11788
4480000 1.98074
4481000 2.0148
4482000 2.05069
4483000 2.0874
4484000 2.12515
4485000 1.97937
4486000 2.01378
4487000 2.04862
4488000 2.08547
4489000 2.12304
4490000 1.98154
4491000 2.0159
4492000 2.05099
4493000 2.0874
4494000 2.12493
4495000 1.98499
4496000 2.019
4497000 2.0541
4498000 2.09041
4499000 2.12743
4500000 1.97998
4501000 2.01344
4502000 2.04861
4503000 2.08446
4504000 2.12165
4505000 1.98077
4506000 2.01426
4507000 2.04889
4508000 2.08515
4509000 2.12247
4510000 1.97776
4511000 2.01137
4512000 2.04613
4513000 2.08241
4514000 2.11976
4515000 1.97368
4516000 2.00708
4517000 2.04207
4518000 2.07818
4519000 2.11523
4520000 1.97743
4521000 2.01132
4522000 2.0467
4523000 2.08312
4524000 2.12077
4525000 1.97657
4526000 2.0108
4527000 2.04626
4528000 2.08265
4529000 2.12019
4530000 1.97464
4531000 2.00873
4532000 2.04393
4533000 2.08087
4534000 2.11883
4535000 1.98191
4536000 2.01626
4537000 2.05168
4538000 2.0885
4539000 2.12642
4540000 1.98813
4541000 2.02251
4542000 2.05786
4543000 2.09454
4544000 2.13286
4545000 1.99169
4546000 2.02621
4547000 2.06231
4548000 2.0992
4549000 2.13706
4550000 1.99697
4551000 2.03188
4552000 2.068
4553000 2.10504
4554000 2.14328
4555000 2.00105
4556000 2.03601
4557000 2.07187
4558000 2.10925
4559000 2.14759
4560000 2.00321
4561000 2.03782
4562000 2.07342
4563000 2.10996
4564000 2.14807
4565000 2.00271
4566000 2.03743
4567000 2.07329
4568000 2.11021
4569000 2.14825
4570000 2.00209
4571000 2.03635
4572000 2.07176
4573000 2.10856
4574000 2.14656
4575000 2.00007
4576000 2.03428
4577000 2.06971
4578000 2.10619
4579000 2.14382
4580000 2.00273
4581000 2.03695
4582000 2.07254
4583000 2.10949
4584000 2.1472
4585000 2.00332
4586000 2.03737
4587000 2.07259
4588000 2.10913
4589000 2.14714
4590000 2.00213
4591000 2.03665
4592000 2.07209
4593000 2.10911
4594000 2.14703
4595000 2.00234
4596000 2.0371
4597000 2.07287
4598000 2.10997
4599000 2.14817
4600000 2.00233
4601000 2.03676
4602000 2.07253
4603000 2.10942
4604000 2.14793
4605000 2.00871
4606000 2.04384
4607000 2.08002
4608000 2.11743
4609000 2.15639
4610000 2.01668
4611000 2.05129
4612000 2.08754
4613000 2.12519
4614000 2.16389
4615000 2.01781
4616000 2.05309
4617000 2.08968
4618000 2.12745
4619000 2.16624
4620000 2.02284
4621000 2.05799
4622000 2.09473
4623000 2.13236
4624000 2.17109
4625000 2.02397
4626000 2.05953
4627000 2.09616
4628000 2.13411
4629000 2.17313
4630000 2.02923
4631000 2.06453
4632000 2.10148
4633000 2.13928
4634000 2.17839
4635000 2.03246
4636000 2.06828
4637000 2.10555
4638000 2.14339
4639000 2.18217
4640000 2.02553
4641000 2.06059
4642000 2.09702
4643000 2.13481
4644000 2.17365
4645000 2.01884
4646000 2.05335
4647000 2.0891
4648000 2.12646
4649000 2.16487
4650000 2.01849
4651000 2.05375
4652000 2.08985
4653000 2.12747
4654000 2.16629
4655000 2.02656
4656000 2.06175
4657000 2.09821
4658000 2.13591
4659000 2.17496
4660000 2.03374
4661000 2.06904
4662000 2.10579
4663000 2.14395
4664000 2.18307
4665000 2.03269
4666000 2.06752
4667000 2.10377
4668000 2.14152
4669000 2.18038
4670000 2.03172
4671000 2.06675
4672000 2.10306
4673000 2.14078
4674000 2.17937
4675000 2.02848
4676000 2.06348
4677000 2.09982
4678000 2.13722
4679000 2.17576
4680000 2.03388
4681000 2.06927
4682000 2.10572
4683000 2.14359
4684000 2.18231
4685000 2.03954
4686000 2.07478
4687000 2.11107
4688000 2.14912
4689000 2.18791
4690000 2.03793
4691000 2.07319
4692000 2.10976
4693000 2.14755
4694000 2.1864
4695000 2.0436
4696000 2.079
4697000 2.11554
4698000 2.15312
4699000 2.19211
4700000 2.04445
4701000 2.07953
4702000 2.11581
4703000 2.15335
4704000 2.19174
4705000 2.04386
4706000 2.07911
4707000 2.1154
4708000 2.15273
4709000 2.19158
4710000 2.04073
4711000 2.07603
4712000 2.11247
4713000 2.15006
4714000 2.18863
4715000 2.04406
4716000 2.07926
4717000 2.11563
4718000 2.1534
4719000 2.1922
4720000 2.05018
4721000 2.08547
4722000 2.12197
4723000 2.15996
4724000 2.1991
4725000 2.05283
4726000 2.08854
4727000 2.12527
4728000 2.16301
4729000 2.20225
4730000 2.04972
4731000 2.08527
4732000 2.12221
4733000 2.16022
4734000 2.19956
4735000 2.04527
4736000 2.08075
4737000 2.1176
4738000 2.15571
4739000 2.19472
4740000 2.04116
4741000 2.07654
4742000 2.11322
4743000 2.15098
4744000 2.18992
4745000 2.04585
4746000 2.0815
4747000 2.11805
4748000 2.15616
4749000 2.19554
4750000 2.04466
4751000 2.08007
4752000 2.11683
4753000 2.15488
4754000 2.19422
4755000 2.05174
4756000 2.08793
4757000 2.12529
4758000 2.16386
4759000 2.20344
4760000 2.05306
4761000 2.08848
4762000 2.12573
4763000 2.1641
4764000 2.20389
4765000 2.06424
4766000 2.10032
4767000 2.13774
4768000 2.17641
4769000 2.21639
4770000 2.06858
4771000 2.10462
4772000 2.1423
4773000 2.1812
4774000 2.22165
4775000 2.07004
4776000 2.10642
4777000 2.14382
4778000 2.1822
4779000 2.22218
4780000 2.07394
4781000 2.11017
4782000 2.14795
4783000 2.18746
4784000 2.22738
4785000 2.07774
4786000 2.11407
4787000 2.15186
4788000 2.19079
4789000 2.23082
4790000 2.075
4791000 2.11127
4792000 2.14878
4793000 2.18785
4794000 2.2279
4795000 2.07911
4796000 2.11534
4797000 2.15319
4798000 2.19251
4799000 2.23285
4800000 2.08856
4801000 2.12501
4802000 2.16252
4803000 2.20205
4804000 2.24242
4805000 2.08708
4806000 2.12359
4807000 2.1613
4808000 2.19981
4809000 2.23966
4810000 2.08195
4811000 2.11791
4812000 2.15514
4813000 2.19368
4814000 2.23319
4815000 2.07734
4816000 2.11307
4817000 2.15029
4818000 2.18854
4819000 2.22812
4820000 2.08253
4821000 2.11876
4822000 2.15615
4823000 2.19459
4824000 2.23473
4825000 2.08362
4826000 2.1201
4827000 2.15767
4828000 2.19657
4829000 2.23671
4830000 2.08949
4831000 2.12558
4832000 2.16314
4833000 2.2022
4834000 2.24202
4835000 2.09013
4836000 2.12664
4837000 2.16442
4838000 2.20342
4839000 2.24345
4840000 2.08944
4841000 2.1254
4842000 2.16221
4843000 2.20058
4844000 2.24018
4845000 2.08479
4846000 2.12084
4847000 2.15803
4848000 2.19628
4849000 2.23568
