0 1920
1000 1920
2000 1920
3000 1920
4000 1923
5000 1924
6000 1925
7000 1927
8000 1928
9000 1929
10000 1930
11000 1931
12000 1936
13000 1936
14000 1938
15000 1939
16000 1940
17000 1940
18000 1940
19000 1941
20000 1942
21000 1944
22000 1945
23000 1945
24000 1947
25000 1948
26000 1948
27000 1946
28000 1947
29000 1950
30000 1944
31000 1945
32000 1945
33000 1945
34000 1947
35000 1947
36000 1946
37000 1945
38000 1944
39000 1945
40000 1940
41000 1941
42000 1943
43000 1942
44000 1942
45000 1942
46000 1940
47000 1940
48000 1938
49000 1933
50000 1933
51000 1935
52000 1935
53000 1933
54000 1932
55000 1930
56000 1930
57000 1929
58000 1929
59000 1929
60000 1929
61000 1933
62000 1933
63000 1936
64000 1939
65000 1935
66000 1935
67000 1933
68000 1930
69000 1931
70000 1928
71000 1929
72000 1931
73000 1931
74000 1931
75000 1928
76000 1927
77000 1928
78000 1927
79000 1927
80000 1926
81000 1929
82000 1930
83000 1931
84000 1930
85000 1928
86000 1929
87000 1929
88000 1930
89000 1929
90000 1926
91000 1928
92000 1929
93000 1926
94000 1927
95000 1929
96000 1931
97000 1926
98000 1925
99000 1924
100000 1921
101000 1921
102000 1922
103000 1924
104000 1928
105000 1927
106000 1927
107000 1928
108000 1928
109000 1928
110000 1925
111000 1927
112000 1928
113000 1928
114000 1931
115000 1930
116000 1928
117000 1928
118000 1931
119000 1933
120000 1936
121000 1940
122000 1945
123000 1946
124000 1945
125000 1942
126000 1944
127000 1946
128000 1946
129000 1945
130000 1944
131000 1946
132000 1947
133000 1948
134000 1948
135000 1948
136000 1949
137000 1952
138000 1950
139000 1949
140000 1945
141000 1949
142000 1950
143000 1951
144000 1955
145000 1960
146000 1960
147000 1959
148000 1957
149000 1956
150000 1954
151000 1954
152000 1956
153000 1959
154000 1962
155000 1966
156000 1967
157000 1967
158000 1969
159000 1973
160000 1975
161000 1976
162000 1979
163000 1985
164000 1989
165000 1989
166000 1989
167000 1988
168000 1988
169000 1991
170000 1993
171000 1995
172000 1996
173000 1998
174000 2000
175000 2004
176000 2006
177000 2005
178000 2003
179000 2001
180000 2001
181000 2004
182000 2005
183000 2010
184000 2012
185000 2012
186000 2009
187000 2009
188000 2013
189000 2016
190000 2017
191000 2020
192000 2021
193000 2024
194000 2026
195000 2027
196000 2028
197000 2031
198000 2038
199000 2038
200000 2038
201000 2042
202000 2043
203000 2044
204000 2047
205000 2051
206000 2053
207000 2054
208000 2053
209000 2056
210000 2060
211000 2064
212000 2067
213000 2070
214000 2074
215000 2077
216000 2079
217000 2080
218000 2080
219000 2080
220000 2082
221000 2084
222000 2085
223000 2086
224000 2091
225000 2095
226000 2096
227000 2098
228000 2098
229000 2099
230000 2100
231000 2102
232000 2104
233000 2106
234000 2107
235000 2111
236000 2113
237000 2116
238000 2117
239000 2113
240000 2116
241000 2119
242000 2120
243000 2125
244000 2126
245000 2123
246000 2126
247000 2128
248000 2129
249000 2130
250000 2133
251000 2136
252000 2137
253000 2137
254000 2138
255000 2138
256000 2141
257000 2138
258000 2136
259000 2136
260000 2138
261000 2143
262000 2145
263000 2145
264000 2149
265000 2152
266000 2155
267000 2154
268000 2154
269000 2157
270000 2158
271000 2163
272000 2165
273000 2167
274000 2169
275000 2173
276000 2174
277000 2175
278000 2175
279000 2177
280000 2181
281000 2186
282000 2193
283000 2194
284000 2193
285000 2200
286000 2208
287000 2215
288000 2217
289000 2219
290000 2219
291000 2223
292000 2227
293000 2233
294000 2234
295000 2239
296000 2241
297000 2246
298000 2248
299000 2249
300000 2251
301000 2251
302000 2252
303000 2257
304000 2256
305000 2257
306000 2260
307000 2260
308000 2262
309000 2262
310000 2264
311000 2270
312000 2271
313000 2274
314000 2278
315000 2280
316000 2282
317000 2288
318000 2288
319000 2291
320000 2289
321000 2292
322000 2295
323000 2300
324000 2308
325000 2310
326000 2314
327000 2319
328000 2322
329000 2321
330000 2321
331000 2322
332000 2327
333000 2331
334000 2335
335000 2338
336000 2342
337000 2346
338000 2346
339000 2350
340000 2351
341000 2355
342000 2357
343000 2361
344000 2362
345000 2368
346000 2370
347000 2373
348000 2373
349000 2375
350000 2379
351000 2379
352000 2384
353000 2385
354000 2386
355000 2389
356000 2393
357000 2394
358000 2398
359000 2402
360000 2400
361000 2403
362000 2406
363000 2411
364000 2416
365000 2420
366000 2424
367000 2427
368000 2428
369000 2428
370000 2430
371000 2432
372000 2433
373000 2436
374000 2442
375000 2445
376000 2445
377000 2447
378000 2451
379000 2453
380000 2455
381000 2457
382000 2458
383000 2463
384000 2465
385000 2469
386000 2470
387000 2470
388000 2474
389000 2476
390000 2475
391000 2478
392000 2480
393000 2483
394000 2488
395000 2491
396000 2494
397000 2497
398000 2496
399000 2502
400000 2506
401000 2508
402000 2512
403000 2512
404000 2513
405000 2515
406000 2518
407000 2516
408000 2519
409000 2524
410000 2528
411000 2531
412000 2533
413000 2540
414000 2543
415000 2547
416000 2547
417000 2547
418000 2549
419000 2550
420000 2550
421000 2556
422000 2560
423000 2568
424000 2572
425000 2575
426000 2580
427000 2586
428000 2588
429000 2589
430000 2591
431000 2595
432000 2597
433000 2599
434000 2599
435000 2604
436000 2607
437000 2613
438000 2615
439000 2618
440000 2621
441000 2624
442000 2630
443000 2633
444000 2638
445000 2642
446000 2644
447000 2647
448000 2650
449000 2652
450000 2655
451000 2659
452000 2661
453000 2664
454000 2663
455000 2666
456000 2670
457000 2676
458000 2676
459000 2678
460000 2680
461000 2684
462000 2689
463000 2692
464000 2692
465000 2693
466000 2699
467000 2699
468000 2702
469000 2704
470000 2705
471000 2711
472000 2719
473000 2724
474000 2727
475000 2726
476000 2727
477000 2730
478000 2731
479000 2732
480000 2735
481000 2738
482000 2740
483000 2743
484000 2746
485000 2748
486000 2752
487000 2752
488000 2753
489000 2755
490000 2758
491000 2760
492000 2765
493000 2767
494000 2769
495000 2773
496000 2775
497000 2779
498000 2779
499000 2778
500000 2776
501000 2783
502000 2787
503000 2787
504000 2789
505000 2793
506000 2791
507000 2795
508000 2796
509000 2793
510000 2794
511000 2798
512000 2803
513000 2804
514000 2806
515000 2807
516000 2810
517000 2810
518000 2815
519000 2817
520000 2818
521000 2822
522000 2825
523000 2832
524000 2838
525000 2841
526000 2842
527000 2840
528000 2838
529000 2837
530000 2842
531000 2846
532000 2848
533000 2848
534000 2854
535000 2858
536000 2859
537000 2860
538000 2861
539000 2862
540000 2865
541000 2871
542000 2872
543000 2876
544000 2878
545000 2880
546000 2884
547000 2889
548000 2896
549000 2900
550000 2900
551000 2902
552000 2907
553000 2912
554000 2917
555000 2919
556000 2921
557000 2922
558000 2928
559000 2929
560000 2933
561000 2939
562000 2942
563000 2945
564000 2949
565000 2950
566000 2952
567000 2953
568000 2958
569000 2959
570000 2963
571000 2965
572000 2971
573000 2971
574000 2978
575000 2980
576000 2983
577000 2986
578000 2991
579000 2992
580000 2996
581000 3003
582000 3006
583000 3010
584000 3013
585000 3021
586000 3023
587000 3023
588000 3025
589000 3031
590000 3035
591000 3039
592000 3045
593000 3049
594000 3055
595000 3058
596000 3057
597000 3062
598000 3068
599000 3071
600000 3075
601000 3078
602000 3080
603000 3083
604000 3089
605000 3091
606000 3096
607000 3102
608000 3105
609000 3108
610000 3115
611000 3122
612000 3125
613000 3127
614000 3133
615000 3135
616000 3141
617000 3142
618000 3147
619000 3149
620000 3154
621000 3158
622000 3161
623000 3165
624000 3165
625000 3169
626000 3170
627000 3174
628000 3174
629000 3173
630000 3174
631000 3180
632000 3184
633000 3187
634000 3191
635000 3192
636000 3196
637000 3199
638000 3201
639000 3204
640000 3203
641000 3207
642000 3209
643000 3211
644000 3212
645000 3215
646000 3217
647000 3220
648000 3221
649000 3228
650000 3229
651000 3233
652000 3234
653000 3234
654000 3239
655000 3242
656000 3246
657000 3246
658000 3249
659000 3252
660000 3255
661000 3259
662000 3263
663000 3265
664000 3267
665000 3269
666000 3271
667000 3271
668000 3275
669000 3276
670000 3280
671000 3288
672000 3293
673000 3294
674000 3302
675000 3305
676000 3307
677000 3310
678000 3309
679000 3313
680000 3315
681000 3318
682000 3324
683000 3330
684000 3333
685000 3335
686000 3340
687000 3340
688000 3340
689000 3340
690000 3347
691000 3349
692000 3352
693000 3353
694000 3356
695000 3358
696000 3360
697000 3363
698000 3366
699000 3371
700000 3372
701000 3374
702000 3377
703000 3383
704000 3387
705000 3390
706000 3395
707000 3398
708000 3401
709000 3400
710000 3404
711000 3406
712000 3409
713000 3417
714000 3418
715000 3420
716000 3427
717000 3432
718000 3435
719000 3437
720000 3441
721000 3444
722000 3446
723000 3448
724000 3453
725000 3458
726000 3461
727000 3462
728000 3462
729000 3462
730000 3459
731000 3464
732000 3466
733000 3467
734000 3467
735000 3468
736000 3471
737000 3473
738000 3478
739000 3482
740000 3482
741000 3485
742000 3488
743000 3492
744000 3494
745000 3499
746000 3504
747000 3507
748000 3509
749000 3513
750000 3514
751000 3517
752000 3521
753000 3529
754000 3534
755000 3540
756000 3543
757000 3543
758000 3543
759000 3545
760000 3548
761000 3550
762000 3554
763000 3556
764000 3557
765000 3556
766000 3558
767000 3560
768000 3560
769000 3565
770000 3568
771000 3568
772000 3571
773000 3573
774000 3577
775000 3579
776000 3580
777000 3584
778000 3586
779000 3593
780000 3594
781000 3598
782000 3606
783000 3608
784000 3610
785000 3612
786000 3616
787000 3618
788000 3619
789000 3621
790000 3623
791000 3627
792000 3628
793000 3634
794000 3640
795000 3641
796000 3641
797000 3644
798000 3647
799000 3648
800000 3651
801000 3652
802000 3656
803000 3657
804000 3657
805000 3656
806000 3661
807000 3661
808000 3661
809000 3664
810000 3666
811000 3669
812000 3673
813000 3674
814000 3681
815000 3680
816000 3680
817000 3684
818000 3687
819000 3690
820000 3692
821000 3695
822000 3696
823000 3699
824000 3699
825000 3700
826000 3703
827000 3709
828000 3711
829000 3710
830000 3714
831000 3717
832000 3722
833000 3726
834000 3728
835000 3730
836000 3732
837000 3735
838000 3736
839000 3740
840000 3741
841000 3741
842000 3744
843000 3746
844000 3753
845000 3754
846000 3756
847000 3757
848000 3760
849000 3763
850000 3767
851000 3769
852000 3775
853000 3778
854000 3782
855000 3786
856000 3787
857000 3790
858000 3791
859000 3792
860000 3795
861000 3799
862000 3802
863000 3804
864000 3807
865000 3807
866000 3810
867000 3810
868000 3809
869000 3812
870000 3814
871000 3816
872000 3818
873000 3821
874000 3823
875000 3828
876000 3830
877000 3831
878000 3834
879000 3835
880000 3837
881000 3843
882000 3847
883000 3850
884000 3854
885000 3858
886000 3863
887000 3865
888000 3864
889000 3867
890000 3868
891000 3871
892000 3871
893000 3875
894000 3876
895000 3884
896000 3884
897000 3889
898000 3896
899000 3896
900000 3897
901000 3900
902000 3904
903000 3910
904000 3915
905000 3915
906000 3916
907000 3919
908000 3920
909000 3923
910000 3925
911000 3925
912000 3929
913000 3929
914000 3931
915000 3933
916000 3934
917000 3933
918000 3936
919000 3938
920000 3940
921000 3948
922000 3952
923000 3956
924000 3955
925000 3959
926000 3964
927000 3967
928000 3968
929000 3973
930000 3973
931000 3977
932000 3977
933000 3978
934000 3981
935000 3984
936000 3987
937000 3989
938000 3990
939000 3991
940000 3997
941000 3999
942000 4002
943000 4005
944000 4011
945000 4014
946000 4015
947000 4019
948000 4021
949000 4022
950000 4023
951000 4025
952000 4026
953000 4030
954000 4032
955000 4034
956000 4034
957000 4037
958000 4042
959000 4046
960000 4048
961000 4050
962000 4052
963000 4055
964000 4056
965000 4056
966000 4057
967000 4056
968000 4058
969000 4061
970000 4065
971000 4071
972000 4075
973000 4080
974000 4085
975000 4088
976000 4091
977000 4094
978000 4096
979000 4098
980000 4097
981000 4099
982000 4103
983000 4107
984000 4115
985000 4115
986000 4118
987000 4118
988000 4119
989000 4118
990000 4122
991000 4123
992000 4125
993000 4130
994000 4134
995000 4136
996000 4139
997000 4141
998000 4144
999000 4145
1000000 4147
1001000 4153
1002000 4153
1003000 4154
1004000 4156
1005000 4161
1006000 4165
1007000 4167
1008000 4169
1009000 4171
1010000 4170
1011000 4177
1012000 4178
1013000 4184
1014000 4186
1015000 4190
1016000 4192
1017000 4191
1018000 4194
1019000 4197
1020000 4198
1021000 4201
1022000 4202
1023000 4207
1024000 4207
1025000 4209
1026000 4211
1027000 4212
1028000 4212
1029000 4215
1030000 4216
1031000 4217
1032000 4217
1033000 4219
1034000 4222
1035000 4218
1036000 4224
1037000 4225
1038000 4227
1039000 4232
1040000 4234
1041000 4238
1042000 4243
1043000 4244
1044000 4245
1045000 4245
1046000 4251
1047000 4253
1048000 4253
1049000 4251
1050000 4252
1051000 4253
1052000 4254
1053000 4259
1054000 4261
1055000 4263
1056000 4264
1057000 4266
1058000 4266
1059000 4268
1060000 4270
1061000 4272
1062000 4275
1063000 4276
1064000 4280
1065000 4282
1066000 4285
1067000 4288
1068000 4289
1069000 4292
1070000 4293
1071000 4296
1072000 4296
1073000 4298
1074000 4301
1075000 4301
1076000 4304
1077000 4305
1078000 4305
1079000 4308
1080000 4310
1081000 4310
1082000 4313
1083000 4313
1084000 4313
1085000 4314
1086000 4318
1087000 4318
1088000 4321
1089000 4322
1090000 4322
1091000 4328
1092000 4329
1093000 4332
1094000 4335
1095000 4339
1096000 4338
1097000 4341
1098000 4343
1099000 4340
1100000 4339
1101000 4341
1102000 4342
1103000 4344
1104000 4344
1105000 4346
1106000 4347
1107000 4352
1108000 4353
1109000 4355
1110000 4356
1111000 4357
1112000 4357
1113000 4359
1114000 4359
1115000 4362
1116000 4365
1117000 4369
1118000 4373
1119000 4374
1120000 4376
1121000 4381
1122000 4384
1123000 4390
1124000 4395
1125000 4396
1126000 4397
1127000 4399
1128000 4401
1129000 4400
1130000 4403
1131000 4405
1132000 4405
1133000 4408
1134000 4412
1135000 4415
1136000 4416
1137000 4417
1138000 4413
1139000 4412
1140000 4414
1141000 4415
1142000 4417
1143000 4418
1144000 4422
1145000 4424
1146000 4425
1147000 4430
1148000 4430
1149000 4432
1150000 4435
1151000 4439
1152000 4443
1153000 4445
1154000 4447
1155000 4449
1156000 4452
1157000 4455
1158000 4459
1159000 4461
1160000 4461
1161000 4464
1162000 4467
1163000 4472
1164000 4475
1165000 4476
1166000 4477
1167000 4479
1168000 4482
1169000 4480
1170000 4483
1171000 4484
1172000 4488
1173000 4491
1174000 4497
1175000 4501
1176000 4503
1177000 4505
1178000 4506
1179000 4506
1180000 4510
1181000 4512
1182000 4515
1183000 4517
1184000 4520
1185000 4524
1186000 4527
1187000 4529
1188000 4529
1189000 4530
1190000 4531
1191000 4533
1192000 4533
1193000 4538
1194000 4540
1195000 4542
1196000 4542
1197000 4544
1198000 4544
1199000 4545
1200000 4546
1201000 4547
1202000 4550
1203000 4554
1204000 4556
1205000 4556
1206000 4563
1207000 4566
1208000 4569
1209000 4569
1210000 4571
1211000 4573
1212000 4575
1213000 4575
1214000 4579
1215000 4583
1216000 4586
1217000 4590
1218000 4590
1219000 4591
1220000 4591
1221000 4591
1222000 4591
1223000 4594
1224000 4596
1225000 4598
1226000 4598
1227000 4596
1228000 4595
1229000 4600
1230000 4600
1231000 4603
1232000 4605
1233000 4606
1234000 4606
1235000 4607
1236000 4607
1237000 4610
1238000 4612
1239000 4614
1240000 4613
1241000 4617
1242000 4616
1243000 4618
1244000 4619
1245000 4624
1246000 4625
1247000 4628
1248000 4627
1249000 4629
1250000 4633
1251000 4634
1252000 4634
1253000 4636
1254000 4638
1255000 4642
1256000 4644
1257000 4642
1258000 4639
1259000 4639
1260000 4639
1261000 4640
1262000 4642
1263000 4642
1264000 4646
1265000 4647
1266000 4649
1267000 4652
1268000 4652
1269000 4652
1270000 4653
1271000 4657
1272000 4662
1273000 4664
1274000 4664
1275000 4664
1276000 4662
1277000 4666
1278000 4670
1279000 4668
1280000 4672
1281000 4672
1282000 4673
1283000 4675
1284000 4675
1285000 4679
1286000 4682
1287000 4682
1288000 4685
1289000 4686
1290000 4685
1291000 4686
1292000 4687
1293000 4690
1294000 4694
1295000 4693
1296000 4692
1297000 4693
1298000 4697
1299000 4697
1300000 4697
1301000 4701
1302000 4703
1303000 4705
1304000 4707
1305000 4709
1306000 4713
1307000 4716
1308000 4715
1309000 4716
1310000 4717
1311000 4717
1312000 4718
1313000 4718
1314000 4721
1315000 4721
1316000 4724
1317000 4724
1318000 4725
1319000 4724
1320000 4729
1321000 4730
1322000 4731
1323000 4733
1324000 4738
1325000 4739
1326000 4739
1327000 4741
1328000 4742
1329000 4742
1330000 4741
1331000 4742
1332000 4743
1333000 4744
1334000 4747
1335000 4750
1336000 4754
1337000 4753
1338000 4757
1339000 4754
1340000 4753
1341000 4753
1342000 4755
1343000 4757
1344000 4756
1345000 4756
1346000 4757
1347000 4760
1348000 4762
1349000 4764
1350000 4769
1351000 4771
1352000 4773
1353000 4774
1354000 4773
1355000 4772
1356000 4771
1357000 4771
1358000 4773
1359000 4774
1360000 4778
1361000 4779
1362000 4782
1363000 4786
1364000 4790
1365000 4794
1366000 4797
1367000 4797
1368000 4799
1369000 4800
1370000 4798
1371000 4798
1372000 4801
1373000 4803
1374000 4802
1375000 4803
1376000 4804
1377000 4807
1378000 4808
1379000 4808
1380000 4811
1381000 4812
1382000 4814
1383000 4818
1384000 4818
1385000 4820
1386000 4822
1387000 4819
1388000 4822
1389000 4822
1390000 4824
1391000 4829
1392000 4830
1393000 4833
1394000 4835
1395000 4838
1396000 4840
1397000 4843
1398000 4845
1399000 4844
1400000 4842
1401000 4844
1402000 4844
1403000 4845
1404000 4845
1405000 4848
1406000 4851
1407000 4854
1408000 4853
1409000 4853
1410000 4851
1411000 4855
1412000 4859
1413000 4860
1414000 4861
1415000 4860
1416000 4860
1417000 4862
1418000 4863
1419000 4862
1420000 4862
1421000 4862
1422000 4865
1423000 4867
1424000 4869
1425000 4869
1426000 4872
1427000 4876
1428000 4877
1429000 4878
1430000 4880
1431000 4885
1432000 4885
1433000 4887
1434000 4890
1435000 4889
1436000 4890
1437000 4892
1438000 4894
1439000 4897
1440000 4897
1441000 4899
1442000 4901
1443000 4903
1444000 4904
1445000 4905
1446000 4905
1447000 4906
1448000 4906
1449000 4907
1450000 4909
1451000 4912
1452000 4911
1453000 4910
1454000 4911
1455000 4912
1456000 4913
1457000 4913
1458000 4913
1459000 4915
1460000 4916
1461000 4918
1462000 4920
1463000 4921
1464000 4921
1465000 4923
1466000 4924
1467000 4924
1468000 4925
1469000 4926
1470000 4927
1471000 4927
1472000 4927
1473000 4928
1474000 4929
1475000 4931
1476000 4930
1477000 4930
1478000 4933
1479000 4936
1480000 4936
1481000 4936
1482000 4939
1483000 4941
1484000 4942
1485000 4944
1486000 4947
1487000 4949
1488000 4952
1489000 4956
1490000 4957
1491000 4958
1492000 4958
1493000 4959
1494000 4961
1495000 4963
1496000 4965
1497000 4965
1498000 4963
1499000 4962
1500000 4963
1501000 4965
1502000 4966
1503000 4967
1504000 4966
1505000 4969
1506000 4971
1507000 4972
1508000 4975
1509000 4973
1510000 4973
1511000 4974
1512000 4978
1513000 4978
1514000 4980
1515000 4983
1516000 4986
1517000 4989
1518000 4988
1519000 4990
1520000 4994
1521000 4995
1522000 4996
1523000 4999
1524000 4999
1525000 5000
1526000 5002
1527000 5004
1528000 5005
1529000 5004
1530000 5006
1531000 5006
1532000 5007
1533000 5009
1534000 5009
1535000 5010
1536000 5010
1537000 5009
1538000 5007
1539000 5009
1540000 5009
1541000 5011
1542000 5011
1543000 5013
1544000 5013
1545000 5015
1546000 5016
1547000 5017
1548000 5016
1549000 5020
1550000 5020
1551000 5021
1552000 5022
1553000 5022
1554000 5023
1555000 5025
1556000 5024
1557000 5028
1558000 5029
1559000 5029
1560000 5031
1561000 5031
1562000 5033
1563000 5036
1564000 5036
1565000 5036
1566000 5038
1567000 5038
1568000 5036
1569000 5037
1570000 5039
1571000 5039
1572000 5039
1573000 5039
1574000 5040
1575000 5040
1576000 5042
1577000 5043
1578000 5042
1579000 5040
1580000 5039
1581000 5038
1582000 5038
1583000 5037
1584000 5038
1585000 5038
1586000 5038
1587000 5039
1588000 5043
1589000 5042
1590000 5041
1591000 5044
1592000 5045
1593000 5047
1594000 5048
1595000 5048
1596000 5050
1597000 5050
1598000 5051
1599000 5054
1600000 5055
1601000 5056
1602000 5056
1603000 5056
1604000 5056
1605000 5057
1606000 5058
1607000 5060
1608000 5061
1609000 5062
1610000 5063
1611000 5064
1612000 5066
1613000 5067
1614000 5066
1615000 5068
1616000 5068
1617000 5069
1618000 5069
1619000 5069
1620000 5073
1621000 5073
1622000 5074
1623000 5076
1624000 5076
1625000 5077
1626000 5077
1627000 5079
1628000 5078
1629000 5077
1630000 5074
1631000 5075
1632000 5077
1633000 5075
1634000 5076
1635000 5076
1636000 5076
1637000 5076
1638000 5079
1639000 5078
1640000 5075
1641000 5076
1642000 5076
1643000 5077
1644000 5076
1645000 5077
1646000 5078
1647000 5080
1648000 5082
1649000 5084
1650000 5085
1651000 5085
1652000 5085
1653000 5086
1654000 5087
1655000 5088
1656000 5087
1657000 5085
1658000 5085
1659000 5085
1660000 5085
1661000 5087
1662000 5089
1663000 5088
1664000 5089
1665000 5091
1666000 5091
1667000 5091
1668000 5092
1669000 5093
1670000 5097
1671000 5099
1672000 5100
1673000 5101
1674000 5103
1675000 5104
1676000 5103
1677000 5104
1678000 5108
1679000 5109
1680000 5110
1681000 5111
1682000 5112
1683000 5113
1684000 5116
1685000 5117
1686000 5116
1687000 5116
1688000 5116
1689000 5118
1690000 5120
1691000 5120
1692000 5120
1693000 5121
1694000 5121
1695000 5122
1696000 5122
1697000 5124
1698000 5125
1699000 5124
1700000 5123
1701000 5123
1702000 5126
1703000 5130
1704000 5129
1705000 5132
1706000 5132
1707000 5132
1708000 5134
1709000 5137
1710000 5137
1711000 5139
1712000 5141
1713000 5142
1714000 5142
1715000 5142
1716000 5143
1717000 5145
1718000 5146
1719000 5147
1720000 5148
1721000 5147
1722000 5148
1723000 5149
1724000 5150
1725000 5151
1726000 5151
1727000 5152
1728000 5153
1729000 5157
1730000 5159
1731000 5159
1732000 5159
1733000 5159
1734000 5159
1735000 5162
1736000 5163
1737000 5162
1738000 5163
1739000 5162
1740000 5162
1741000 5163
1742000 5164
1743000 5166
1744000 5166
1745000 5168
1746000 5169
1747000 5170
1748000 5169
1749000 5171
1750000 5173
1751000 5174
1752000 5175
1753000 5176
1754000 5176
1755000 5177
1756000 5179
1757000 5179
1758000 5181
1759000 5182
1760000 5182
1761000 5185
1762000 5186
1763000 5187
1764000 5187
1765000 5187
1766000 5186
1767000 5187
1768000 5190
1769000 5188
1770000 5190
1771000 5190
1772000 5190
1773000 5190
1774000 5190
1775000 5192
1776000 5194
1777000 5196
1778000 5196
1779000 5196
1780000 5197
1781000 5197
1782000 5199
1783000 5201
1784000 5200
1785000 5200
1786000 5202
1787000 5202
1788000 5204
1789000 5207
1790000 5206
1791000 5205
1792000 5204
1793000 5205
1794000 5207
1795000 5208
1796000 5208
1797000 5211
1798000 5211
1799000 5211
1800000 5212
1801000 5214
1802000 5216
1803000 5218
1804000 5217
1805000 5217
1806000 5218
1807000 5218
1808000 5218
1809000 5218
1810000 5219
1811000 5219
1812000 5221
1813000 5224
1814000 5224
1815000 5226
1816000 5226
1817000 5231
1818000 5232
1819000 5232
1820000 5233
1821000 5236
1822000 5237
1823000 5237
1824000 5237
1825000 5239
1826000 5240
1827000 5240
1828000 5241
1829000 5243
1830000 5244
1831000 5245
1832000 5246
1833000 5247
1834000 5247
1835000 5249
1836000 5249
1837000 5249
1838000 5249
1839000 5250
1840000 5248
1841000 5249
1842000 5249
1843000 5250
1844000 5250
1845000 5252
1846000 5250
1847000 5250
1848000 5249
1849000 5248
1850000 5247
1851000 5248
1852000 5249
1853000 5250
1854000 5249
1855000 5250
1856000 5252
1857000 5253
1858000 5253
1859000 5254
1860000 5253
1861000 5254
1862000 5256
1863000 5256
1864000 5255
1865000 5255
1866000 5257
1867000 5259
1868000 5259
1869000 5260
1870000 5259
1871000 5260
1872000 5260
1873000 5260
1874000 5261
1875000 5261
1876000 5261
1877000 5261
1878000 5262
1879000 5262
1880000 5261
1881000 5261
1882000 5260
1883000 5262
1884000 5263
1885000 5264
1886000 5265
1887000 5266
1888000 5268
1889000 5270
1890000 5270
1891000 5271
1892000 5273
1893000 5272
1894000 5272
1895000 5272
1896000 5272
1897000 5271
1898000 5271
1899000 5271
1900000 5270
1901000 5273
1902000 5274
1903000 5275
1904000 5273
1905000 5274
1906000 5277
1907000 5278
1908000 5279
1909000 5281
1910000 5281
1911000 5282
1912000 5282
1913000 5281
1914000 5283
1915000 5284
1916000 5285
1917000 5289
1918000 5289
1919000 5290
1920000 5289
1921000 5289
1922000 5291
1923000 5291
1924000 5292
1925000 5292
1926000 5293
1927000 5293
1928000 5292
1929000 5293
1930000 5293
1931000 5292
1932000 5292
1933000 5294
1934000 5295
1935000 5296
1936000 5299
1937000 5300
1938000 5299
1939000 5300
1940000 5299
1941000 5301
1942000 5301
1943000 5301
1944000 5301
1945000 5303
1946000 5303
1947000 5303
1948000 5302
1949000 5301
1950000 5302
1951000 5303
1952000 5303
1953000 5303
1954000 5306
1955000 5307
1956000 5307
1957000 5310
1958000 5312
1959000 5310
1960000 5308
1961000 5308
1962000 5309
1963000 5310
1964000 5311
1965000 5311
1966000 5312
1967000 5313
1968000 5313
1969000 5312
1970000 5312
1971000 5312
1972000 5313
1973000 5313
1974000 5314
1975000 5314
1976000 5315
1977000 5316
1978000 5315
1979000 5315
1980000 5313
1981000 5313
1982000 5313
1983000 5313
1984000 5314
1985000 5314
1986000 5314
1987000 5313
1988000 5315
1989000 5317
1990000 5317
1991000 5317
1992000 5316
1993000 5317
1994000 5318
1995000 5318
1996000 5321
1997000 5319
1998000 5317
1999000 5317
2000000 5316
2001000 5317
2002000 5318
2003000 5318
2004000 5318
2005000 5321
2006000 5321
2007000 5320
2008000 5318
2009000 5317
2010000 5317
2011000 5319
2012000 5319
2013000 5319
2014000 5320
2015000 5320
2016000 5319
2017000 5319
2018000 5320
2019000 5321
2020000 5323
2021000 5323
2022000 5323
2023000 5325
2024000 5325
2025000 5324
2026000 5326
2027000 5326
2028000 5326
2029000 5322
2030000 5324
2031000 5325
2032000 5325
2033000 5325
2034000 5324
2035000 5326
2036000 5327
2037000 5326
2038000 5326
2039000 5328
2040000 5328
2041000 5328
2042000 5329
2043000 5331
2044000 5332
2045000 5330
2046000 5329
2047000 5329
2048000 5332
2049000 5331
2050000 5332
2051000 5334
2052000 5334
2053000 5335
2054000 5336
2055000 5338
2056000 5337
2057000 5334
2058000 5336
2059000 5337
2060000 5338
2061000 5340
2062000 5341
2063000 5340
2064000 5340
2065000 5341
2066000 5342
2067000 5344
2068000 5345
2069000 5346
2070000 5346
2071000 5349
2072000 5351
2073000 5350
2074000 5352
2075000 5353
2076000 5354
2077000 5353
2078000 5353
2079000 5351
2080000 5355
2081000 5355
2082000 5356
2083000 5356
2084000 5356
2085000 5357
2086000 5359
2087000 5358
2088000 5358
2089000 5360
2090000 5358
2091000 5359
2092000 5359
2093000 5360
2094000 5360
2095000 5363
2096000 5362
2097000 5364
2098000 5367
2099000 5369
2100000 5369
2101000 5369
2102000 5369
2103000 5369
2104000 5368
2105000 5368
2106000 5370
2107000 5369
2108000 5368
2109000 5366
2110000 5368
2111000 5368
2112000 5367
2113000 5368
2114000 5368
2115000 5367
2116000 5370
2117000 5371
2118000 5370
2119000 5369
2120000 5371
2121000 5373
2122000 5373
2123000 5373
2124000 5374
2125000 5374
2126000 5374
2127000 5375
2128000 5377
2129000 5376
2130000 5376
2131000 5377
2132000 5377
2133000 5379
2134000 5383
2135000 5384
2136000 5385
2137000 5387
2138000 5388
2139000 5387
2140000 5387
2141000 5388
2142000 5388
2143000 5388
2144000 5391
2145000 5390
2146000 5389
2147000 5389
2148000 5390
2149000 5389
2150000 5390
2151000 5391
2152000 5392
2153000 5393
2154000 5393
2155000 5393
2156000 5394
2157000 5396
2158000 5397
2159000 5398
2160000 5398
2161000 5400
2162000 5402
2163000 5402
2164000 5404
2165000 5405
2166000 5405
2167000 5405
2168000 5407
2169000 5409
2170000 5410
2171000 5411
2172000 5412
2173000 5412
2174000 5413
2175000 5413
2176000 5413
2177000 5412
2178000 5411
2179000 5412
2180000 5411
2181000 5414
2182000 5416
2183000 5416
2184000 5416
2185000 5417
2186000 5418
2187000 5421
2188000 5422
2189000 5422
2190000 5422
2191000 5423
2192000 5425
2193000 5429
2194000 5430
2195000 5430
2196000 5431
2197000 5433
2198000 5432
2199000 5430
2200000 5429
2201000 5430
2202000 5430
2203000 5433
2204000 5435
2205000 5437
2206000 5438
2207000 5439
2208000 5438
2209000 5439
2210000 5438
2211000 5444
2212000 5445
2213000 5449
2214000 5449
2215000 5453
2216000 5454
2217000 5455
2218000 5457
2219000 5456
2220000 5457
2221000 5459
2222000 5462
2223000 5463
2224000 5463
2225000 5463
2226000 5464
2227000 5463
2228000 5464
2229000 5463
2230000 5464
2231000 5465
2232000 5466
2233000 5466
2234000 5466
2235000 5466
2236000 5467
2237000 5468
2238000 5469
2239000 5468
2240000 5469
2241000 5470
2242000 5470
2243000 5469
2244000 5471
2245000 5472
2246000 5473
2247000 5473
2248000 5471
2249000 5470
2250000 5469
2251000 5469
2252000 5470
2253000 5470
2254000 5470
2255000 5469
2256000 5470
2257000 5469
2258000 5470
2259000 5471
2260000 5470
2261000 5472
2262000 5473
2263000 5474
2264000 5474
2265000 5474
2266000 5475
2267000 5475
2268000 5476
2269000 5479
2270000 5479
2271000 5480
2272000 5480
2273000 5481
2274000 5481
2275000 5482
2276000 5482
2277000 5481
2278000 5481
2279000 5481
2280000 5481
2281000 5483
2282000 5483
2283000 5482
2284000 5484
2285000 5484
2286000 5484
2287000 5482
2288000 5481
2289000 5480
2290000 5480
2291000 5481
2292000 5481
2293000 5482
2294000 5482
2295000 5482
2296000 5481
2297000 5482
2298000 5482
2299000 5481
2300000 5481
2301000 5482
2302000 5482
2303000 5482
2304000 5482
2305000 5482
2306000 5482
2307000 5481
2308000 5482
2309000 5482
2310000 5483
2311000 5482
2312000 5483
2313000 5483
2314000 5483
2315000 5483
2316000 5484
2317000 5486
2318000 5487
2319000 5486
2320000 5488
2321000 5489
2322000 5490
2323000 5490
2324000 5491
2325000 5491
2326000 5491
2327000 5490
2328000 5493
2329000 5495
2330000 5494
2331000 5494
2332000 5494
2333000 5494
2334000 5494
2335000 5496
2336000 5496
2337000 5497
2338000 5497
2339000 5498
2340000 5497
2341000 5498
2342000 5499
2343000 5499
2344000 5498
2345000 5501
2346000 5502
2347000 5502
2348000 5501
2349000 5502
2350000 5500
2351000 5501
2352000 5502
2353000 5501
2354000 5501
2355000 5503
2356000 5505
2357000 5505
2358000 5506
2359000 5505
2360000 5505
2361000 5507
2362000 5508
2363000 5508
2364000 5508
2365000 5508
2366000 5509
2367000 5512
2368000 5512
2369000 5510
2370000 5511
2371000 5512
2372000 5513
2373000 5513
2374000 5513
2375000 5514
2376000 5514
2377000 5514
2378000 5514
2379000 5514
2380000 5513
2381000 5514
2382000 5515
2383000 5514
2384000 5514
2385000 5516
2386000 5517
2387000 5515
2388000 5513
2389000 5515
2390000 5515
2391000 5516
2392000 5519
2393000 5520
2394000 5520
2395000 5520
2396000 5522
2397000 5522
2398000 5523
2399000 5525
2400000 5524
2401000 5524
2402000 5525
2403000 5526
2404000 5526
2405000 5525
2406000 5526
2407000 5526
2408000 5525
2409000 5525
2410000 5527
2411000 5528
2412000 5530
2413000 5531
2414000 5531
2415000 5532
2416000 5531
2417000 5530
2418000 5530
2419000 5529
2420000 5529
2421000 5529
2422000 5531
2423000 5531
2424000 5532
2425000 5532
2426000 5531
2427000 5530
2428000 5531
2429000 5532
2430000 5532
2431000 5532
2432000 5533
2433000 5533
2434000 5533
2435000 5532
2436000 5532
2437000 5534
2438000 5534
2439000 5533
2440000 5533
2441000 5533
2442000 5533
2443000 5534
2444000 5534
2445000 5533
2446000 5533
2447000 5532
2448000 5531
2449000 5531
2450000 5532
2451000 5534
2452000 5534
2453000 5534
2454000 5534
2455000 5534
2456000 5534
2457000 5534
2458000 5534
2459000 5535
2460000 5535
2461000 5537
2462000 5536
2463000 5537
2464000 5536
2465000 5537
2466000 5539
2467000 5539
2468000 5540
2469000 5544
2470000 5545
2471000 5547
2472000 5547
2473000 5549
2474000 5549
2475000 5549
2476000 5548
2477000 5548
2478000 5548
2479000 5548
2480000 5548
2481000 5549
2482000 5550
2483000 5550
2484000 5550
2485000 5549
2486000 5548
2487000 5548
2488000 5547
2489000 5548
2490000 5547
2491000 5547
2492000 5549
2493000 5550
2494000 5551
2495000 5552
2496000 5552
2497000 5553
2498000 5553
2499000 5553
2500000 5555
2501000 5555
2502000 5555
2503000 5556
2504000 5555
2505000 5557
2506000 5559
2507000 5560
2508000 5559
2509000 5557
2510000 5556
2511000 5556
2512000 5557
2513000 5557
2514000 5558
2515000 5558
2516000 5556
2517000 5557
2518000 5560
2519000 5562
2520000 5561
2521000 5562
2522000 5563
2523000 5563
2524000 5566
2525000 5566
2526000 5566
2527000 5565
2528000 5564
2529000 5567
2530000 5568
2531000 5568
2532000 5571
2533000 5571
2534000 5572
2535000 5571
2536000 5571
2537000 5569
2538000 5569
2539000 5569
2540000 5569
2541000 5567
2542000 5566
2543000 5567
2544000 5568
2545000 5570
2546000 5570
2547000 5569
2548000 5570
2549000 5570
2550000 5570
2551000 5572
2552000 5572
2553000 5573
2554000 5574
2555000 5575
2556000 5574
2557000 5572
2558000 5571
2559000 5569
2560000 5569
2561000 5570
2562000 5569
2563000 5569
2564000 5570
2565000 5570
2566000 5570
2567000 5569
2568000 5570
2569000 5569
2570000 5571
2571000 5573
2572000 5573
2573000 5572
2574000 5574
2575000 5572
2576000 5571
2577000 5570
2578000 5571
2579000 5571
2580000 5571
2581000 5571
2582000 5572
2583000 5572
2584000 5572
2585000 5573
2586000 5573
2587000 5573
2588000 5574
2589000 5573
2590000 5574
2591000 5574
2592000 5575
2593000 5574
2594000 5574
2595000 5572
2596000 5573
2597000 5572
2598000 5573
2599000 5574
2600000 5576
2601000 5577
2602000 5577
2603000 5576
2604000 5578
2605000 5580
2606000 5580
2607000 5579
2608000 5579
2609000 5579
2610000 5579
2611000 5581
2612000 5584
2613000 5583
2614000 5583
2615000 5584
2616000 5584
2617000 5584
2618000 5584
2619000 5584
2620000 5583
2621000 5583
2622000 5584
2623000 5584
2624000 5584
2625000 5584
2626000 5584
2627000 5584
2628000 5583
2629000 5585
2630000 5584
2631000 5584
2632000 5584
2633000 5585
2634000 5586
2635000 5585
2636000 5585
2637000 5582
2638000 5583
2639000 5583
2640000 5581
2641000 5581
2642000 5581
2643000 5581
2644000 5583
2645000 5582
2646000 5583
2647000 5584
2648000 5583
2649000 5583
2650000 5584
2651000 5584
2652000 5584
2653000 5585
2654000 5584
2655000 5584
2656000 5583
2657000 5582
2658000 5583
2659000 5583
2660000 5582
2661000 5582
2662000 5583
2663000 5586
2664000 5585
2665000 5585
2666000 5585
2667000 5586
2668000 5587
2669000 5585
2670000 5583
2671000 5583
2672000 5584
2673000 5585
2674000 5587
2675000 5588
2676000 5588
2677000 5589
2678000 5591
2679000 5591
2680000 5592
2681000 5593
2682000 5592
2683000 5593
2684000 5594
2685000 5595
2686000 5596
2687000 5596
2688000 5595
2689000 5597
2690000 5598
2691000 5598
2692000 5599
2693000 5599
2694000 5599
2695000 5600
2696000 5601
2697000 5605
2698000 5604
2699000 5605
2700000 5604
2701000 5604
2702000 5605
2703000 5604
2704000 5605
2705000 5605
2706000 5606
2707000 5606
2708000 5606
2709000 5605
2710000 5606
2711000 5608
2712000 5608
2713000 5608
2714000 5608
2715000 5609
2716000 5609
2717000 5608
2718000 5609
2719000 5610
2720000 5611
2721000 5612
2722000 5613
2723000 5613
2724000 5613
2725000 5612
2726000 5611
2727000 5611
2728000 5612
2729000 5612
2730000 5613
2731000 5613
2732000 5616
2733000 5616
2734000 5619
2735000 5621
2736000 5620
2737000 5620
2738000 5621
2739000 5622
2740000 5621
2741000 5622
2742000 5624
2743000 5623
2744000 5623
2745000 5622
2746000 5622
2747000 5622
2748000 5622
2749000 5622
2750000 5622
2751000 5622
2752000 5622
2753000 5622
2754000 5621
2755000 5621
2756000 5621
2757000 5621
2758000 5620
2759000 5619
2760000 5619
2761000 5620
2762000 5621
2763000 5620
2764000 5622
2765000 5622
2766000 5621
2767000 5624
2768000 5624
2769000 5625
2770000 5624
2771000 5625
2772000 5625
2773000 5626
2774000 5627
2775000 5627
2776000 5627
2777000 5628
2778000 5628
2779000 5628
2780000 5628
2781000 5627
2782000 5627
2783000 5627
2784000 5628
2785000 5629
2786000 5629
2787000 5629
2788000 5628
2789000 5627
2790000 5629
2791000 5629
2792000 5628
2793000 5629
2794000 5628
2795000 5630
2796000 5630
2797000 5630
2798000 5628
2799000 5627
2800000 5627
2801000 5627
2802000 5627
2803000 5627
2804000 5628
2805000 5628
2806000 5627
2807000 5626
2808000 5627
2809000 5628
2810000 5627
2811000 5627
2812000 5626
2813000 5626
2814000 5626
2815000 5627
2816000 5627
2817000 5626
2818000 5626
2819000 5626
2820000 5624
2821000 5625
2822000 5626
2823000 5625
2824000 5626
2825000 5626
2826000 5627
2827000 5628
2828000 5627
2829000 5626
2830000 5626
2831000 5627
2832000 5628
2833000 5628
2834000 5630
2835000 5630
2836000 5631
2837000 5632
2838000 5631
2839000 5629
2840000 5629
2841000 5630
2842000 5631
2843000 5631
2844000 5634
2845000 5635
2846000 5634
2847000 5636
2848000 5636
2849000 5637
2850000 5639
2851000 5640
2852000 5641
2853000 5642
2854000 5642
2855000 5642
2856000 5642
2857000 5643
2858000 5644
2859000 5644
2860000 5646
2861000 5648
2862000 5648
2863000 5649
2864000 5651
2865000 5653
2866000 5653
2867000 5654
2868000 5653
2869000 5652
2870000 5650
2871000 5651
2872000 5651
2873000 5652
2874000 5653
2875000 5653
2876000 5654
2877000 5655
2878000 5656
2879000 5655
2880000 5657
2881000 5658
2882000 5657
2883000 5658
2884000 5659
2885000 5659
2886000 5662
2887000 5662
2888000 5663
2889000 5663
2890000 5662
2891000 5662
2892000 5662
2893000 5662
2894000 5659
2895000 5659
2896000 5659
2897000 5660
2898000 5661
2899000 5661
2900000 5661
2901000 5663
2902000 5663
2903000 5664
2904000 5665
2905000 5667
2906000 5667
2907000 5666
2908000 5666
2909000 5665
2910000 5665
2911000 5667
2912000 5669
2913000 5669
2914000 5669
2915000 5668
2916000 5669
2917000 5670
2918000 5670
2919000 5669
2920000 5669
2921000 5669
2922000 5669
2923000 5671
2924000 5672
2925000 5672
2926000 5672
2927000 5672
2928000 5671
2929000 5670
2930000 5670
2931000 5671
2932000 5671
2933000 5672
2934000 5672
2935000 5671
2936000 5673
2937000 5675
2938000 5675
2939000 5675
2940000 5675
2941000 5675
2942000 5675
2943000 5676
2944000 5678
2945000 5678
2946000 5677
2947000 5677
2948000 5676
2949000 5675
2950000 5675
2951000 5675
2952000 5676
2953000 5674
2954000 5675
2955000 5673
2956000 5674
2957000 5675
2958000 5678
2959000 5679
2960000 5678
2961000 5678
2962000 5678
2963000 5679
2964000 5679
2965000 5680
2966000 5681
2967000 5681
2968000 5681
2969000 5681
2970000 5681
2971000 5681
2972000 5683
2973000 5683
2974000 5683
2975000 5682
2976000 5682
2977000 5682
2978000 5681
2979000 5680
2980000 5681
2981000 5682
2982000 5683
2983000 5686
2984000 5687
2985000 5687
2986000 5688
2987000 5688
2988000 5689
2989000 5689
2990000 5688
2991000 5688
2992000 5688
2993000 5692
2994000 5694
2995000 5692
2996000 5694
2997000 5694
2998000 5695
2999000 5695
3000000 5693
3001000 5695
3002000 5695
3003000 5693
3004000 5694
3005000 5693
3006000 5694
3007000 5694
3008000 5695
3009000 5695
3010000 5692
3011000 5692
3012000 5692
3013000 5692
3014000 5692
3015000 5694
3016000 5692
3017000 5692
3018000 5692
3019000 5694
3020000 5692
3021000 5693
3022000 5692
3023000 5691
3024000 5693
3025000 5693
3026000 5692
3027000 5690
3028000 5690
3029000 5689
3030000 5689
3031000 5690
3032000 5690
3033000 5691
3034000 5691
3035000 5692
3036000 5691
3037000 5691
3038000 5694
3039000 5695
3040000 5695
3041000 5695
3042000 5695
3043000 5696
3044000 5695
3045000 5698
3046000 5698
3047000 5696
3048000 5697
3049000 5695
3050000 5696
3051000 5696
3052000 5695
3053000 5694
3054000 5695
3055000 5697
3056000 5697
3057000 5697
3058000 5699
3059000 5699
3060000 5696
3061000 5696
3062000 5696
3063000 5695
3064000 5695
3065000 5696
3066000 5696
3067000 5696
3068000 5696
3069000 5696
3070000 5695
3071000 5695
3072000 5699
3073000 5700
3074000 5701
3075000 5702
3076000 5702
3077000 5702
3078000 5701
3079000 5702
3080000 5705
3081000 5706
3082000 5706
3083000 5707
3084000 5708
3085000 5708
3086000 5709
3087000 5709
3088000 5708
3089000 5708
3090000 5709
3091000 5709
3092000 5709
3093000 5708
3094000 5708
3095000 5708
3096000 5706
3097000 5707
3098000 5707
3099000 5711
3100000 5711
3101000 5712
3102000 5712
3103000 5712
3104000 5713
3105000 5714
3106000 5715
3107000 5715
3108000 5717
3109000 5715
3110000 5714
3111000 5714
3112000 5714
3113000 5714
3114000 5715
3115000 5715
3116000 5714
3117000 5714
3118000 5714
3119000 5714
3120000 5714
3121000 5713
3122000 5714
3123000 5714
3124000 5714
3125000 5714
3126000 5714
3127000 5713
3128000 5714
3129000 5714
3130000 5715
3131000 5715
3132000 5717
3133000 5717
3134000 5718
3135000 5717
3136000 5716
3137000 5715
3138000 5716
3139000 5714
3140000 5713
3141000 5713
3142000 5713
3143000 5715
3144000 5715
3145000 5715
3146000 5714
3147000 5715
3148000 5715
3149000 5715
3150000 5716
3151000 5717
3152000 5718
3153000 5718
3154000 5718
3155000 5718
3156000 5719
3157000 5718
3158000 5717
3159000 5718
3160000 5719
3161000 5719
3162000 5721
3163000 5721
3164000 5721
3165000 5721
3166000 5721
3167000 5721
3168000 5721
3169000 5720
3170000 5719
3171000 5719
3172000 5720
3173000 5720
3174000 5721
3175000 5719
3176000 5718
3177000 5718
3178000 5719
3179000 5717
3180000 5716
3181000 5715
3182000 5715
3183000 5715
3184000 5715
3185000 5716
3186000 5717
3187000 5718
3188000 5718
3189000 5718
3190000 5719
3191000 5719
3192000 5719
3193000 5719
3194000 5721
3195000 5722
3196000 5722
3197000 5722
3198000 5722
3199000 5722
3200000 5723
3201000 5724
3202000 5724
3203000 5726
3204000 5726
3205000 5726
3206000 5724
3207000 5722
3208000 5723
3209000 5721
3210000 5722
3211000 5722
3212000 5722
3213000 5722
3214000 5723
3215000 5721
3216000 5721
3217000 5721
3218000 5721
3219000 5720
3220000 5720
3221000 5721
3222000 5721
3223000 5720
3224000 5720
3225000 5720
3226000 5719
3227000 5717
3228000 5721
3229000 5722
3230000 5722
3231000 5725
3232000 5725
3233000 5726
3234000 5726
3235000 5726
3236000 5726
3237000 5727
3238000 5727
3239000 5725
3240000 5725
3241000 5726
3242000 5726
3243000 5726
3244000 5725
3245000 5727
3246000 5726
3247000 5726
3248000 5726
3249000 5725
3250000 5726
3251000 5726
3252000 5727
3253000 5727
3254000 5728
3255000 5727
3256000 5728
3257000 5728
3258000 5727
3259000 5729
3260000 5728
3261000 5728
3262000 5729
3263000 5731
3264000 5731
3265000 5732
3266000 5732
3267000 5730
3268000 5728
3269000 5728
3270000 5729
3271000 5730
3272000 5729
3273000 5729
3274000 5731
3275000 5731
3276000 5731
3277000 5732
3278000 5734
3279000 5734
3280000 5734
3281000 5735
3282000 5733
3283000 5733
3284000 5732
3285000 5734
3286000 5735
3287000 5735
3288000 5734
3289000 5735
3290000 5734
3291000 5734
3292000 5734
3293000 5735
3294000 5737
3295000 5737
3296000 5738
3297000 5739
3298000 5738
3299000 5738
3300000 5738
3301000 5738
3302000 5739
3303000 5740
3304000 5740
3305000 5739
3306000 5738
3307000 5738
3308000 5738
3309000 5739
3310000 5739
3311000 5738
3312000 5737
3313000 5737
3314000 5738
3315000 5739
3316000 5739
3317000 5739
3318000 5740
3319000 5740
3320000 5740
3321000 5740
3322000 5740
3323000 5741
3324000 5740
3325000 5740
3326000 5737
3327000 5738
3328000 5738
3329000 5739
3330000 5739
3331000 5740
3332000 5741
3333000 5741
3334000 5741
3335000 5741
3336000 5740
3337000 5740
3338000 5739
3339000 5738
3340000 5738
3341000 5738
3342000 5739
3343000 5739
3344000 5741
3345000 5742
3346000 5742
3347000 5742
3348000 5742
3349000 5742
3350000 5742
3351000 5742
3352000 5741
3353000 5741
3354000 5741
3355000 5740
3356000 5742
3357000 5742
3358000 5741
3359000 5740
3360000 5740
3361000 5740
3362000 5741
3363000 5741
3364000 5742
3365000 5742
3366000 5741
3367000 5741
3368000 5741
3369000 5741
3370000 5740
3371000 5740
3372000 5743
3373000 5743
3374000 5743
3375000 5744
3376000 5743
3377000 5744
3378000 5743
3379000 5742
3380000 5742
3381000 5743
3382000 5743
3383000 5743
3384000 5743
3385000 5742
3386000 5743
3387000 5744
3388000 5745
3389000 5745
3390000 5745
3391000 5745
3392000 5746
3393000 5746
3394000 5747
3395000 5749
3396000 5748
3397000 5747
3398000 5748
3399000 5748
3400000 5749
3401000 5750
3402000 5750
3403000 5750
3404000 5750
3405000 5749
3406000 5749
3407000 5748
3408000 5750
3409000 5751
3410000 5751
3411000 5751
3412000 5750
3413000 5750
3414000 5750
3415000 5750
3416000 5750
3417000 5748
3418000 5748
3419000 5749
3420000 5749
3421000 5749
3422000 5751
3423000 5751
3424000 5752
3425000 5750
3426000 5750
3427000 5751
3428000 5751
3429000 5750
3430000 5750
3431000 5749
3432000 5749
3433000 5750
3434000 5749
3435000 5750
3436000 5748
3437000 5748
3438000 5749
3439000 5749
3440000 5748
3441000 5748
3442000 5748
3443000 5747
3444000 5746
3445000 5746
3446000 5746
3447000 5744
3448000 5744
3449000 5744
3450000 5743
3451000 5743
3452000 5743
3453000 5743
3454000 5743
3455000 5743
3456000 5744
3457000 5745
3458000 5743
3459000 5742
3460000 5740
3461000 5742
3462000 5743
3463000 5743
3464000 5743
3465000 5744
3466000 5745
3467000 5744
3468000 5745
3469000 5748
3470000 5746
3471000 5746
3472000 5745
3473000 5745
3474000 5746
3475000 5745
3476000 5745
3477000 5744
3478000 5745
3479000 5746
3480000 5745
3481000 5746
3482000 5746
3483000 5745
3484000 5745
3485000 5745
3486000 5746
3487000 5747
3488000 5747
3489000 5749
3490000 5750
3491000 5752
3492000 5753
3493000 5751
3494000 5750
3495000 5751
3496000 5751
3497000 5751
3498000 5750
3499000 5750
3500000 5748
3501000 5749
3502000 5749
3503000 5750
3504000 5751
3505000 5752
3506000 5752
3507000 5752
3508000 5752
3509000 5753
3510000 5752
3511000 5752
3512000 5753
3513000 5754
3514000 5753
3515000 5754
3516000 5755
3517000 5752
3518000 5751
3519000 5750
3520000 5750
3521000 5752
3522000 5752
3523000 5753
3524000 5754
3525000 5755
3526000 5755
3527000 5753
3528000 5755
3529000 5753
3530000 5753
3531000 5753
3532000 5752
3533000 5752
3534000 5752
3535000 5753
3536000 5751
3537000 5751
3538000 5751
3539000 5750
3540000 5749
3541000 5748
3542000 5749
3543000 5749
3544000 5749
3545000 5750
3546000 5750
3547000 5751
3548000 5751
3549000 5751
3550000 5750
3551000 5752
3552000 5754
3553000 5755
3554000 5756
3555000 5757
3556000 5759
3557000 5760
3558000 5758
3559000 5760
3560000 5760
3561000 5760
3562000 5760
3563000 5760
3564000 5760
3565000 5761
3566000 5761
3567000 5763
3568000 5764
3569000 5767
3570000 5767
3571000 5768
3572000 5769
3573000 5770
3574000 5772
3575000 5773
3576000 5773
3577000 5772
3578000 5771
3579000 5770
3580000 5768
3581000 5769
3582000 5769
3583000 5768
3584000 5769
3585000 5769
3586000 5770
3587000 5770
3588000 5772
3589000 5772
3590000 5772
3591000 5773
3592000 5773
3593000 5773
3594000 5776
3595000 5777
3596000 5777
3597000 5774
3598000 5772
3599000 5772
3600000 5772
3601000 5772
3602000 5773
3603000 5776
3604000 5777
3605000 5777
3606000 5778
3607000 5779
3608000 5779
3609000 5780
3610000 5781
3611000 5781
3612000 5783
3613000 5782
3614000 5782
3615000 5785
3616000 5785
3617000 5785
3618000 5785
3619000 5786
3620000 5784
3621000 5784
3622000 5784
3623000 5784
3624000 5784
3625000 5783
3626000 5785
3627000 5783
3628000 5782
3629000 5782
3630000 5783
3631000 5783
3632000 5782
3633000 5782
3634000 5780
3635000 5782
3636000 5781
3637000 5780
3638000 5781
3639000 5781
3640000 5780
3641000 5780
3642000 5781
3643000 5783
3644000 5784
3645000 5784
3646000 5785
3647000 5784
3648000 5782
3649000 5782
3650000 5782
3651000 5782
3652000 5781
3653000 5781
3654000 5781
3655000 5783
3656000 5784
3657000 5784
3658000 5785
3659000 5785
3660000 5784
3661000 5784
3662000 5784
3663000 5784
3664000 5785
3665000 5785
3666000 5787
3667000 5786
3668000 5787
3669000 5786
3670000 5786
3671000 5786
3672000 5786
3673000 5786
3674000 5785
3675000 5786
3676000 5784
3677000 5784
3678000 5783
3679000 5782
3680000 5784
3681000 5784
3682000 5784
3683000 5785
3684000 5787
3685000 5788
3686000 5788
3687000 5788
3688000 5787
3689000 5786
3690000 5785
3691000 5784
3692000 5785
3693000 5786
3694000 5786
3695000 5787
3696000 5788
3697000 5788
3698000 5788
3699000 5787
3700000 5787
3701000 5788
3702000 5788
3703000 5788
3704000 5789
3705000 5787
3706000 5788
3707000 5787
3708000 5788
3709000 5788
3710000 5787
3711000 5787
3712000 5787
3713000 5787
3714000 5787
3715000 5787
3716000 5787
3717000 5787
3718000 5787
3719000 5787
3720000 5787
3721000 5787
3722000 5787
3723000 5788
3724000 5789
3725000 5789
3726000 5789
3727000 5790
3728000 5789
3729000 5787
3730000 5787
3731000 5787
3732000 5787
3733000 5788
3734000 5790
3735000 5789
3736000 5790
3737000 5789
3738000 5789
3739000 5789
3740000 5790
3741000 5791
3742000 5792
3743000 5792
3744000 5792
3745000 5792
3746000 5791
3747000 5790
3748000 5790
3749000 5790
3750000 5789
3751000 5789
3752000 5789
3753000 5789
3754000 5789
3755000 5789
3756000 5787
3757000 5787
3758000 5787
3759000 5787
3760000 5786
3761000 5786
3762000 5785
3763000 5786
3764000 5786
3765000 5786
3766000 5785
3767000 5785
3768000 5786
3769000 5785
3770000 5783
3771000 5783
3772000 5785
3773000 5784
3774000 5784
3775000 5783
3776000 5785
3777000 5785
3778000 5785
3779000 5785
3780000 5785
3781000 5786
3782000 5786
3783000 5786
3784000 5785
3785000 5785
3786000 5785
3787000 5785
3788000 5785
3789000 5785
3790000 5786
3791000 5788
3792000 5788
3793000 5788
3794000 5789
3795000 5789
3796000 5790
3797000 5788
3798000 5787
3799000 5787
3800000 5787
3801000 5787
3802000 5787
3803000 5787
3804000 5786
3805000 5786
3806000 5786
3807000 5785
3808000 5785
3809000 5785
3810000 5783
3811000 5783
3812000 5783
3813000 5782
3814000 5782
3815000 5780
3816000 5781
3817000 5781
3818000 5779
3819000 5779
3820000 5778
3821000 5778
3822000 5778
3823000 5778
3824000 5779
3825000 5779
3826000 5779
3827000 5780
3828000 5780
3829000 5779
3830000 5780
3831000 5781
3832000 5782
3833000 5782
3834000 5781
3835000 5781
3836000 5780
3837000 5781
3838000 5781
3839000 5781
3840000 5782
3841000 5784
3842000 5784
3843000 5784
3844000 5784
3845000 5784
3846000 5782
3847000 5782
3848000 5781
3849000 5782
3850000 5786
3851000 5786
3852000 5786
3853000 5788
3854000 5789
3855000 5789
3856000 5790
3857000 5790
3858000 5790
3859000 5792
3860000 5792
3861000 5792
3862000 5792
3863000 5791
3864000 5793
3865000 5795
3866000 5794
3867000 5794
3868000 5795
3869000 5795
3870000 5796
3871000 5796
3872000 5796
3873000 5795
3874000 5796
3875000 5797
3876000 5798
3877000 5797
3878000 5798
3879000 5797
3880000 5797
3881000 5799
3882000 5801
3883000 5801
3884000 5803
3885000 5803
3886000 5803
3887000 5803
3888000 5803
3889000 5804
3890000 5805
3891000 5805
3892000 5806
3893000 5806
3894000 5806
3895000 5806
3896000 5806
3897000 5807
3898000 5807
3899000 5808
3900000 5810
3901000 5809
3902000 5809
3903000 5809
3904000 5808
3905000 5808
3906000 5808
3907000 5809
3908000 5809
3909000 5809
3910000 5809
3911000 5809
3912000 5810
3913000 5808
3914000 5808
3915000 5808
3916000 5807
3917000 5807
3918000 5806
3919000 5805
3920000 5804
3921000 5803
3922000 5804
3923000 5804
3924000 5806
3925000 5805
3926000 5806
3927000 5806
3928000 5804
3929000 5804
3930000 5804
3931000 5804
3932000 5805
3933000 5805
3934000 5805
3935000 5806
3936000 5806
3937000 5805
3938000 5805
3939000 5806
3940000 5806
3941000 5806
3942000 5806
3943000 5807
3944000 5806
3945000 5806
3946000 5807
3947000 5807
3948000 5807
3949000 5808
3950000 5809
3951000 5809
3952000 5808
3953000 5808
3954000 5808
3955000 5808
3956000 5807
3957000 5807
3958000 5806
3959000 5806
3960000 5806
3961000 5806
3962000 5805
3963000 5806
3964000 5806
3965000 5806
3966000 5806
3967000 5806
3968000 5804
3969000 5804
3970000 5805
3971000 5805
3972000 5805
3973000 5805
3974000 5804
3975000 5803
3976000 5804
3977000 5805
3978000 5805
3979000 5805
3980000 5806
3981000 5805
3982000 5805
3983000 5805
3984000 5805
3985000 5805
3986000 5805
3987000 5806
3988000 5805
3989000 5806
3990000 5806
3991000 5806
3992000 5805
3993000 5805
3994000 5805
3995000 5805
3996000 5804
3997000 5806
3998000 5806
3999000 5805
4000000 5803
4001000 5803
4002000 5805
4003000 5805
4004000 5805
4005000 5806
4006000 5808
4007000 5807
4008000 5807
4009000 5808
4010000 5808
4011000 5809
4012000 5809
4013000 5809
4014000 5809
4015000 5808
4016000 5807
4017000 5807
4018000 5808
4019000 5809
4020000 5809
4021000 5808
4022000 5808
4023000 5808
4024000 5808
4025000 5809
4026000 5809
4027000 5808
4028000 5807
4029000 5807
4030000 5807
4031000 5807
4032000 5806
4033000 5806
4034000 5806
4035000 5807
4036000 5808
4037000 5807
4038000 5808
4039000 5807
4040000 5805
4041000 5806
4042000 5806
4043000 5807
4044000 5808
4045000 5808
4046000 5808
4047000 5810
4048000 5810
4049000 5809
4050000 5810
4051000 5808
4052000 5809
4053000 5809
4054000 5809
4055000 5810
4056000 5810
4057000 5810
4058000 5809
4059000 5808
4060000 5808
4061000 5809
4062000 5810
4063000 5811
4064000 5812
4065000 5812
4066000 5810
4067000 5809
4068000 5810
4069000 5810
4070000 5809
4071000 5809
4072000 5809
4073000 5809
4074000 5809
4075000 5809
4076000 5811
4077000 5811
4078000 5811
4079000 5811
4080000 5812
4081000 5812
4082000 5812
4083000 5812
4084000 5811
4085000 5811
4086000 5812
4087000 5813
4088000 5815
4089000 5815
4090000 5812
4091000 5813
4092000 5815
4093000 5816
4094000 5816
4095000 5816
4096000 5815
4097000 5815
4098000 5813
4099000 5812
4100000 5812
4101000 5812
4102000 5813
4103000 5813
4104000 5813
4105000 5813
4106000 5814
4107000 5813
4108000 5813
4109000 5811
4110000 5810
4111000 5810
4112000 5811
4113000 5811
4114000 5811
4115000 5812
4116000 5812
4117000 5813
4118000 5813
4119000 5812
4120000 5813
4121000 5813
4122000 5813
4123000 5813
4124000 5813
4125000 5815
4126000 5814
4127000 5814
4128000 5814
4129000 5814
4130000 5814
4131000 5815
4132000 5816
4133000 5815
4134000 5814
4135000 5814
4136000 5815
4137000 5815
4138000 5813
4139000 5814
4140000 5815
4141000 5815
4142000 5815
4143000 5816
4144000 5816
4145000 5816
4146000 5816
4147000 5815
4148000 5815
4149000 5816
4150000 5815
4151000 5816
4152000 5816
4153000 5819
4154000 5820
4155000 5821
4156000 5820
4157000 5823
4158000 5822
4159000 5822
4160000 5822
4161000 5824
4162000 5824
4163000 5826
4164000 5826
4165000 5827
4166000 5826
4167000 5825
4168000 5825
4169000 5825
4170000 5825
4171000 5825
4172000 5826
4173000 5825
4174000 5826
4175000 5826
4176000 5828
4177000 5826
4178000 5826
4179000 5825
4180000 5825
4181000 5824
4182000 5824
4183000 5823
4184000 5824
4185000 5824
4186000 5823
4187000 5823
4188000 5822
4189000 5822
4190000 5823
4191000 5824
4192000 5824
4193000 5824
4194000 5824
4195000 5824
4196000 5824
4197000 5825
4198000 5826
4199000 5826
4200000 5825
4201000 5825
4202000 5825
4203000 5824
4204000 5824
4205000 5823
4206000 5823
4207000 5823
4208000 5824
4209000 5824
4210000 5822
4211000 5822
4212000 5822
4213000 5822
4214000 5822
4215000 5822
4216000 5822
4217000 5822
4218000 5821
4219000 5819
4220000 5820
4221000 5820
4222000 5820
4223000 5819
4224000 5820
4225000 5821
4226000 5821
4227000 5822
4228000 5822
4229000 5821
4230000 5819
4231000 5819
4232000 5821
4233000 5822
4234000 5822
4235000 5822
4236000 5822
4237000 5821
4238000 5821
4239000 5821
4240000 5820
4241000 5820
4242000 5820
4243000 5820
4244000 5820
4245000 5818
4246000 5818
4247000 5818
4248000 5820
4249000 5821
4250000 5821
4251000 5822
4252000 5822
4253000 5822
4254000 5823
4255000 5822
4256000 5822
4257000 5821
4258000 5821
4259000 5824
4260000 5824
4261000 5825
4262000 5825
4263000 5825
4264000 5825
4265000 5827
4266000 5826
4267000 5826
4268000 5825
4269000 5825
4270000 5825
4271000 5826
4272000 5827
4273000 5827
4274000 5827
4275000 5828
4276000 5828
4277000 5828
4278000 5828
4279000 5827
4280000 5828
4281000 5828
4282000 5828
4283000 5828
4284000 5827
4285000 5827
4286000 5827
4287000 5826
4288000 5825
4289000 5825
4290000 5824
4291000 5824
4292000 5825
4293000 5825
4294000 5825
4295000 5826
4296000 5825
4297000 5824
4298000 5823
4299000 5822
4300000 5822
4301000 5822
4302000 5822
4303000 5822
4304000 5823
4305000 5822
4306000 5822
4307000 5823
4308000 5823
4309000 5823
4310000 5822
4311000 5822
4312000 5822
4313000 5822
4314000 5822
4315000 5823
4316000 5823
4317000 5823
4318000 5823
4319000 5823
4320000 5823
4321000 5823
4322000 5823
4323000 5823
4324000 5823
4325000 5822
4326000 5822
4327000 5822
4328000 5820
4329000 5820
4330000 5820
4331000 5822
4332000 5822
4333000 5822
4334000 5822
4335000 5822
4336000 5822
4337000 5821
4338000 5824
4339000 5824
4340000 5824
4341000 5825
4342000 5826
4343000 5826
4344000 5825
4345000 5824
4346000 5824
4347000 5823
4348000 5822
4349000 5822
4350000 5823
4351000 5824
4352000 5823
4353000 5823
4354000 5823
4355000 5823
4356000 5823
4357000 5824
4358000 5825
4359000 5826
4360000 5827
4361000 5827
4362000 5826
4363000 5825
4364000 5825
4365000 5827
4366000 5826
4367000 5826
4368000 5827
4369000 5829
4370000 5830
4371000 5830
4372000 5831
4373000 5831
4374000 5831
4375000 5831
4376000 5831
4377000 5831
4378000 5832
4379000 5834
4380000 5834
4381000 5834
4382000 5834
4383000 5834
4384000 5833
4385000 5830
4386000 5830
4387000 5831
4388000 5828
4389000 5828
4390000 5828
4391000 5828
4392000 5829
4393000 5829
4394000 5830
4395000 5829
4396000 5829
4397000 5832
4398000 5830
4399000 5831
4400000 5830
4401000 5831
4402000 5831
4403000 5832
4404000 5832
4405000 5832
4406000 5833
4407000 5834
4408000 5834
4409000 5833
4410000 5834
4411000 5833
4412000 5833
4413000 5833
4414000 5833
4415000 5832
4416000 5834
4417000 5834
4418000 5834
4419000 5833
4420000 5833
4421000 5833
4422000 5833
4423000 5832
4424000 5832
4425000 5834
4426000 5834
4427000 5834
4428000 5834
4429000 5836
4430000 5836
4431000 5837
4432000 5837
4433000 5837
4434000 5837
4435000 5837
4436000 5837
4437000 5837
4438000 5836
4439000 5836
4440000 5833
4441000 5832
4442000 5832
4443000 5832
4444000 5834
4445000 5833
4446000 5833
4447000 5833
4448000 5833
4449000 5834
4450000 5834
4451000 5835
4452000 5835
4453000 5835
4454000 5835
4455000 5836
4456000 5835
4457000 5835
4458000 5838
4459000 5838
4460000 5838
4461000 5838
4462000 5838
4463000 5841
4464000 5842
4465000 5843
4466000 5843
4467000 5844
4468000 5844
4469000 5845
4470000 5842
4471000 5842
4472000 5842
4473000 5842
4474000 5841
4475000 5842
4476000 5842
4477000 5841
4478000 5842
4479000 5843
4480000 5841
4481000 5842
4482000 5842
4483000 5843
4484000 5844
4485000 5844
4486000 5844
4487000 5843
4488000 5845
4489000 5846
4490000 5846
4491000 5846
4492000 5846
4493000 5846
4494000 5845
4495000 5846
4496000 5847
4497000 5847
4498000 5845
4499000 5846
4500000 5845
4501000 5844
4502000 5845
4503000 5846
4504000 5845
4505000 5845
4506000 5846
4507000 5846
4508000 5846
4509000 5847
4510000 5847
4511000 5847
4512000 5847
4513000 5847
4514000 5849
4515000 5849
4516000 5849
4517000 5849
4518000 5850
4519000 5851
4520000 5851
4521000 5851
4522000 5852
4523000 5853
4524000 5855
4525000 5854
4526000 5854
4527000 5853
4528000 5852
4529000 5852
4530000 5852
4531000 5852
4532000 5853
4533000 5854
4534000 5855
4535000 5853
4536000 5853
4537000 5853
4538000 5853
4539000 5852
4540000 5852
4541000 5852
4542000 5853
4543000 5853
4544000 5855
4545000 5856
4546000 5857
4547000 5857
4548000 5857
4549000 5855
4550000 5856
4551000 5859
4552000 5861
4553000 5861
4554000 5860
4555000 5861
4556000 5861
4557000 5861
4558000 5860
4559000 5860
4560000 5860
4561000 5861
4562000 5863
4563000 5866
4564000 5868
4565000 5868
4566000 5869
4567000 5868
4568000 5869
4569000 5868
4570000 5868
4571000 5868
4572000 5869
4573000 5870
4574000 5870
4575000 5870
4576000 5870
4577000 5869
4578000 5868
4579000 5868
4580000 5868
4581000 5870
4582000 5870
4583000 5870
4584000 5870
4585000 5869
4586000 5869
4587000 5869
4588000 5870
4589000 5870
4590000 5869
4591000 5869
4592000 5870
4593000 5870
4594000 5871
4595000 5870
4596000 5870
4597000 5872
4598000 5873
4599000 5873
4600000 5874
4601000 5875
4602000 5874
4603000 5875
4604000 5875
4605000 5873
4606000 5873
4607000 5876
4608000 5877
4609000 5877
4610000 5877
4611000 5877
4612000 5876
4613000 5877
4614000 5877
4615000 5877
4616000 5877
4617000 5877
4618000 5877
4619000 5880
4620000 5880
4621000 5882
4622000 5882
4623000 5883
4624000 5882
4625000 5882
4626000 5883
4627000 5883
4628000 5883
4629000 5885
4630000 5885
4631000 5885
4632000 5885
4633000 5885
4634000 5885
4635000 5884
4636000 5885
4637000 5885
4638000 5886
4639000 5886
4640000 5886
4641000 5886
4642000 5887
4643000 5887
4644000 5887
4645000 5886
4646000 5885
4647000 5885
4648000 5884
4649000 5885
4650000 5886
4651000 5886
4652000 5887
4653000 5888
4654000 5888
4655000 5888
4656000 5890
4657000 5892
4658000 5892
4659000 5891
4660000 5891
4661000 5891
4662000 5891
4663000 5889
4664000 5890
4665000 5888
4666000 5887
4667000 5888
4668000 5887
4669000 5887
4670000 5887
4671000 5887
4672000 5888
4673000 5888
4674000 5887
4675000 5886
4676000 5886
4677000 5887
4678000 5886
4679000 5886
4680000 5886
4681000 5887
4682000 5887
4683000 5887
4684000 5888
4685000 5888
4686000 5888
4687000 5888
4688000 5888
4689000 5889
4690000 5889
4691000 5890
4692000 5891
4693000 5891
4694000 5893
4695000 5895
4696000 5894
4697000 5897
4698000 5897
4699000 5897
4700000 5899
4701000 5899
4702000 5898
4703000 5898
4704000 5898
4705000 5899
4706000 5901
4707000 5901
4708000 5900
4709000 5900
4710000 5899
4711000 5899
4712000 5901
4713000 5901
4714000 5901
4715000 5902
4716000 5902
4717000 5901
4718000 5900
4719000 5901
4720000 5901
4721000 5901
4722000 5901
4723000 5900
4724000 5900
4725000 5900
4726000 5901
4727000 5901
4728000 5901
4729000 5902
4730000 5901
4731000 5901
4732000 5901
4733000 5902
4734000 5903
4735000 5904
4736000 5905
4737000 5905
4738000 5905
4739000 5906
4740000 5905
4741000 5905
4742000 5906
4743000 5906
4744000 5905
4745000 5905
4746000 5904
4747000 5904
4748000 5904
4749000 5904
4750000 5904
4751000 5904
4752000 5905
4753000 5905
4754000 5904
4755000 5905
4756000 5905
4757000 5906
4758000 5905
4759000 5905
4760000 5907
4761000 5907
4762000 5907
4763000 5908
4764000 5908
4765000 5908
4766000 5908
4767000 5907
4768000 5907
4769000 5906
4770000 5906
4771000 5906
4772000 5908
4773000 5910
4774000 5910
4775000 5910
4776000 5911
4777000 5912
4778000 5912
4779000 5912
4780000 5911
4781000 5911
4782000 5911
4783000 5910
4784000 5911
4785000 5908
4786000 5908
4787000 5908
4788000 5907
4789000 5908
4790000 5908
4791000 5908
4792000 5908
4793000 5908
4794000 5908
4795000 5906
4796000 5905
4797000 5905
4798000 5905
4799000 5905
4800000 5904
4801000 5906
4802000 5906
4803000 5905
4804000 5906
4805000 5906
4806000 5905
4807000 5906
4808000 5908
4809000 5908
4810000 5907
4811000 5907
4812000 5907
4813000 5906
4814000 5907
4815000 5907
4816000 5905
4817000 5905
4818000 5905
4819000 5905
4820000 5904
4821000 5904
4822000 5904
4823000 5904
4824000 5903
4825000 5904
4826000 5904
4827000 5904
4828000 5905
4829000 5906
4830000 5906
4831000 5907
4832000 5907
4833000 5907
4834000 5907
4835000 5906
4836000 5906
4837000 5906
4838000 5905
4839000 5903
4840000 5902
4841000 5903
4842000 5904
4843000 5903
4844000 5904
4845000 5904
4846000 5905
4847000 5906
4848000 5906
4849000 5908
4850000 5907
4851000 5908
4852000 5908
4853000 5907
4854000 5907
4855000 5908
4856000 5910
4857000 5909
4858000 5908
4859000 5910
4860000 5910
4861000 5912
4862000 5913
4863000 5913
4864000 5913
4865000 5913
4866000 5914
4867000 5913
4868000 5914
4869000 5914
4870000 5914
4871000 5914
4872000 5917
4873000 5917
4874000 5917
4875000 5918
4876000 5918
4877000 5919
4878000 5920
4879000 5920
4880000 5921
4881000 5920
4882000 5920
4883000 5920
4884000 5921
4885000 5921
4886000 5921
4887000 5920
4888000 5920
4889000 5920
4890000 5921
4891000 5921
4892000 5921
4893000 5921
4894000 5922
4895000 5922
4896000 5922
4897000 5924
4898000 5925
4899000 5925
4900000 5925
4901000 5926
4902000 5928
4903000 5929
4904000 5929
4905000 5928
4906000 5928
4907000 5928
4908000 5929
4909000 5930
4910000 5928
4911000 5930
4912000 5930
4913000 5930
4914000 5930
4915000 5931
4916000 5931
4917000 5930
4918000 5929
4919000 5928
4920000 5927
4921000 5929
4922000 5930
4923000 5931
4924000 5931
4925000 5932
4926000 5931
4927000 5934
4928000 5934
4929000 5934
4930000 5934
4931000 5935
4932000 5934
4933000 5932
4934000 5932
4935000 5931
4936000 5930
4937000 5931
4938000 5931
4939000 5931
4940000 5931
4941000 5932
4942000 5934
4943000 5933
4944000 5933
4945000 5933
4946000 5932
4947000 5933
4948000 5932
4949000 5931
4950000 5931
4951000 5931
4952000 5931
4953000 5931
4954000 5931
4955000 5931
4956000 5930
4957000 5930
4958000 5929
4959000 5930
4960000 5930
4961000 5931
4962000 5932
4963000 5932
4964000 5932
4965000 5931
4966000 5931
4967000 5930
4968000 5930
4969000 5930
4970000 5930
4971000 5932
4972000 5932
4973000 5932
4974000 5931
4975000 5931
4976000 5934
4977000 5933
4978000 5933
4979000 5933
4980000 5934
4981000 5934
4982000 5934
4983000 5932
4984000 5934
4985000 5934
4986000 5936
4987000 5937
4988000 5939
4989000 5939
4990000 5939
4991000 5938
4992000 5938
4993000 5938
4994000 5939
4995000 5940
4996000 5940
4997000 5938
4998000 5939
4999000 5940
5000000 5938
5001000 5939
5002000 5939
5003000 5940
5004000 5940
5005000 5939
5006000 5937
5007000 5939
5008000 5939
5009000 5940
5010000 5940
5011000 5940
5012000 5939
5013000 5939
5014000 5939
5015000 5940
5016000 5939
5017000 5941
5018000 5941
5019000 5940
5020000 5941
5021000 5941
5022000 5942
5023000 5944
5024000 5944
5025000 5944
5026000 5943
5027000 5943
5028000 5943
5029000 5942
5030000 5941
5031000 5941
5032000 5943
5033000 5944
5034000 5944
5035000 5943
5036000 5943
5037000 5942
5038000 5943
5039000 5943
5040000 5944
5041000 5944
5042000 5945
5043000 5947
5044000 5949
5045000 5950
5046000 5951
5047000 5950
5048000 5951
5049000 5951
5050000 5950
5051000 5950
5052000 5949
5053000 5948
5054000 5951
5055000 5951
5056000 5951
5057000 5951
5058000 5951
5059000 5951
5060000 5951
5061000 5952
5062000 5953
5063000 5954
5064000 5954
5065000 5954
5066000 5955
5067000 5955
5068000 5956
5069000 5956
5070000 5956
5071000 5957
5072000 5959
5073000 5960
5074000 5959
5075000 5959
5076000 5960
5077000 5961
5078000 5961
5079000 5961
5080000 5961
5081000 5964
5082000 5964
5083000 5964
5084000 5964
5085000 5964
5086000 5964
5087000 5964
5088000 5964
5089000 5962
5090000 5962
5091000 5962
5092000 5962
5093000 5962
5094000 5963
5095000 5963
5096000 5963
5097000 5963
5098000 5964
5099000 5964
5100000 5963
5101000 5963
5102000 5965
5103000 5966
5104000 5966
5105000 5966
5106000 5964
5107000 5964
5108000 5965
5109000 5965
5110000 5964
5111000 5964
5112000 5964
5113000 5963
5114000 5964
5115000 5964
5116000 5964
5117000 5964
5118000 5963
5119000 5963
5120000 5963
5121000 5963
5122000 5964
5123000 5963
5124000 5964
5125000 5964
5126000 5964
5127000 5964
5128000 5965
5129000 5965
5130000 5966
5131000 5966
5132000 5967
5133000 5966
5134000 5966
5135000 5966
5136000 5966
5137000 5967
5138000 5967
5139000 5968
5140000 5969
5141000 5968
5142000 5968
5143000 5968
5144000 5968
5145000 5968
5146000 5966
5147000 5966
5148000 5966
5149000 5967
5150000 5966
5151000 5966
5152000 5966
5153000 5965
5154000 5966
5155000 5964
5156000 5968
5157000 5968
5158000 5968
5159000 5968
5160000 5967
5161000 5968
5162000 5970
5163000 5970
5164000 5970
5165000 5969
5166000 5969
5167000 5968
5168000 5969
5169000 5968
5170000 5968
5171000 5968
5172000 5968
5173000 5969
5174000 5969
5175000 5968
5176000 5968
5177000 5969
5178000 5968
5179000 5969
5180000 5967
5181000 5967
5182000 5966
5183000 5967
5184000 5967
5185000 5966
5186000 5967
5187000 5967
5188000 5968
5189000 5968
5190000 5967
5191000 5969
5192000 5969
5193000 5969
5194000 5968
5195000 5968
5196000 5969
5197000 5969
5198000 5969
5199000 5970
5200000 5971
5201000 5971
5202000 5973
5203000 5973
5204000 5972
5205000 5972
5206000 5973
5207000 5971
5208000 5971
5209000 5971
5210000 5971
5211000 5971
5212000 5972
5213000 5972
5214000 5972
5215000 5972
5216000 5974
5217000 5974
5218000 5975
5219000 5976
5220000 5976
5221000 5977
5222000 5978
5223000 5979
5224000 5978
5225000 5978
5226000 5979
5227000 5981
5228000 5981
5229000 5982
5230000 5982
5231000 5984
5232000 5984
5233000 5984
5234000 5985
5235000 5984
5236000 5986
5237000 5984
5238000 5984
5239000 5984
5240000 5983
5241000 5983
5242000 5983
5243000 5984
5244000 5986
5245000 5986
5246000 5986
5247000 5988
5248000 5989
5249000 5989
5250000 5989
5251000 5988
5252000 5987
5253000 5988
5254000 5988
5255000 5989
5256000 5989
5257000 5988
5258000 5986
5259000 5986
5260000 5986
5261000 5986
5262000 5987
5263000 5986
5264000 5985
5265000 5986
5266000 5986
5267000 5986
5268000 5988
5269000 5988
5270000 5989
5271000 5989
5272000 5989
5273000 5990
5274000 5990
5275000 5991
5276000 5991
5277000 5991
5278000 5991
5279000 5993
5280000 5992
5281000 5992
5282000 5993
5283000 5993
5284000 5993
5285000 5993
5286000 5993
5287000 5993
5288000 5992
5289000 5992
5290000 5991
5291000 5992
5292000 5993
5293000 5993
5294000 5993
5295000 5994
5296000 5994
5297000 5996
5298000 5997
5299000 5997
5300000 5999
5301000 5998
5302000 5998
5303000 5998
5304000 5997
5305000 5997
5306000 5997
5307000 5998
5308000 5997
5309000 5998
5310000 5997
5311000 5997
5312000 5997
5313000 5998
5314000 5998
5315000 5998
5316000 5998
5317000 5998
5318000 5998
5319000 5998
5320000 5999
5321000 6000
5322000 6000
5323000 6000
5324000 5999
5325000 6000
5326000 6001
5327000 6000
5328000 6000
5329000 5998
5330000 6000
5331000 6001
5332000 6002
5333000 6001
5334000 6001
5335000 6000
5336000 6000
5337000 6000
5338000 6000
5339000 5999
5340000 5999
5341000 5999
5342000 5999
5343000 6000
5344000 6000
5345000 6001
5346000 6002
5347000 6002
5348000 6002
5349000 6001
5350000 6001
5351000 6001
5352000 6001
5353000 6002
5354000 6002
5355000 6001
5356000 6002
5357000 6002
5358000 6002
5359000 6002
5360000 6000
5361000 5998
5362000 6000
5363000 6002
5364000 6002
5365000 6002
5366000 6001
5367000 6001
5368000 6001
5369000 6001
5370000 6002
5371000 6002
5372000 6002
5373000 6001
5374000 6001
5375000 6002
5376000 6001
5377000 6002
5378000 6002
5379000 6001
5380000 6001
5381000 6001
5382000 6000
5383000 6000
5384000 6000
5385000 6001
5386000 6001
5387000 6002
5388000 6002
5389000 6004
5390000 6004
5391000 6004
5392000 6003
5393000 6005
5394000 6005
5395000 6005
5396000 6007
5397000 6007
5398000 6007
5399000 6006
5400000 6006
5401000 6006
5402000 6006
5403000 6006
5404000 6007
5405000 6008
5406000 6008
5407000 6008
5408000 6008
5409000 6009
5410000 6008
5411000 6007
5412000 6007
5413000 6007
5414000 6006
5415000 6008
5416000 6007
5417000 6007
5418000 6006
5419000 6009
5420000 6008
5421000 6009
5422000 6009
5423000 6009
5424000 6009
5425000 6009
5426000 6008
5427000 6009
5428000 6010
5429000 6011
5430000 6012
5431000 6012
5432000 6012
5433000 6012
5434000 6012
5435000 6012
5436000 6012
5437000 6013
5438000 6013
5439000 6011
5440000 6010
5441000 6010
5442000 6009
5443000 6010
5444000 6010
5445000 6010
5446000 6010
5447000 6010
5448000 6011
5449000 6011
5450000 6008
5451000 6010
5452000 6010
5453000 6010
5454000 6010
5455000 6008
5456000 6010
5457000 6010
5458000 6011
5459000 6011
5460000 6010
5461000 6011
5462000 6011
5463000 6011
5464000 6011
5465000 6010
5466000 6011
5467000 6012
5468000 6011
5469000 6011
5470000 6013
5471000 6013
5472000 6013
5473000 6014
5474000 6013
5475000 6014
5476000 6013
5477000 6013
5478000 6014
5479000 6014
5480000 6013
5481000 6012
5482000 6013
5483000 6013
5484000 6013
5485000 6013
5486000 6014
5487000 6013
5488000 6013
5489000 6014
5490000 6014
5491000 6014
5492000 6016
5493000 6016
5494000 6017
5495000 6018
5496000 6018
5497000 6017
5498000 6015
5499000 6014
5500000 6014
5501000 6014
5502000 6014
5503000 6015
5504000 6016
5505000 6017
5506000 6017
5507000 6017
5508000 6017
5509000 6018
5510000 6019
5511000 6020
5512000 6020
5513000 6020
5514000 6020
5515000 6020
5516000 6020
5517000 6020
5518000 6019
5519000 6019
5520000 6019
5521000 6017
5522000 6017
5523000 6017
5524000 6018
5525000 6017
5526000 6017
5527000 6017
5528000 6018
5529000 6018
5530000 6018
5531000 6019
5532000 6019
5533000 6020
5534000 6020
5535000 6019
5536000 6019
5537000 6020
5538000 6020
5539000 6021
5540000 6023
5541000 6022
5542000 6023
5543000 6024
5544000 6026
5545000 6029
5546000 6029
5547000 6028
5548000 6030
5549000 6030
5550000 6032
5551000 6031
5552000 6031
5553000 6030
5554000 6030
5555000 6032
5556000 6032
5557000 6032
5558000 6031
5559000 6032
5560000 6031
5561000 6031
5562000 6031
5563000 6033
5564000 6033
5565000 6033
5566000 6033
5567000 6033
5568000 6034
5569000 6034
5570000 6034
5571000 6034
5572000 6036
5573000 6034
5574000 6034
5575000 6034
5576000 6035
5577000 6035
5578000 6035
5579000 6035
5580000 6036
5581000 6037
5582000 6037
5583000 6039
5584000 6039
5585000 6040
5586000 6039
5587000 6039
5588000 6038
5589000 6038
5590000 6037
5591000 6037
5592000 6037
5593000 6037
5594000 6036
5595000 6037
5596000 6037
5597000 6037
5598000 6040
5599000 6041
5600000 6041
5601000 6043
5602000 6044
5603000 6044
5604000 6045
5605000 6043
5606000 6046
5607000 6047
5608000 6047
5609000 6050
5610000 6052
5611000 6052
5612000 6052
5613000 6052
5614000 6055
5615000 6056
5616000 6057
5617000 6058
5618000 6060
5619000 6058
5620000 6058
5621000 6057
5622000 6058
5623000 6058
5624000 6058
5625000 6058
5626000 6058
5627000 6058
5628000 6058
5629000 6058
5630000 6056
5631000 6059
5632000 6061
5633000 6062
5634000 6063
5635000 6063
5636000 6062
5637000 6063
5638000 6062
5639000 6064
5640000 6066
5641000 6066
5642000 6066
5643000 6068
5644000 6069
5645000 6072
5646000 6073
5647000 6073
5648000 6074
5649000 6071
5650000 6072
5651000 6073
5652000 6073
5653000 6073
5654000 6073
5655000 6074
5656000 6072
5657000 6072
5658000 6071
5659000 6072
5660000 6073
5661000 6073
5662000 6073
5663000 6073
5664000 6073
5665000 6074
5666000 6074
5667000 6076
5668000 6075
5669000 6075
5670000 6075
5671000 6075
5672000 6075
5673000 6074
5674000 6075
5675000 6076
5676000 6077
5677000 6078
5678000 6079
5679000 6080
5680000 6080
5681000 6082
5682000 6082
5683000 6081
5684000 6082
5685000 6082
5686000 6082
5687000 6083
5688000 6083
5689000 6081
5690000 6083
5691000 6083
5692000 6083
5693000 6083
5694000 6083
5695000 6085
5696000 6086
5697000 6087
5698000 6087
5699000 6087
5700000 6088
5701000 6088
5702000 6088
5703000 6090
5704000 6090
5705000 6090
5706000 6090
5707000 6090
5708000 6090
5709000 6089
5710000 6089
5711000 6090
5712000 6091
5713000 6091
5714000 6091
5715000 6092
5716000 6093
5717000 6094
5718000 6093
5719000 6093
5720000 6093
5721000 6092
5722000 6092
5723000 6091
5724000 6091
5725000 6092
5726000 6092
5727000 6092
5728000 6094
5729000 6094
5730000 6094
5731000 6095
5732000 6096
5733000 6097
5734000 6098
5735000 6097
5736000 6099
5737000 6099
5738000 6098
5739000 6098
5740000 6099
5741000 6100
5742000 6100
5743000 6100
5744000 6101
5745000 6103
5746000 6102
5747000 6102
5748000 6101
5749000 6101
5750000 6101
5751000 6102
5752000 6105
5753000 6105
5754000 6106
5755000 6108
5756000 6108
5757000 6107
5758000 6107
5759000 6105
5760000 6106
5761000 6106
5762000 6106
5763000 6106
5764000 6108
5765000 6111
5766000 6111
5767000 6111
5768000 6111
5769000 6109
5770000 6108
5771000 6109
5772000 6108
5773000 6109
5774000 6108
5775000 6109
5776000 6109
5777000 6109
5778000 6110
5779000 6110
5780000 6111
5781000 6112
5782000 6112
5783000 6113
5784000 6115
5785000 6115
5786000 6114
5787000 6114
5788000 6113
5789000 6113
5790000 6113
5791000 6113
5792000 6113
5793000 6113
5794000 6113
5795000 6113
5796000 6113
5797000 6112
5798000 6113
5799000 6113
5800000 6114
5801000 6113
5802000 6113
5803000 6113
5804000 6114
5805000 6114
5806000 6113
5807000 6113
5808000 6113
5809000 6114
5810000 6114
5811000 6115
5812000 6117
5813000 6118
5814000 6120
5815000 6122
5816000 6123
5817000 6124
5818000 6124
5819000 6126
5820000 6125
5821000 6125
5822000 6127
5823000 6127
5824000 6126
5825000 6126
5826000 6126
5827000 6126
5828000 6126
5829000 6128
5830000 6130
5831000 6130
5832000 6131
5833000 6130
5834000 6131
5835000 6131
5836000 6134
5837000 6134
5838000 6134
5839000 6135
5840000 6135
5841000 6135
5842000 6135
5843000 6134
5844000 6135
5845000 6135
5846000 6135
5847000 6136
5848000 6137
5849000 6138
5850000 6136
5851000 6137
5852000 6137
5853000 6138
5854000 6140
5855000 6141
5856000 6143
5857000 6143
5858000 6141
5859000 6141
5860000 6141
5861000 6141
5862000 6141
5863000 6142
5864000 6142
5865000 6142
5866000 6141
5867000 6140
5868000 6140
5869000 6140
5870000 6141
5871000 6142
5872000 6143
5873000 6144
5874000 6145
5875000 6146
5876000 6146
5877000 6145
5878000 6145
5879000 6145
5880000 6145
5881000 6146
5882000 6146
5883000 6147
5884000 6147
5885000 6148
5886000 6149
5887000 6149
5888000 6149
5889000 6150
5890000 6152
5891000 6153
5892000 6153
5893000 6152
5894000 6152
5895000 6153
5896000 6154
5897000 6155
5898000 6154
5899000 6152
5900000 6151
5901000 6152
5902000 6153
5903000 6153
5904000 6155
5905000 6158
5906000 6158
5907000 6159
5908000 6158
5909000 6159
5910000 6159
5911000 6158
5912000 6161
5913000 6161
5914000 6161
5915000 6162
5916000 6162
5917000 6163
5918000 6163
5919000 6163
5920000 6162
5921000 6163
5922000 6164
5923000 6164
5924000 6165
5925000 6165
5926000 6166
5927000 6166
5928000 6167
5929000 6166
5930000 6166
5931000 6166
5932000 6166
5933000 6168
5934000 6168
5935000 6168
5936000 6168
5937000 6168
5938000 6169
5939000 6168
5940000 6168
5941000 6169
5942000 6169
5943000 6169
5944000 6169
5945000 6170
5946000 6172
5947000 6173
5948000 6174
5949000 6175
5950000 6175
5951000 6174
5952000 6173
5953000 6173
5954000 6174
5955000 6173
5956000 6173
5957000 6173
5958000 6173
5959000 6173
5960000 6173
5961000 6174
5962000 6174
5963000 6174
5964000 6173
5965000 6173
5966000 6175
5967000 6174
5968000 6174
5969000 6174
5970000 6175
5971000 6175
5972000 6176
5973000 6177
5974000 6179
5975000 6179
5976000 6178
5977000 6179
5978000 6179
5979000 6179
5980000 6179
5981000 6180
5982000 6180
5983000 6180
5984000 6181
5985000 6181
5986000 6182
5987000 6183
5988000 6184
5989000 6184
5990000 6184
5991000 6183
5992000 6184
5993000 6184
5994000 6184
5995000 6184
5996000 6186
5997000 6185
5998000 6185
5999000 6185
6000000 6185
6001000 6185
6002000 6186
6003000 6185
6004000 6185
6005000 6184
6006000 6184
6007000 6184
6008000 6185
6009000 6185
6010000 6186
6011000 6186
6012000 6186
6013000 6186
6014000 6188
6015000 6189
6016000 6190
6017000 6189
6018000 6190
6019000 6190
6020000 6190
6021000 6190
6022000 6190
6023000 6192
6024000 6193
6025000 6194
6026000 6194
6027000 6196
6028000 6197
6029000 6195
6030000 6196
6031000 6196
6032000 6196
6033000 6196
6034000 6196
6035000 6195
6036000 6195
6037000 6196
6038000 6196
6039000 6195
6040000 6195
6041000 6195
6042000 6197
6043000 6198
6044000 6199
6045000 6199
6046000 6200
6047000 6198
6048000 6199
6049000 6199
6050000 6197
6051000 6197
6052000 6197
6053000 6197
6054000 6198
6055000 6197
6056000 6198
6057000 6197
6058000 6198
6059000 6198
6060000 6197
6061000 6197
6062000 6198
6063000 6200
6064000 6202
6065000 6202
6066000 6202
6067000 6202
6068000 6202
6069000 6202
6070000 6202
6071000 6204
6072000 6203
6073000 6204
6074000 6205
6075000 6205
6076000 6205
6077000 6206
6078000 6207
6079000 6206
6080000 6205
6081000 6207
6082000 6205
6083000 6205
6084000 6206
6085000 6206
6086000 6206
6087000 6206
6088000 6206
6089000 6207
6090000 6206
6091000 6206
6092000 6209
6093000 6213
6094000 6214
6095000 6214
6096000 6214
6097000 6214
6098000 6214
6099000 6215
6100000 6215
6101000 6215
6102000 6216
6103000 6219
6104000 6219
6105000 6219
6106000 6219
6107000 6218
6108000 6220
6109000 6217
6110000 6216
6111000 6216
6112000 6218
6113000 6221
6114000 6221
6115000 6220
6116000 6221
6117000 6222
6118000 6223
6119000 6224
6120000 6222
6121000 6222
6122000 6222
6123000 6223
6124000 6224
6125000 6225
6126000 6226
6127000 6228
6128000 6228
6129000 6229
6130000 6228
6131000 6228
6132000 6229
6133000 6230
6134000 6230
6135000 6231
6136000 6232
6137000 6233
6138000 6235
6139000 6235
6140000 6235
6141000 6235
6142000 6236
6143000 6235
6144000 6234
6145000 6235
6146000 6237
6147000 6238
6148000 6240
6149000 6240
6150000 6241
6151000 6241
6152000 6243
6153000 6243
6154000 6244
6155000 6244
6156000 6244
6157000 6244
6158000 6245
6159000 6244
6160000 6244
6161000 6244
6162000 6244
6163000 6245
6164000 6246
6165000 6246
6166000 6246
6167000 6247
6168000 6247
6169000 6247
6170000 6247
6171000 6250
6172000 6251
6173000 6250
6174000 6250
6175000 6251
6176000 6251
6177000 6250
6178000 6248
6179000 6248
6180000 6247
6181000 6248
6182000 6248
6183000 6248
6184000 6249
6185000 6251
6186000 6251
6187000 6251
6188000 6251
6189000 6251
6190000 6253
6191000 6253
6192000 6253
6193000 6253
6194000 6253
6195000 6254
6196000 6256
6197000 6256
6198000 6256
6199000 6256
6200000 6257
6201000 6258
6202000 6258
6203000 6258
6204000 6257
6205000 6257
6206000 6258
6207000 6258
6208000 6257
6209000 6258
6210000 6260
6211000 6260
6212000 6262
6213000 6262
6214000 6262
6215000 6264
6216000 6265
6217000 6266
6218000 6268
6219000 6269
6220000 6269
6221000 6269
6222000 6269
6223000 6270
6224000 6271
6225000 6271
6226000 6272
6227000 6273
6228000 6273
6229000 6276
6230000 6278
6231000 6277
6232000 6278
6233000 6278
6234000 6280
6235000 6281
6236000 6284
6237000 6282
6238000 6284
6239000 6284
6240000 6285
6241000 6286
6242000 6286
6243000 6288
6244000 6290
6245000 6289
6246000 6290
6247000 6290
6248000 6290
6249000 6291
6250000 6293
6251000 6293
6252000 6293
6253000 6293
6254000 6293
6255000 6293
6256000 6294
6257000 6294
6258000 6295
6259000 6295
6260000 6294
6261000 6294
6262000 6295
6263000 6296
6264000 6297
6265000 6299
6266000 6300
6267000 6300
6268000 6300
6269000 6300
6270000 6300
6271000 6300
6272000 6300
6273000 6301
6274000 6301
6275000 6302
6276000 6304
6277000 6305
6278000 6307
6279000 6306
6280000 6305
6281000 6308
6282000 6307
6283000 6308
6284000 6307
6285000 6307
6286000 6307
6287000 6309
6288000 6310
6289000 6310
6290000 6309
6291000 6310
6292000 6311
6293000 6311
6294000 6311
6295000 6311
6296000 6313
6297000 6314
6298000 6315
6299000 6317
6300000 6317
6301000 6317
6302000 6317
6303000 6318
6304000 6318
6305000 6318
6306000 6318
6307000 6320
6308000 6321
6309000 6321
6310000 6320
6311000 6320
6312000 6319
6313000 6319
6314000 6319
6315000 6319
6316000 6319
6317000 6321
6318000 6320
6319000 6319
6320000 6320
6321000 6320
6322000 6321
6323000 6322
6324000 6324
6325000 6323
6326000 6324
6327000 6324
6328000 6324
6329000 6327
6330000 6327
6331000 6327
6332000 6327
6333000 6326
6334000 6326
6335000 6325
6336000 6325
6337000 6326
6338000 6326
6339000 6326
6340000 6327
6341000 6327
6342000 6327
6343000 6327
6344000 6328
6345000 6328
6346000 6330
6347000 6331
6348000 6333
6349000 6333
6350000 6334
6351000 6335
6352000 6336
6353000 6337
6354000 6337
6355000 6337
6356000 6337
6357000 6339
6358000 6338
6359000 6337
6360000 6337
6361000 6337
6362000 6337
6363000 6338
6364000 6339
6365000 6340
6366000 6339
6367000 6339
6368000 6340
6369000 6339
6370000 6340
6371000 6341
6372000 6341
6373000 6342
6374000 6343
6375000 6343
6376000 6344
6377000 6345
6378000 6345
6379000 6346
6380000 6344
6381000 6344
6382000 6344
6383000 6344
6384000 6345
6385000 6346
6386000 6346
6387000 6348
6388000 6348
6389000 6348
6390000 6348
6391000 6348
6392000 6349
6393000 6349
6394000 6347
6395000 6346
6396000 6348
6397000 6349
6398000 6349
6399000 6350
6400000 6350
6401000 6350
6402000 6350
6403000 6351
6404000 6351
6405000 6351
6406000 6351
6407000 6350
6408000 6350
6409000 6351
6410000 6351
6411000 6352
6412000 6353
6413000 6352
6414000 6352
6415000 6352
6416000 6352
6417000 6352
6418000 6352
6419000 6354
6420000 6354
6421000 6354
6422000 6353
6423000 6354
6424000 6354
6425000 6354
6426000 6354
6427000 6354
6428000 6353
6429000 6350
6430000 6351
6431000 6353
6432000 6353
6433000 6353
6434000 6353
6435000 6353
6436000 6353
6437000 6353
6438000 6354
6439000 6353
6440000 6354
6441000 6354
6442000 6354
6443000 6355
6444000 6355
6445000 6355
6446000 6354
6447000 6354
6448000 6354
6449000 6355
6450000 6354
6451000 6355
6452000 6355
6453000 6357
6454000 6358
6455000 6357
6456000 6356
6457000 6356
6458000 6358
6459000 6356
6460000 6357
6461000 6358
6462000 6359
6463000 6358
6464000 6358
6465000 6358
6466000 6357
6467000 6357
6468000 6356
6469000 6355
6470000 6356
6471000 6355
6472000 6355
6473000 6355
6474000 6355
6475000 6356
6476000 6356
6477000 6356
6478000 6353
6479000 6353
6480000 6354
6481000 6355
6482000 6355
6483000 6355
6484000 6357
6485000 6357
6486000 6356
6487000 6356
6488000 6356
6489000 6356
6490000 6357
6491000 6357
6492000 6358
6493000 6358
6494000 6359
6495000 6359
6496000 6359
6497000 6358
6498000 6359
6499000 6359
6500000 6359
6501000 6360
6502000 6361
6503000 6362
6504000 6363
6505000 6367
6506000 6369
6507000 6370
6508000 6369
6509000 6367
6510000 6369
6511000 6370
6512000 6369
6513000 6369
6514000 6369
6515000 6369
6516000 6369
6517000 6369
6518000 6371
6519000 6370
6520000 6371
6521000 6372
6522000 6372
6523000 6374
6524000 6372
6525000 6374
6526000 6374
6527000 6373
6528000 6375
6529000 6375
6530000 6374
6531000 6374
6532000 6374
6533000 6373
6534000 6373
6535000 6372
6536000 6372
6537000 6373
6538000 6372
6539000 6372
6540000 6371
6541000 6371
6542000 6372
6543000 6372
6544000 6371
6545000 6371
6546000 6371
6547000 6371
6548000 6371
6549000 6372
6550000 6372
6551000 6371
6552000 6373
6553000 6373
6554000 6374
6555000 6376
6556000 6376
6557000 6375
6558000 6375
6559000 6374
6560000 6374
6561000 6375
6562000 6376
6563000 6375
6564000 6375
6565000 6374
6566000 6374
6567000 6376
6568000 6376
6569000 6376
6570000 6375
6571000 6375
6572000 6374
6573000 6375
6574000 6375
6575000 6375
6576000 6376
6577000 6376
6578000 6378
6579000 6377
6580000 6379
6581000 6380
6582000 6381
6583000 6383
6584000 6384
6585000 6385
6586000 6385
6587000 6385
6588000 6385
6589000 6387
6590000 6388
6591000 6389
6592000 6390
6593000 6389
6594000 6389
6595000 6389
6596000 6389
6597000 6389
6598000 6388
6599000 6389
6600000 6386
6601000 6388
6602000 6388
6603000 6389
6604000 6389
6605000 6389
6606000 6390
6607000 6391
6608000 6391
6609000 6391
6610000 6393
6611000 6393
6612000 6393
6613000 6393
6614000 6394
6615000 6394
6616000 6396
6617000 6397
6618000 6397
6619000 6395
6620000 6396
6621000 6396
6622000 6397
6623000 6397
6624000 6399
6625000 6398
6626000 6398
6627000 6400
6628000 6398
6629000 6401
6630000 6403
6631000 6404
6632000 6406
6633000 6407
6634000 6408
6635000 6409
6636000 6410
6637000 6410
6638000 6409
6639000 6409
6640000 6410
6641000 6409
6642000 6410
6643000 6410
6644000 6411
6645000 6412
6646000 6410
6647000 6410
6648000 6412
6649000 6412
6650000 6412
6651000 6413
6652000 6415
6653000 6415
6654000 6415
6655000 6415
6656000 6415
6657000 6415
6658000 6415
6659000 6415
6660000 6414
6661000 6415
6662000 6418
6663000 6418
6664000 6417
6665000 6417
6666000 6418
6667000 6419
6668000 6420
6669000 6421
6670000 6421
6671000 6419
6672000 6420
6673000 6421
6674000 6421
6675000 6420
6676000 6422
6677000 6422
6678000 6421
6679000 6422
6680000 6422
6681000 6423
6682000 6423
6683000 6425
6684000 6427
6685000 6427
6686000 6427
6687000 6427
6688000 6428
6689000 6427
6690000 6427
6691000 6427
6692000 6427
6693000 6428
6694000 6427
6695000 6427
6696000 6428
6697000 6429
6698000 6430
6699000 6430
6700000 6432
6701000 6432
6702000 6432
6703000 6432
6704000 6432
6705000 6433
6706000 6432
6707000 6432
6708000 6432
6709000 6432
6710000 6432
6711000 6433
6712000 6435
6713000 6435
6714000 6438
6715000 6437
6716000 6437
6717000 6439
6718000 6440
6719000 6440
6720000 6441
6721000 6444
6722000 6445
6723000 6445
6724000 6447
6725000 6447
6726000 6449
6727000 6448
6728000 6448
6729000 6445
6730000 6446
6731000 6447
6732000 6447
6733000 6449
6734000 6450
6735000 6451
6736000 6451
6737000 6451
6738000 6451
6739000 6449
6740000 6450
6741000 6453
6742000 6453
6743000 6453
6744000 6456
6745000 6456
6746000 6456
6747000 6457
6748000 6456
6749000 6456
6750000 6456
6751000 6456
6752000 6459
6753000 6459
6754000 6459
6755000 6461
6756000 6461
6757000 6460
6758000 6459
6759000 6460
6760000 6462
6761000 6463
6762000 6461
6763000 6461
6764000 6463
6765000 6464
6766000 6463
6767000 6463
6768000 6464
6769000 6464
6770000 6464
6771000 6465
6772000 6466
6773000 6466
6774000 6466
6775000 6466
6776000 6466
6777000 6466
6778000 6467
6779000 6467
6780000 6468
6781000 6468
6782000 6468
6783000 6468
6784000 6468
6785000 6466
6786000 6467
6787000 6468
6788000 6468
6789000 6467
6790000 6468
6791000 6469
6792000 6469
6793000 6470
6794000 6470
6795000 6471
6796000 6469
6797000 6469
6798000 6469
6799000 6470
6800000 6470
6801000 6470
6802000 6472
6803000 6473
6804000 6473
6805000 6475
6806000 6475
6807000 6477
6808000 6478
6809000 6478
6810000 6479
6811000 6479
6812000 6479
6813000 6480
6814000 6481
6815000 6481
6816000 6479
6817000 6480
6818000 6481
6819000 6481
6820000 6480
6821000 6480
6822000 6479
6823000 6479
6824000 6481
6825000 6481
6826000 6484
6827000 6484
6828000 6484
6829000 6485
6830000 6485
6831000 6484
6832000 6484
6833000 6482
6834000 6483
6835000 6483
6836000 6484
6837000 6486
6838000 6486
6839000 6487
6840000 6486
6841000 6487
6842000 6487
6843000 6487
6844000 6488
6845000 6488
6846000 6487
6847000 6487
6848000 6487
6849000 6488
6850000 6488
6851000 6489
6852000 6490
6853000 6491
6854000 6492
6855000 6495
6856000 6496
6857000 6496
6858000 6496
6859000 6496
6860000 6496
6861000 6497
6862000 6497
6863000 6497
6864000 6499
6865000 6500
6866000 6500
6867000 6503
6868000 6504
6869000 6505
6870000 6504
6871000 6505
6872000 6506
6873000 6506
6874000 6508
6875000 6510
6876000 6514
6877000 6515
6878000 6516
6879000 6514
6880000 6513
6881000 6513
6882000 6513
6883000 6514
6884000 6515
6885000 6515
6886000 6516
6887000 6516
6888000 6517
6889000 6519
6890000 6519
6891000 6522
6892000 6522
6893000 6524
6894000 6526
6895000 6526
6896000 6527
6897000 6526
6898000 6527
6899000 6528
6900000 6526
6901000 6526
6902000 6527
6903000 6528
6904000 6527
6905000 6527
6906000 6527
6907000 6527
6908000 6528
6909000 6528
6910000 6527
6911000 6528
6912000 6527
6913000 6527
6914000 6527
6915000 6528
6916000 6529
6917000 6529
6918000 6529
6919000 6528
6920000 6528
6921000 6528
6922000 6529
6923000 6529
6924000 6532
6925000 6533
6926000 6533
6927000 6533
6928000 6535
6929000 6537
6930000 6537
6931000 6538
6932000 6539
6933000 6540
6934000 6540
6935000 6540
6936000 6542
6937000 6542
6938000 6542
6939000 6540
6940000 6539
6941000 6540
6942000 6541
6943000 6542
6944000 6543
6945000 6542
6946000 6542
6947000 6542
6948000 6542
6949000 6542
6950000 6542
6951000 6542
6952000 6542
6953000 6544
6954000 6545
6955000 6546
6956000 6546
6957000 6548
6958000 6549
6959000 6550
6960000 6549
6961000 6549
6962000 6549
6963000 6549
6964000 6551
6965000 6551
6966000 6553
6967000 6552
6968000 6555
6969000 6556
6970000 6556
6971000 6556
6972000 6556
6973000 6556
6974000 6555
6975000 6556
6976000 6555
6977000 6555
6978000 6556
6979000 6556
6980000 6556
6981000 6557
6982000 6557
6983000 6557
6984000 6557
6985000 6557
6986000 6557
6987000 6557
6988000 6558
6989000 6560
6990000 6561
6991000 6561
6992000 6561
6993000 6560
6994000 6560
6995000 6560
6996000 6559
6997000 6558
6998000 6559
6999000 6559
7000000 6558
7001000 6558
7002000 6559
7003000 6559
7004000 6559
7005000 6560
7006000 6561
7007000 6562
7008000 6561
7009000 6560
7010000 6560
7011000 6560
7012000 6561
7013000 6560
7014000 6560
7015000 6562
7016000 6562
7017000 6563
7018000 6563
7019000 6564
7020000 6564
7021000 6565
7022000 6565
7023000 6566
7024000 6567
7025000 6568
7026000 6568
7027000 6570
7028000 6570
7029000 6570
7030000 6569
7031000 6570
7032000 6570
7033000 6570
7034000 6571
7035000 6571
7036000 6572
7037000 6571
7038000 6571
7039000 6574
7040000 6574
7041000 6575
7042000 6575
7043000 6575
7044000 6577
7045000 6576
7046000 6576
7047000 6576
7048000 6577
7049000 6576
7050000 6574
7051000 6573
7052000 6573
7053000 6574
7054000 6575
7055000 6576
7056000 6577
7057000 6579
7058000 6581
7059000 6581
7060000 6582
7061000 6584
7062000 6584
7063000 6583
7064000 6584
7065000 6583
7066000 6584
7067000 6586
7068000 6587
7069000 6587
7070000 6588
7071000 6590
7072000 6590
7073000 6590
7074000 6590
7075000 6590
7076000 6589
7077000 6589
7078000 6586
7079000 6587
7080000 6587
7081000 6587
7082000 6587
7083000 6587
7084000 6587
7085000 6587
7086000 6588
7087000 6588
7088000 6587
7089000 6587
7090000 6587
7091000 6587
7092000 6587
7093000 6585
7094000 6586
7095000 6588
7096000 6589
7097000 6590
7098000 6590
7099000 6591
7100000 6591
7101000 6591
7102000 6592
7103000 6593
7104000 6593
7105000 6591
7106000 6591
7107000 6590
7108000 6591
7109000 6592
7110000 6592
7111000 6592
7112000 6593
7113000 6593
7114000 6593
7115000 6593
7116000 6593
7117000 6591
7118000 6591
7119000 6591
7120000 6593
7121000 6593
7122000 6593
7123000 6593
7124000 6593
7125000 6594
7126000 6595
7127000 6594
7128000 6594
7129000 6592
7130000 6593
7131000 6593
7132000 6593
7133000 6594
7134000 6594
7135000 6594
7136000 6594
7137000 6595
7138000 6596
7139000 6596
7140000 6596
7141000 6596
7142000 6596
7143000 6596
7144000 6599
7145000 6599
7146000 6599
7147000 6599
7148000 6600
7149000 6600
7150000 6602
7151000 6602
7152000 6602
7153000 6604
7154000 6604
7155000 6605
7156000 6606
7157000 6607
7158000 6607
7159000 6610
7160000 6612
7161000 6612
7162000 6613
7163000 6613
7164000 6615
7165000 6615
7166000 6615
7167000 6615
7168000 6615
7169000 6615
7170000 6615
7171000 6617
7172000 6617
7173000 6621
7174000 6623
7175000 6624
7176000 6623
7177000 6622
7178000 6622
7179000 6620
7180000 6620
7181000 6620
7182000 6620
7183000 6621
7184000 6621
7185000 6623
7186000 6623
7187000 6623
7188000 6626
7189000 6626
7190000 6626
7191000 6628
7192000 6628
7193000 6628
7194000 6629
7195000 6629
7196000 6630
7197000 6631
7198000 6632
7199000 6631
7200000 6632
7201000 6633
7202000 6634
7203000 6636
7204000 6638
7205000 6640
7206000 6641
7207000 6640
7208000 6641
7209000 6641
7210000 6640
7211000 6641
7212000 6643
7213000 6644
7214000 6644
7215000 6644
7216000 6644
7217000 6644
7218000 6643
7219000 6645
7220000 6645
7221000 6645
7222000 6645
7223000 6646
7224000 6645
7225000 6647
7226000 6649
7227000 6648
7228000 6647
7229000 6647
7230000 6648
7231000 6647
7232000 6647
7233000 6648
7234000 6649
7235000 6649
7236000 6649
7237000 6652
7238000 6651
7239000 6651
7240000 6651
7241000 6650
7242000 6651
7243000 6651
7244000 6652
7245000 6652
7246000 6654
7247000 6655
7248000 6655
7249000 6656
7250000 6656
7251000 6656
7252000 6656
7253000 6656
7254000 6657
7255000 6658
7256000 6657
7257000 6655
7258000 6656
7259000 6655
7260000 6658
7261000 6658
7262000 6660
7263000 6660
7264000 6660
7265000 6660
7266000 6661
7267000 6662
7268000 6663
7269000 6664
7270000 6665
7271000 6665
7272000 6665
7273000 6664
7274000 6665
7275000 6665
7276000 6665
7277000 6667
7278000 6666
7279000 6666
7280000 6663
7281000 6664
7282000 6665
7283000 6665
7284000 6667
7285000 6666
7286000 6666
7287000 6665
7288000 6666
7289000 6666
7290000 6667
7291000 6667
7292000 6668
7293000 6669
7294000 6669
7295000 6669
7296000 6669
7297000 6670
7298000 6671
7299000 6671
7300000 6670
7301000 6671
7302000 6672
7303000 6672
7304000 6673
7305000 6674
7306000 6675
7307000 6675
7308000 6675
7309000 6675
7310000 6675
7311000 6675
7312000 6676
7313000 6676
7314000 6677
7315000 6678
7316000 6679
7317000 6681
7318000 6682
7319000 6681
7320000 6681
7321000 6680
7322000 6680
7323000 6681
7324000 6683
7325000 6683
7326000 6683
7327000 6683
7328000 6680
7329000 6681
7330000 6682
7331000 6684
7332000 6684
7333000 6683
7334000 6683
7335000 6683
7336000 6683
7337000 6683
7338000 6684
7339000 6684
7340000 6682
7341000 6683
7342000 6684
7343000 6683
7344000 6682
7345000 6682
7346000 6684
7347000 6685
7348000 6684
7349000 6686
7350000 6689
7351000 6689
7352000 6688
7353000 6689
7354000 6689
7355000 6689
7356000 6689
7357000 6689
7358000 6687
7359000 6687
7360000 6687
7361000 6687
7362000 6689
7363000 6689
7364000 6691
7365000 6693
7366000 6692
7367000 6693
7368000 6694
7369000 6693
7370000 6695
7371000 6695
7372000 6695
7373000 6696
7374000 6696
7375000 6696
7376000 6696
7377000 6696
7378000 6697
7379000 6697
7380000 6697
7381000 6697
7382000 6697
7383000 6697
7384000 6697
7385000 6697
7386000 6699
7387000 6698
7388000 6698
7389000 6697
7390000 6697
7391000 6698
7392000 6698
7393000 6699
7394000 6701
7395000 6704
7396000 6704
7397000 6704
7398000 6704
7399000 6705
7400000 6704
7401000 6704
7402000 6702
7403000 6701
7404000 6701
7405000 6703
7406000 6703
7407000 6704
7408000 6704
7409000 6705
7410000 6707
7411000 6709
7412000 6710
7413000 6711
7414000 6713
7415000 6713
7416000 6715
7417000 6716
7418000 6714
7419000 6713
7420000 6713
7421000 6713
7422000 6715
7423000 6719
7424000 6719
7425000 6719
7426000 6720
7427000 6720
7428000 6721
7429000 6723
7430000 6723
7431000 6724
7432000 6721
7433000 6721
7434000 6724
7435000 6723
7436000 6724
7437000 6723
7438000 6724
7439000 6722
7440000 6722
7441000 6722
7442000 6722
7443000 6721
7444000 6721
7445000 6722
7446000 6723
7447000 6724
7448000 6723
7449000 6724
7450000 6725
7451000 6727
7452000 6729
7453000 6729
7454000 6731
7455000 6733
7456000 6733
7457000 6735
7458000 6735
7459000 6734
7460000 6731
7461000 6732
7462000 6733
7463000 6734
7464000 6735
7465000 6735
7466000 6735
7467000 6736
7468000 6737
7469000 6737
7470000 6735
7471000 6736
7472000 6737
7473000 6738
7474000 6738
7475000 6738
7476000 6738
7477000 6739
7478000 6739
7479000 6739
7480000 6738
7481000 6738
7482000 6739
7483000 6738
7484000 6737
7485000 6739
7486000 6741
7487000 6742
7488000 6743
7489000 6744
7490000 6744
7491000 6747
7492000 6748
7493000 6749
7494000 6751
7495000 6752
7496000 6752
7497000 6754
7498000 6753
7499000 6753
7500000 6754
7501000 6754
7502000 6754
7503000 6755
7504000 6757
7505000 6757
7506000 6757
7507000 6757
7508000 6758
7509000 6760
7510000 6759
7511000 6759
7512000 6760
7513000 6763
7514000 6763
7515000 6763
7516000 6762
7517000 6761
7518000 6761
7519000 6760
7520000 6760
7521000 6760
7522000 6760
7523000 6762
7524000 6762
7525000 6762
7526000 6763
7527000 6763
7528000 6764
7529000 6764
7530000 6764
7531000 6764
7532000 6764
7533000 6763
7534000 6763
7535000 6764
7536000 6765
7537000 6764
7538000 6765
7539000 6768
7540000 6768
7541000 6769
7542000 6769
7543000 6772
7544000 6772
7545000 6771
7546000 6773
7547000 6774
7548000 6777
7549000 6777
7550000 6777
7551000 6777
7552000 6778
7553000 6777
7554000 6778
7555000 6777
7556000 6779
7557000 6779
7558000 6780
7559000 6782
7560000 6780
7561000 6779
7562000 6779
7563000 6783
7564000 6783
7565000 6784
7566000 6784
7567000 6784
7568000 6787
7569000 6787
7570000 6787
7571000 6788
7572000 6788
7573000 6790
7574000 6792
7575000 6793
7576000 6793
7577000 6792
7578000 6791
7579000 6793
7580000 6794
7581000 6793
7582000 6796
7583000 6796
7584000 6797
7585000 6797
7586000 6797
7587000 6798
7588000 6799
7589000 6801
7590000 6801
7591000 6801
7592000 6802
7593000 6803
7594000 6803
7595000 6803
7596000 6804
7597000 6804
7598000 6805
7599000 6803
7600000 6804
7601000 6804
7602000 6806
7603000 6806
7604000 6807
7605000 6808
7606000 6808
7607000 6810
7608000 6810
7609000 6810
7610000 6810
7611000 6810
7612000 6812
7613000 6813
7614000 6813
7615000 6813
7616000 6814
7617000 6814
7618000 6814
7619000 6814
7620000 6815
7621000 6815
7622000 6814
7623000 6816
7624000 6817
7625000 6820
7626000 6822
7627000 6824
7628000 6824
7629000 6824
7630000 6826
7631000 6826
7632000 6826
7633000 6826
7634000 6826
7635000 6829
7636000 6826
7637000 6828
7638000 6826
7639000 6826
7640000 6829
7641000 6833
7642000 6835
7643000 6835
7644000 6835
7645000 6836
7646000 6836
7647000 6836
7648000 6838
7649000 6839
7650000 6838
7651000 6838
7652000 6838
7653000 6838
7654000 6836
7655000 6836
7656000 6837
7657000 6838
7658000 6837
7659000 6838
7660000 6838
7661000 6840
7662000 6841
7663000 6841
7664000 6843
7665000 6843
7666000 6844
7667000 6844
7668000 6845
7669000 6847
7670000 6846
7671000 6848
7672000 6850
7673000 6847
7674000 6848
7675000 6847
7676000 6846
7677000 6849
7678000 6848
7679000 6847
7680000 6849
7681000 6849
