0 251353
1000 251337
2000 251273
3000 251182
4000 251139
5000 251124
6000 251111
7000 251100
8000 251076
9000 251046
10000 251133
11000 251066
12000 250957
13000 250833
14000 250714
15000 250623
16000 250526
17000 250420
18000 250302
19000 250174
20000 250176
21000 250029
22000 249857
23000 249697
24000 249529
25000 249391
26000 249255
27000 249123
28000 248970
29000 248825
30000 248824
31000 248673
32000 248502
33000 248342
34000 248189
35000 248039
36000 247909
37000 247756
38000 247608
39000 247481
40000 247464
41000 247323
42000 247169
43000 247034
44000 246885
45000 246762
46000 246645
47000 246532
48000 246424
49000 246317
50000 246340
51000 246218
52000 246078
53000 245964
54000 245864
55000 245772
56000 245683
57000 245613
58000 245503
59000 245414
60000 245436
61000 245348
62000 245260
63000 245168
64000 245071
65000 245003
66000 244926
67000 244856
68000 244787
69000 244723
70000 244792
71000 244723
72000 244648
73000 244564
74000 244493
75000 244448
76000 244403
77000 244370
78000 244331
79000 244290
80000 244369
81000 244327
82000 244264
83000 244198
84000 244127
85000 244087
86000 244039
87000 244010
88000 243971
89000 243943
90000 244011
91000 243972
92000 243917
93000 243862
94000 243820
95000 243777
96000 243744
97000 243717
98000 243668
99000 243652
100000 243709
101000 243669
102000 243629
103000 243568
104000 243528
105000 243498
106000 243467
107000 243438
108000 243409
109000 243391
110000 243460
111000 243438
112000 243405
113000 243347
114000 243308
115000 243289
116000 243273
117000 243246
118000 243224
119000 243198
120000 243274
121000 243253
122000 243204
123000 243153
124000 243102
125000 243082
126000 243056
127000 243040
128000 243015
129000 242993
130000 243073
131000 243055
132000 243023
133000 242984
134000 242945
135000 242918
136000 242900
137000 242885
138000 242874
139000 242854
140000 242950
141000 242918
142000 242877
143000 242845
144000 242808
145000 242781
146000 242769
147000 242755
148000 242744
149000 242734
150000 242832
151000 242814
152000 242784
153000 242744
154000 242709
155000 242685
156000 242675
157000 242657
158000 242636
159000 242623
160000 242707
161000 242687
162000 242654
163000 242613
164000 242591
165000 242570
166000 242553
167000 242546
168000 242535
169000 242523
170000 242622
171000 242607
172000 242578
173000 242538
174000 242513
175000 242496
176000 242487
177000 242474
178000 242463
179000 242459
180000 242535
181000 242519
182000 242494
183000 242449
184000 242425
185000 242411
186000 242402
187000 242397
188000 242387
189000 242383
190000 242470
191000 242459
192000 242429
193000 242395
194000 242378
195000 242369
196000 242357
197000 242343
198000 242336
199000 242328
200000 242408
201000 242403
202000 242377
203000 242359
204000 242345
205000 242336
206000 242324
207000 242323
208000 242316
209000 242306
210000 242402
211000 242393
212000 242364
213000 242345
214000 242318
215000 242307
216000 242300
217000 242285
218000 242276
219000 242269
220000 242348
221000 242336
222000 242318
223000 242300
224000 242284
225000 242272
226000 242260
227000 242253
228000 242248
229000 242243
230000 242331
231000 242320
232000 242301
233000 242258
234000 242230
235000 242212
236000 242200
237000 242191
238000 242180
239000 242171
240000 242264
241000 242241
242000 242210
243000 242183
244000 242153
245000 242133
246000 242119
247000 242106
248000 242089
249000 242069
250000 242160
251000 242134
252000 242105
253000 242060
254000 242039
255000 242027
256000 242010
257000 241993
258000 241979
259000 241964
260000 242047
261000 242023
262000 242002
263000 241967
264000 241947
265000 241930
266000 241915
267000 241896
268000 241887
269000 241878
270000 241945
271000 241922
272000 241884
273000 241836
274000 241808
275000 241789
276000 241780
277000 241769
278000 241750
279000 241742
280000 241818
281000 241785
282000 241753
283000 241722
284000 241698
285000 241680
286000 241665
287000 241656
288000 241641
289000 241633
290000 241717
291000 241705
292000 241678
293000 241644
294000 241619
295000 241600
296000 241590
297000 241575
298000 241566
299000 241556
300000 241626
301000 241619
302000 241601
303000 241567
304000 241544
305000 241530
306000 241517
307000 241507
308000 241496
309000 241490
310000 241579
311000 241566
312000 241544
313000 241509
314000 241487
315000 241468
316000 241461
317000 241450
318000 241446
319000 241445
320000 241521
321000 241511
322000 241477
323000 241452
324000 241438
325000 241429
326000 241419
327000 241412
328000 241410
329000 241407
330000 241482
331000 241472
332000 241453
333000 241431
334000 241414
335000 241401
336000 241395
337000 241389
338000 241388
339000 241378
340000 241445
341000 241435
342000 241416
343000 241381
344000 241358
345000 241356
346000 241345
347000 241346
348000 241340
349000 241339
350000 241429
351000 241418
352000 241392
353000 241361
354000 241342
355000 241336
356000 241331
357000 241328
358000 241323
359000 241315
360000 241404
361000 241398
362000 241376
363000 241343
364000 241329
365000 241314
366000 241309
367000 241306
368000 241299
369000 241293
370000 241378
371000 241373
372000 241350
373000 241326
374000 241310
375000 241303
376000 241294
377000 241293
378000 241294
379000 241290
380000 241381
381000 241381
382000 241367
383000 241346
384000 241333
385000 241324
386000 241316
387000 241311
388000 241304
389000 241300
390000 241362
391000 241359
392000 241338
393000 241309
394000 241298
395000 241292
396000 241291
397000 241285
398000 241285
399000 241286
400000 241367
401000 241360
402000 241341
403000 241310
404000 241287
405000 241277
406000 241275
407000 241280
408000 241274
409000 241270
410000 241361
411000 241350
412000 241321
413000 241302
414000 241289
415000 241276
416000 241275
417000 241275
418000 241275
419000 241275
420000 241361
421000 241349
422000 241335
423000 241306
424000 241285
425000 241277
426000 241269
427000 241263
428000 241261
429000 241253
430000 241343
431000 241337
432000 241306
433000 241279
434000 241265
435000 241258
436000 241257
437000 241252
438000 241247
439000 241238
440000 241313
441000 241306
442000 241282
443000 241263
444000 241248
445000 241238
446000 241237
447000 241232
448000 241228
449000 241230
450000 241311
451000 241307
452000 241294
453000 241269
454000 241247
455000 241238
456000 241238
457000 241230
458000 241229
459000 241226
460000 241305
461000 241296
462000 241280
463000 241250
464000 241230
465000 241224
466000 241218
467000 241216
468000 241220
469000 241214
470000 241300
471000 241291
472000 241280
473000 241254
474000 241248
475000 241246
476000 241240
477000 241243
478000 241240
479000 241240
480000 241325
481000 241313
482000 241288
483000 241262
484000 241246
485000 241240
486000 241230
487000 241231
488000 241229
489000 241230
490000 241305
491000 241297
492000 241281
493000 241249
494000 241234
495000 241222
496000 241218
497000 241216
498000 241211
499000 241209
500000 241288
501000 241276
502000 241257
503000 241231
504000 241207
505000 241200
506000 241194
507000 241191
508000 241186
509000 241180
510000 241265
511000 241256
512000 241236
513000 241212
514000 241193
515000 241184
516000 241181
517000 241180
518000 241176
519000 241173
520000 241258
521000 241251
522000 241234
523000 241218
524000 241198
525000 241191
526000 241188
527000 241190
528000 241187
529000 241185
530000 241260
531000 241255
532000 241227
533000 241207
534000 241195
535000 241191
536000 241188
537000 241181
538000 241180
539000 241178
540000 241262
541000 241255
542000 241234
543000 241212
544000 241196
545000 241188
546000 241184
547000 241185
548000 241178
549000 241172
550000 241250
551000 241242
552000 241227
553000 241202
554000 241195
555000 241185
556000 241177
557000 241172
558000 241168
559000 241170
560000 241265
561000 241252
562000 241230
563000 241210
564000 241192
565000 241183
566000 241179
567000 241175
568000 241172
569000 241167
570000 241242
571000 241237
572000 241213
573000 241186
574000 241166
575000 241164
576000 241154
577000 241149
578000 241146
579000 241142
580000 241233
581000 241225
582000 241200
583000 241171
584000 241152
585000 241145
586000 241141
587000 241140
588000 241135
589000 241132
590000 241206
591000 241195
592000 241173
593000 241139
594000 241118
595000 241112
596000 241107
597000 241105
598000 241097
599000 241098
600000 241166
601000 241161
602000 241141
603000 241117
604000 241099
605000 241091
606000 241091
607000 241088
608000 241084
609000 241078
610000 241160
611000 241159
612000 241145
613000 241127
614000 241106
615000 241098
616000 241099
617000 241099
618000 241096
619000 241096
620000 241174
621000 241165
622000 241148
623000 241119
624000 241092
625000 241085
626000 241072
627000 241070
628000 241066
629000 241063
630000 241134
631000 241118
632000 241098
633000 241068
634000 241049
635000 241043
636000 241036
637000 241036
638000 241036
639000 241029
640000 241113
641000 241100
642000 241077
643000 241048
644000 241036
645000 241031
646000 241033
647000 241034
648000 241029
649000 241022
650000 241085
651000 241077
652000 241061
653000 241032
654000 241012
655000 241006
656000 241001
657000 240996
658000 240993
659000 240989
660000 241053
661000 241042
662000 241028
663000 241003
664000 240989
665000 240982
666000 240982
667000 240977
668000 240978
669000 240974
670000 241035
671000 241027
672000 241007
673000 240977
674000 240964
675000 240956
676000 240952
677000 240945
678000 240939
679000 240936
680000 241004
681000 240993
682000 240978
683000 240952
684000 240943
685000 240937
686000 240939
687000 240934
688000 240933
689000 240933
690000 241018
691000 241011
692000 240989
693000 240968
694000 240946
695000 240938
696000 240933
697000 240931
698000 240931
699000 240927
700000 241006
701000 241000
702000 240984
703000 240965
704000 240949
705000 240945
706000 240942
707000 240940
708000 240943
709000 240936
710000 241015
711000 241001
712000 240985
713000 240946
714000 240920
715000 240914
716000 240906
717000 240903
718000 240902
719000 240901
720000 240984
721000 240978
722000 240957
723000 240936
724000 240921
725000 240913
726000 240906
727000 240900
728000 240898
729000 240897
730000 240983
731000 240973
732000 240947
733000 240915
734000 240896
735000 240890
736000 240892
737000 240888
738000 240887
739000 240885
740000 240943
741000 240943
742000 240921
743000 240895
744000 240874
745000 240868
746000 240863
747000 240864
748000 240858
749000 240858
750000 240932
751000 240925
752000 240899
753000 240879
754000 240859
755000 240855
756000 240849
757000 240848
758000 240843
759000 240846
760000 240928
761000 240919
762000 240898
763000 240875
764000 240858
765000 240850
766000 240850
767000 240851
768000 240852
769000 240851
770000 240942
771000 240935
772000 240913
773000 240892
774000 240877
775000 240875
776000 240869
777000 240864
778000 240864
779000 240861
780000 240966
781000 240959
782000 240940
783000 240912
784000 240902
785000 240894
786000 240894
787000 240892
788000 240886
789000 240882
790000 240963
791000 240955
792000 240938
793000 240915
794000 240899
795000 240889
796000 240882
797000 240879
798000 240875
799000 240872
800000 240949
801000 240938
802000 240927
803000 240908
804000 240892
805000 240889
806000 240884
807000 240879
808000 240876
809000 240874
810000 240951
811000 240941
812000 240914
813000 240891
814000 240872
815000 240864
816000 240857
817000 240854
818000 240854
819000 240847
820000 240917
821000 240910
822000 240878
823000 240859
824000 240841
825000 240834
826000 240833
827000 240829
828000 240830
829000 240825
830000 240892
831000 240885
832000 240869
833000 240845
834000 240836
835000 240828
836000 240821
837000 240818
838000 240813
839000 240815
840000 240892
841000 240881
842000 240852
843000 240834
844000 240818
845000 240812
846000 240804
847000 240798
848000 240794
849000 240788
850000 240868
851000 240870
852000 240844
853000 240832
854000 240820
855000 240815
856000 240811
857000 240805
858000 240802
859000 240800
860000 240881
861000 240877
862000 240857
863000 240830
864000 240807
865000 240802
866000 240797
867000 240793
868000 240787
869000 240786
870000 240876
871000 240869
872000 240846
873000 240821
874000 240813
875000 240801
876000 240790
877000 240782
878000 240780
879000 240778
880000 240859
881000 240847
882000 240834
883000 240814
884000 240798
885000 240794
886000 240789
887000 240786
888000 240783
889000 240777
890000 240838
891000 240827
892000 240818
893000 240791
894000 240781
895000 240771
896000 240767
897000 240761
898000 240755
899000 240752
900000 240828
901000 240818
902000 240800
903000 240776
904000 240759
905000 240755
906000 240746
907000 240743
908000 240741
909000 240737
910000 240824
911000 240820
912000 240795
913000 240771
914000 240767
915000 240763
916000 240755
917000 240753
918000 240747
919000 240742
920000 240826
921000 240816
922000 240805
923000 240781
924000 240768
925000 240759
926000 240750
927000 240746
928000 240741
929000 240739
930000 240805
931000 240797
932000 240772
933000 240753
934000 240737
935000 240728
936000 240724
937000 240722
938000 240722
939000 240714
940000 240783
941000 240779
942000 240747
943000 240715
944000 240704
945000 240697
946000 240697
947000 240696
948000 240694
949000 240690
950000 240771
951000 240759
952000 240746
953000 240730
954000 240720
955000 240714
956000 240712
957000 240707
958000 240699
959000 240694
960000 240762
961000 240744
962000 240722
963000 240703
964000 240686
965000 240682
966000 240676
967000 240679
968000 240672
969000 240675
970000 240753
971000 240741
972000 240724
973000 240703
974000 240685
975000 240673
976000 240672
977000 240672
978000 240668
979000 240659
980000 240736
981000 240734
982000 240712
983000 240685
984000 240673
985000 240662
986000 240658
987000 240649
988000 240646
989000 240648
990000 240723
991000 240716
992000 240693
993000 240664
994000 240649
995000 240645
996000 240645
997000 240639
998000 240634
999000 240631
1000000 240683
1001000 240671
1002000 240651
1003000 240628
1004000 240619
1005000 240607
1006000 240601
1007000 240597
1008000 240589
1009000 240584
1010000 240643
1011000 240627
1012000 240606
1013000 240585
1014000 240571
1015000 240566
1016000 240562
1017000 240562
1018000 240560
1019000 240560
1020000 240625
1021000 240613
1022000 240594
1023000 240573
1024000 240551
1025000 240539
1026000 240535
1027000 240536
1028000 240533
1029000 240526
1030000 240607
1031000 240601
1032000 240580
1033000 240550
1034000 240527
1035000 240521
1036000 240514
1037000 240513
1038000 240514
1039000 240509
1040000 240591
1041000 240579
1042000 240560
1043000 240536
1044000 240515
1045000 240501
1046000 240496
1047000 240494
1048000 240490
1049000 240488
1050000 240562
1051000 240549
1052000 240530
1053000 240511
1054000 240498
1055000 240494
1056000 240495
1057000 240490
1058000 240482
1059000 240480
1060000 240549
1061000 240546
1062000 240519
1063000 240488
1064000 240478
1065000 240471
1066000 240468
1067000 240468
1068000 240462
1069000 240455
1070000 240519
1071000 240506
1072000 240480
1073000 240460
1074000 240448
1075000 240433
1076000 240432
1077000 240431
1078000 240429
1079000 240426
1080000 240495
1081000 240488
1082000 240473
1083000 240447
1084000 240435
1085000 240426
1086000 240420
1087000 240418
1088000 240414
1089000 240417
1090000 240488
1091000 240479
1092000 240457
1093000 240430
1094000 240417
1095000 240408
1096000 240404
1097000 240395
1098000 240394
1099000 240389
1100000 240465
1101000 240454
1102000 240429
1103000 240401
1104000 240388
1105000 240377
1106000 240369
1107000 240369
1108000 240364
1109000 240362
1110000 240454
1111000 240438
1112000 240423
1113000 240386
1114000 240376
1115000 240372
1116000 240365
1117000 240359
1118000 240351
1119000 240349
1120000 240411
1121000 240407
1122000 240387
1123000 240352
1124000 240329
1125000 240323
1126000 240316
1127000 240308
1128000 240304
1129000 240300
1130000 240388
1131000 240379
1132000 240353
1133000 240322
1134000 240304
1135000 240296
1136000 240290
1137000 240284
1138000 240277
1139000 240272
1140000 240340
1141000 240329
1142000 240304
1143000 240274
1144000 240250
1145000 240238
1146000 240233
1147000 240223
1148000 240216
1149000 240218
1150000 240304
1151000 240295
1152000 240278
1153000 240257
1154000 240236
1155000 240228
1156000 240226
1157000 240220
1158000 240213
1159000 240212
1160000 240278
1161000 240273
1162000 240247
1163000 240223
1164000 240212
1165000 240204
1166000 240194
1167000 240191
1168000 240189
1169000 240179
1170000 240258
1171000 240242
1172000 240218
1173000 240205
1174000 240191
1175000 240181
1176000 240174
1177000 240169
1178000 240167
1179000 240159
1180000 240239
1181000 240226
1182000 240206
1183000 240175
1184000 240156
1185000 240148
1186000 240141
1187000 240136
1188000 240134
1189000 240138
1190000 240212
1191000 240208
1192000 240185
1193000 240156
1194000 240132
1195000 240126
1196000 240126
1197000 240120
1198000 240119
1199000 240109
1200000 240183
1201000 240174
1202000 240142
1203000 240127
1204000 240113
1205000 240111
1206000 240108
1207000 240103
1208000 240099
1209000 240092
1210000 240159
1211000 240152
1212000 240128
1213000 240100
1214000 240087
1215000 240084
1216000 240076
1217000 240071
1218000 240069
1219000 240064
1220000 240138
1221000 240132
1222000 240105
1223000 240078
1224000 240059
1225000 240055
1226000 240047
1227000 240039
1228000 240038
1229000 240040
1230000 240102
1231000 240090
1232000 240076
1233000 240049
1234000 240030
1235000 240023
1236000 240015
1237000 240003
1238000 240000
1239000 239991
1240000 240057
1241000 240044
1242000 240020
1243000 239994
1244000 239976
1245000 239971
1246000 239957
1247000 239950
1248000 239943
1249000 239936
1250000 240024
1251000 240012
1252000 239994
1253000 239963
1254000 239944
1255000 239934
1256000 239925
1257000 239914
1258000 239909
1259000 239908
1260000 239998
1261000 239985
1262000 239961
1263000 239933
1264000 239910
1265000 239899
1266000 239888
1267000 239885
1268000 239880
1269000 239876
1270000 239932
1271000 239920
1272000 239903
1273000 239878
1274000 239866
1275000 239854
1276000 239854
1277000 239852
1278000 239841
1279000 239840
1280000 239939
1281000 239927
1282000 239903
1283000 239873
1284000 239857
1285000 239847
1286000 239842
1287000 239838
1288000 239833
1289000 239829
1290000 239898
1291000 239885
1292000 239860
1293000 239831
1294000 239816
1295000 239807
1296000 239797
1297000 239789
1298000 239785
1299000 239779
1300000 239859
1301000 239857
1302000 239846
1303000 239824
1304000 239813
1305000 239806
1306000 239802
1307000 239793
1308000 239790
1309000 239785
1310000 239849
1311000 239843
1312000 239824
1313000 239802
1314000 239782
1315000 239775
1316000 239769
1317000 239760
1318000 239755
1319000 239753
1320000 239827
1321000 239809
1322000 239787
1323000 239752
1324000 239732
1325000 239722
1326000 239718
1327000 239713
1328000 239712
1329000 239707
1330000 239799
1331000 239790
1332000 239776
1333000 239753
1334000 239729
1335000 239718
1336000 239713
1337000 239708
1338000 239699
1339000 239694
1340000 239760
1341000 239755
1342000 239730
1343000 239711
1344000 239694
1345000 239683
1346000 239677
1347000 239673
1348000 239670
1349000 239664
1350000 239722
1351000 239713
1352000 239691
1353000 239656
1354000 239642
1355000 239635
1356000 239627
1357000 239621
1358000 239620
1359000 239615
1360000 239695
1361000 239688
1362000 239659
1363000 239633
1364000 239613
1365000 239605
1366000 239594
1367000 239588
1368000 239587
1369000 239585
1370000 239658
1371000 239641
1372000 239617
1373000 239588
1374000 239573
1375000 239564
1376000 239561
1377000 239558
1378000 239555
1379000 239547
1380000 239618
1381000 239608
1382000 239583
1383000 239557
1384000 239545
1385000 239532
1386000 239529
1387000 239527
1388000 239525
1389000 239518
1390000 239591
1391000 239584
1392000 239566
1393000 239539
1394000 239530
1395000 239514
1396000 239510
1397000 239510
1398000 239504
1399000 239498
1400000 239578
1401000 239565
1402000 239535
1403000 239516
1404000 239504
1405000 239497
1406000 239492
1407000 239493
1408000 239485
1409000 239475
1410000 239551
1411000 239540
1412000 239514
1413000 239500
1414000 239491
1415000 239487
1416000 239479
1417000 239477
1418000 239475
1419000 239471
1420000 239549
1421000 239531
1422000 239505
1423000 239485
1424000 239474
1425000 239467
1426000 239453
1427000 239450
1428000 239446
1429000 239437
1430000 239508
1431000 239496
1432000 239466
1433000 239455
1434000 239441
1435000 239430
1436000 239419
1437000 239412
1438000 239409
1439000 239405
1440000 239478
1441000 239463
1442000 239441
1443000 239415
1444000 239402
1445000 239394
1446000 239391
1447000 239385
1448000 239387
1449000 239379
1450000 239462
1451000 239448
1452000 239419
1453000 239404
1454000 239396
1455000 239389
1456000 239385
1457000 239381
1458000 239377
1459000 239371
1460000 239451
1461000 239441
1462000 239416
1463000 239391
1464000 239378
1465000 239366
1466000 239361
1467000 239359
1468000 239350
1469000 239348
1470000 239424
1471000 239413
1472000 239388
1473000 239367
1474000 239353
1475000 239342
1476000 239336
1477000 239330
1478000 239329
1479000 239327
1480000 239411
1481000 239401
1482000 239375
1483000 239348
1484000 239329
1485000 239321
1486000 239313
1487000 239314
1488000 239309
1489000 239301
1490000 239379
1491000 239367
1492000 239346
1493000 239334
1494000 239324
1495000 239318
1496000 239310
1497000 239302
1498000 239292
1499000 239286
1500000 239367
1501000 239356
1502000 239325
1503000 239296
1504000 239278
1505000 239268
1506000 239265
1507000 239256
1508000 239252
1509000 239246
1510000 239311
1511000 239301
1512000 239287
1513000 239262
1514000 239241
1515000 239239
1516000 239227
1517000 239214
1518000 239207
1519000 239203
1520000 239285
1521000 239280
1522000 239268
1523000 239245
1524000 239225
1525000 239205
1526000 239199
1527000 239197
1528000 239185
1529000 239177
1530000 239243
1531000 239233
1532000 239211
1533000 239185
1534000 239164
1535000 239153
1536000 239143
1537000 239135
1538000 239129
1539000 239130
1540000 239205
1541000 239195
1542000 239171
1543000 239140
1544000 239118
1545000 239106
1546000 239100
1547000 239087
1548000 239080
1549000 239075
1550000 239160
1551000 239153
1552000 239116
1553000 239087
1554000 239067
1555000 239052
1556000 239047
1557000 239039
1558000 239040
1559000 239036
1560000 239107
1561000 239089
1562000 239077
1563000 239038
1564000 239024
1565000 239014
1566000 239006
1567000 239004
1568000 239000
1569000 238996
1570000 239060
1571000 239042
1572000 239019
1573000 238994
1574000 238982
1575000 238970
1576000 238964
1577000 238959
1578000 238959
1579000 238959
1580000 239032
1581000 239028
1582000 239008
1583000 238968
1584000 238947
1585000 238943
1586000 238938
1587000 238936
1588000 238936
1589000 238927
1590000 239011
1591000 239004
1592000 238986
1593000 238967
1594000 238960
1595000 238942
1596000 238943
1597000 238942
1598000 238936
1599000 238929
1600000 239016
1601000 239004
1602000 238987
1603000 238965
1604000 238949
1605000 238945
1606000 238939
1607000 238934
1608000 238925
1609000 238920
1610000 238993
1611000 238981
1612000 238967
1613000 238938
1614000 238914
1615000 238907
1616000 238897
1617000 238891
1618000 238885
1619000 238876
1620000 238959
1621000 238944
1622000 238931
1623000 238903
1624000 238879
1625000 238867
1626000 238862
1627000 238853
1628000 238848
1629000 238846
1630000 238917
1631000 238906
1632000 238882
1633000 238856
1634000 238840
1635000 238830
1636000 238821
1637000 238817
1638000 238816
1639000 238814
1640000 238885
1641000 238873
1642000 238861
1643000 238828
1644000 238811
1645000 238795
1646000 238787
1647000 238781
1648000 238774
1649000 238768
1650000 238838
1651000 238830
1652000 238814
1653000 238793
1654000 238772
1655000 238763
1656000 238760
1657000 238754
1658000 238756
1659000 238752
1660000 238828
1661000 238810
1662000 238788
1663000 238759
1664000 238744
1665000 238738
1666000 238734
1667000 238730
1668000 238730
1669000 238729
1670000 238803
1671000 238796
1672000 238779
1673000 238751
1674000 238740
1675000 238729
1676000 238718
1677000 238713
1678000 238706
1679000 238699
1680000 238771
1681000 238758
1682000 238734
1683000 238712
1684000 238697
1685000 238687
1686000 238681
1687000 238674
1688000 238660
1689000 238654
1690000 238721
1691000 238720
1692000 238690
1693000 238658
1694000 238631
1695000 238623
1696000 238618
1697000 238615
1698000 238613
1699000 238614
1700000 238688
1701000 238679
1702000 238660
1703000 238623
1704000 238606
1705000 238596
1706000 238590
1707000 238587
1708000 238576
1709000 238571
1710000 238646
1711000 238629
1712000 238607
1713000 238594
1714000 238579
1715000 238565
1716000 238558
1717000 238555
1718000 238551
1719000 238542
1720000 238627
1721000 238619
1722000 238597
1723000 238573
1724000 238553
1725000 238543
1726000 238536
1727000 238533
1728000 238532
1729000 238524
1730000 238593
1731000 238581
1732000 238559
1733000 238525
1734000 238507
1735000 238493
1736000 238489
1737000 238482
1738000 238478
1739000 238472
1740000 238560
1741000 238550
1742000 238528
1743000 238500
1744000 238481
1745000 238464
1746000 238456
1747000 238454
1748000 238451
1749000 238447
1750000 238509
1751000 238497
1752000 238465
1753000 238444
1754000 238427
1755000 238418
1756000 238413
1757000 238408
1758000 238401
1759000 238393
1760000 238459
1761000 238448
1762000 238427
1763000 238407
1764000 238391
1765000 238383
1766000 238374
1767000 238366
1768000 238361
1769000 238356
1770000 238406
1771000 238397
1772000 238377
1773000 238355
1774000 238341
1775000 238332
1776000 238328
1777000 238322
1778000 238315
1779000 238314
1780000 238374
1781000 238358
1782000 238337
1783000 238311
1784000 238295
1785000 238286
1786000 238281
1787000 238277
1788000 238269
1789000 238267
1790000 238348
1791000 238338
1792000 238318
1793000 238295
1794000 238282
1795000 238274
1796000 238271
1797000 238266
1798000 238264
1799000 238261
1800000 238328
1801000 238312
1802000 238285
1803000 238265
1804000 238244
1805000 238228
1806000 238231
1807000 238226
1808000 238224
1809000 238223
1810000 238299
1811000 238299
1812000 238277
1813000 238249
1814000 238232
1815000 238227
1816000 238223
1817000 238225
1818000 238224
1819000 238219
1820000 238289
1821000 238276
1822000 238258
1823000 238239
1824000 238214
1825000 238209
1826000 238197
1827000 238186
1828000 238185
1829000 238180
1830000 238263
1831000 238255
1832000 238236
1833000 238206
1834000 238189
1835000 238179
1836000 238177
1837000 238170
1838000 238167
1839000 238160
1840000 238236
1841000 238219
1842000 238201
1843000 238173
1844000 238157
1845000 238144
1846000 238131
1847000 238128
1848000 238123
1849000 238111
1850000 238188
1851000 238178
1852000 238160
1853000 238136
1854000 238115
1855000 238109
1856000 238096
1857000 238084
1858000 238078
1859000 238068
1860000 238134
1861000 238122
1862000 238105
1863000 238079
1864000 238069
1865000 238066
1866000 238063
1867000 238056
1868000 238056
1869000 238045
1870000 238122
1871000 238109
1872000 238097
1873000 238073
1874000 238058
1875000 238052
1876000 238050
1877000 238047
1878000 238043
1879000 238037
1880000 238119
1881000 238114
1882000 238088
1883000 238071
1884000 238059
1885000 238047
1886000 238036
1887000 238034
1888000 238022
1889000 238017
1890000 238070
1891000 238055
1892000 238029
1893000 237999
1894000 237985
1895000 237977
1896000 237977
1897000 237971
1898000 237970
1899000 237964
1900000 238046
1901000 238041
1902000 238023
1903000 238007
1904000 237979
1905000 237968
1906000 237962
1907000 237963
1908000 237957
1909000 237952
1910000 238021
1911000 238008
1912000 237989
1913000 237965
1914000 237951
1915000 237940
1916000 237936
1917000 237930
1918000 237926
1919000 237921
1920000 237996
1921000 237981
1922000 237956
1923000 237935
1924000 237918
1925000 237914
1926000 237906
1927000 237904
1928000 237898
1929000 237893
1930000 237977
1931000 237965
1932000 237935
1933000 237917
1934000 237906
1935000 237893
1936000 237883
1937000 237872
1938000 237866
1939000 237858
1940000 237941
1941000 237926
1942000 237901
1943000 237873
1944000 237848
1945000 237841
1946000 237838
1947000 237827
1948000 237822
1949000 237826
1950000 237904
1951000 237895
1952000 237867
1953000 237836
1954000 237814
1955000 237801
1956000 237796
1957000 237792
1958000 237790
1959000 237785
1960000 237833
1961000 237824
1962000 237798
1963000 237771
1964000 237755
1965000 237752
1966000 237746
1967000 237739
1968000 237733
1969000 237726
1970000 237813
1971000 237797
1972000 237778
1973000 237756
1974000 237735
1975000 237731
1976000 237734
1977000 237726
1978000 237718
1979000 237709
1980000 237766
1981000 237754
1982000 237727
1983000 237695
1984000 237675
1985000 237662
1986000 237648
1987000 237644
1988000 237644
1989000 237633
1990000 237705
1991000 237695
1992000 237667
1993000 237647
1994000 237625
1995000 237613
1996000 237609
1997000 237608
1998000 237607
1999000 237600
2000000 237690
2001000 237679
2002000 237660
2003000 237629
2004000 237616
2005000 237599
2006000 237595
2007000 237587
2008000 237584
2009000 237582
2010000 237668
2011000 237659
2012000 237633
2013000 237610
2014000 237593
2015000 237587
2016000 237586
2017000 237583
2018000 237578
2019000 237569
2020000 237637
2021000 237629
2022000 237608
2023000 237581
2024000 237574
2025000 237560
2026000 237553
2027000 237547
2028000 237539
2029000 237538
2030000 237611
2031000 237600
2032000 237576
2033000 237549
2034000 237539
2035000 237529
2036000 237522
2037000 237516
2038000 237507
2039000 237502
2040000 237584
2041000 237573
2042000 237545
2043000 237517
2044000 237500
2045000 237491
2046000 237485
2047000 237482
2048000 237475
2049000 237472
2050000 237550
2051000 237532
2052000 237512
2053000 237483
2054000 237465
2055000 237456
2056000 237450
2057000 237446
2058000 237443
2059000 237440
2060000 237510
2061000 237501
2062000 237469
2063000 237451
2064000 237437
2065000 237425
2066000 237417
2067000 237413
2068000 237407
2069000 237400
2070000 237480
2071000 237469
2072000 237444
2073000 237414
2074000 237397
2075000 237398
2076000 237392
2077000 237390
2078000 237383
2079000 237375
2080000 237433
2081000 237427
2082000 237415
2083000 237386
2084000 237374
2085000 237367
2086000 237364
2087000 237361
2088000 237357
2089000 237352
2090000 237418
2091000 237410
2092000 237390
2093000 237362
2094000 237349
2095000 237336
2096000 237328
2097000 237325
2098000 237321
2099000 237316
2100000 237396
2101000 237382
2102000 237351
2103000 237332
2104000 237313
2105000 237302
2106000 237298
2107000 237296
2108000 237288
2109000 237289
2110000 237356
2111000 237339
2112000 237320
2113000 237306
2114000 237293
2115000 237285
2116000 237281
2117000 237276
2118000 237267
2119000 237259
2120000 237332
2121000 237325
2122000 237309
2123000 237278
2124000 237266
2125000 237261
2126000 237253
2127000 237247
2128000 237241
2129000 237226
2130000 237295
2131000 237281
2132000 237250
2133000 237229
2134000 237213
2135000 237197
2136000 237189
2137000 237181
2138000 237177
2139000 237175
2140000 237245
2141000 237232
2142000 237214
2143000 237186
2144000 237159
2145000 237149
2146000 237140
2147000 237134
2148000 237130
2149000 237124
2150000 237204
2151000 237194
2152000 237159
2153000 237136
2154000 237110
2155000 237101
2156000 237097
2157000 237087
2158000 237083
2159000 237082
2160000 237167
2161000 237161
2162000 237137
2163000 237104
2164000 237085
2165000 237069
2166000 237065
2167000 237059
2168000 237059
2169000 237057
2170000 237116
2171000 237104
2172000 237091
2173000 237068
2174000 237052
2175000 237045
2176000 237041
2177000 237036
2178000 237029
2179000 237022
2180000 237092
2181000 237082
2182000 237066
2183000 237043
2184000 237021
2185000 237013
2186000 237008
2187000 237000
2188000 237000
2189000 236997
2190000 237074
2191000 237060
2192000 237038
2193000 237017
2194000 237010
2195000 236996
2196000 236988
2197000 236978
2198000 236974
2199000 236963
2200000 237027
2201000 237010
2202000 236993
2203000 236965
2204000 236950
2205000 236941
2206000 236940
2207000 236935
2208000 236923
2209000 236909
2210000 236982
2211000 236969
2212000 236952
2213000 236927
2214000 236907
2215000 236908
2216000 236904
2217000 236906
2218000 236903
2219000 236904
2220000 236981
2221000 236973
2222000 236960
2223000 236932
2224000 236912
2225000 236901
2226000 236889
2227000 236888
2228000 236881
2229000 236870
2230000 236950
2231000 236943
2232000 236919
2233000 236897
2234000 236872
2235000 236858
2236000 236846
2237000 236845
2238000 236834
2239000 236826
2240000 236890
2241000 236881
2242000 236857
2243000 236826
2244000 236806
2245000 236793
2246000 236782
2247000 236777
2248000 236771
2249000 236769
2250000 236844
2251000 236840
2252000 236823
2253000 236794
2254000 236775
2255000 236765
2256000 236763
2257000 236755
2258000 236753
2259000 236752
2260000 236819
2261000 236808
2262000 236791
2263000 236762
2264000 236741
2265000 236727
2266000 236727
2267000 236728
2268000 236719
2269000 236716
2270000 236781
2271000 236768
2272000 236752
2273000 236733
2274000 236719
2275000 236712
2276000 236700
2277000 236696
2278000 236692
2279000 236684
2280000 236764
2281000 236753
2282000 236732
2283000 236700
2284000 236686
2285000 236674
2286000 236665
2287000 236662
2288000 236663
2289000 236659
2290000 236738
2291000 236723
2292000 236711
2293000 236688
2294000 236678
2295000 236666
2296000 236666
2297000 236667
2298000 236668
2299000 236665
2300000 236734
2301000 236724
2302000 236703
2303000 236688
2304000 236669
2305000 236662
2306000 236651
2307000 236649
2308000 236646
2309000 236641
2310000 236726
2311000 236717
2312000 236706
2313000 236673
2314000 236655
2315000 236646
2316000 236645
2317000 236634
2318000 236635
2319000 236626
2320000 236690
2321000 236671
2322000 236652
2323000 236631
2324000 236613
2325000 236611
2326000 236606
2327000 236604
2328000 236600
2329000 236594
2330000 236686
2331000 236677
2332000 236657
2333000 236636
2334000 236613
2335000 236611
2336000 236606
2337000 236597
2338000 236589
2339000 236582
2340000 236656
2341000 236644
2342000 236623
2343000 236596
2344000 236580
2345000 236578
2346000 236574
2347000 236566
2348000 236560
2349000 236554
2350000 236641
2351000 236628
2352000 236612
2353000 236600
2354000 236585
2355000 236569
2356000 236555
2357000 236549
2358000 236545
2359000 236537
2360000 236614
2361000 236601
2362000 236591
2363000 236572
2364000 236550
2365000 236548
2366000 236542
2367000 236538
2368000 236534
2369000 236528
2370000 236609
2371000 236599
2372000 236574
2373000 236544
2374000 236524
2375000 236517
2376000 236509
2377000 236499
2378000 236499
2379000 236492
2380000 236568
2381000 236558
2382000 236538
2383000 236508
2384000 236489
2385000 236484
2386000 236482
2387000 236477
2388000 236473
2389000 236464
2390000 236531
2391000 236529
2392000 236524
2393000 236498
2394000 236481
2395000 236470
2396000 236468
2397000 236463
2398000 236459
2399000 236458
2400000 236540
2401000 236530
2402000 236500
2403000 236473
2404000 236463
2405000 236451
2406000 236446
2407000 236444
2408000 236437
2409000 236435
2410000 236504
2411000 236486
2412000 236470
2413000 236449
2414000 236432
2415000 236425
2416000 236421
2417000 236421
2418000 236418
2419000 236410
2420000 236496
2421000 236485
2422000 236458
2423000 236435
2424000 236411
2425000 236394
2426000 236391
2427000 236386
2428000 236381
2429000 236375
2430000 236455
2431000 236445
2432000 236428
2433000 236409
2434000 236386
2435000 236388
2436000 236383
2437000 236379
2438000 236372
2439000 236367
2440000 236432
2441000 236424
2442000 236415
2443000 236398
2444000 236380
2445000 236377
2446000 236377
2447000 236372
2448000 236366
2449000 236362
2450000 236434
2451000 236425
2452000 236396
2453000 236363
2454000 236344
2455000 236334
2456000 236331
2457000 236325
2458000 236321
2459000 236312
2460000 236395
2461000 236383
2462000 236365
2463000 236338
2464000 236320
2465000 236307
2466000 236295
2467000 236287
2468000 236282
2469000 236281
2470000 236355
2471000 236345
2472000 236321
2473000 236292
2474000 236266
2475000 236260
2476000 236257
2477000 236246
2478000 236239
2479000 236235
2480000 236306
2481000 236285
2482000 236256
2483000 236231
2484000 236211
2485000 236201
2486000 236198
2487000 236195
2488000 236186
2489000 236182
2490000 236265
2491000 236252
2492000 236241
2493000 236215
2494000 236207
2495000 236194
2496000 236189
2497000 236184
2498000 236183
2499000 236182
2500000 236270
2501000 236260
2502000 236235
2503000 236202
2504000 236185
2505000 236180
2506000 236174
2507000 236171
2508000 236170
2509000 236166
2510000 236245
2511000 236231
2512000 236211
2513000 236190
2514000 236176
2515000 236170
2516000 236169
2517000 236164
2518000 236161
2519000 236159
2520000 236233
2521000 236227
2522000 236209
2523000 236181
2524000 236164
2525000 236160
2526000 236154
2527000 236145
2528000 236140
2529000 236133
2530000 236203
2531000 236193
2532000 236169
2533000 236143
2534000 236137
2535000 236130
2536000 236120
2537000 236117
2538000 236118
2539000 236110
2540000 236192
2541000 236183
2542000 236155
2543000 236134
2544000 236122
2545000 236114
2546000 236108
2547000 236104
2548000 236097
2549000 236086
2550000 236160
2551000 236154
2552000 236133
2553000 236096
2554000 236077
2555000 236065
2556000 236060
2557000 236058
2558000 236049
2559000 236049
2560000 236130
2561000 236123
2562000 236106
2563000 236076
2564000 236062
2565000 236053
2566000 236037
2567000 236034
2568000 236028
2569000 236024
2570000 236102
2571000 236088
2572000 236068
2573000 236044
2574000 236033
2575000 236018
2576000 236011
2577000 236003
2578000 235996
2579000 235993
2580000 236051
2581000 236041
2582000 236026
2583000 236000
2584000 235984
2585000 235977
2586000 235970
2587000 235963
2588000 235960
2589000 235953
2590000 236036
2591000 236028
2592000 236004
2593000 235981
2594000 235970
2595000 235957
2596000 235952
2597000 235947
2598000 235943
2599000 235940
2600000 235999
2601000 235981
2602000 235968
2603000 235943
2604000 235931
2605000 235923
2606000 235920
2607000 235908
2608000 235900
2609000 235894
2610000 235959
2611000 235955
2612000 235931
2613000 235916
2614000 235906
2615000 235903
2616000 235891
2617000 235888
2618000 235886
2619000 235887
2620000 235964
2621000 235952
2622000 235926
2623000 235894
2624000 235878
2625000 235864
2626000 235858
2627000 235850
2628000 235842
2629000 235836
2630000 235908
2631000 235902
2632000 235884
2633000 235866
2634000 235851
2635000 235843
2636000 235842
2637000 235835
2638000 235831
2639000 235816
2640000 235879
2641000 235859
2642000 235833
2643000 235813
2644000 235803
2645000 235794
2646000 235786
2647000 235783
2648000 235777
2649000 235757
2650000 235836
2651000 235823
2652000 235799
2653000 235772
2654000 235753
2655000 235742
2656000 235736
2657000 235732
2658000 235730
2659000 235729
2660000 235805
2661000 235791
2662000 235770
2663000 235750
2664000 235743
2665000 235737
2666000 235736
2667000 235737
2668000 235728
2669000 235720
2670000 235801
2671000 235788
2672000 235777
2673000 235746
2674000 235732
2675000 235727
2676000 235718
2677000 235713
2678000 235706
2679000 235703
2680000 235768
2681000 235754
2682000 235736
2683000 235712
2684000 235695
2685000 235683
2686000 235678
2687000 235672
2688000 235669
2689000 235663
2690000 235751
2691000 235729
2692000 235717
2693000 235694
2694000 235674
2695000 235662
2696000 235656
2697000 235647
2698000 235641
2699000 235632
2700000 235713
2701000 235702
2702000 235675
2703000 235648
2704000 235633
2705000 235624
2706000 235620
2707000 235616
2708000 235611
2709000 235609
2710000 235688
2711000 235683
2712000 235660
2713000 235643
2714000 235620
2715000 235614
2716000 235611
2717000 235608
2718000 235604
2719000 235600
2720000 235647
2721000 235635
2722000 235623
2723000 235602
2724000 235585
2725000 235585
2726000 235577
2727000 235566
2728000 235564
2729000 235555
2730000 235632
2731000 235628
2732000 235605
2733000 235574
2734000 235552
2735000 235547
2736000 235538
2737000 235534
2738000 235529
2739000 235524
2740000 235598
2741000 235587
2742000 235565
2743000 235544
2744000 235530
2745000 235519
2746000 235518
2747000 235514
2748000 235509
2749000 235498
2750000 235580
2751000 235569
2752000 235550
2753000 235521
2754000 235495
2755000 235486
2756000 235478
2757000 235475
2758000 235469
2759000 235466
2760000 235537
2761000 235525
2762000 235507
2763000 235487
2764000 235469
2765000 235463
2766000 235459
2767000 235458
2768000 235452
2769000 235450
2770000 235534
2771000 235527
2772000 235506
2773000 235489
2774000 235477
2775000 235477
2776000 235476
2777000 235480
2778000 235474
2779000 235464
2780000 235537
2781000 235523
2782000 235494
2783000 235466
2784000 235455
2785000 235444
2786000 235445
2787000 235444
2788000 235441
2789000 235441
2790000 235521
2791000 235506
2792000 235492
2793000 235466
2794000 235443
2795000 235441
2796000 235441
2797000 235436
2798000 235431
2799000 235426
2800000 235494
2801000 235478
2802000 235455
2803000 235421
2804000 235404
2805000 235395
2806000 235388
2807000 235383
2808000 235380
2809000 235377
2810000 235462
2811000 235447
2812000 235417
2813000 235381
2814000 235364
2815000 235357
2816000 235357
2817000 235358
2818000 235359
2819000 235356
2820000 235431
2821000 235421
2822000 235396
2823000 235374
2824000 235366
2825000 235357
2826000 235353
2827000 235349
2828000 235338
2829000 235335
2830000 235408
2831000 235388
2832000 235367
2833000 235331
2834000 235306
2835000 235299
2836000 235289
2837000 235287
2838000 235283
2839000 235281
2840000 235346
2841000 235334
2842000 235311
2843000 235292
2844000 235271
2845000 235259
2846000 235252
2847000 235246
2848000 235244
2849000 235241
2850000 235333
2851000 235322
2852000 235297
2853000 235278
2854000 235260
2855000 235246
2856000 235242
2857000 235241
2858000 235240
2859000 235232
2860000 235320
2861000 235305
2862000 235281
2863000 235252
2864000 235235
2865000 235221
2866000 235216
2867000 235209
2868000 235207
2869000 235197
2870000 235273
2871000 235266
2872000 235241
2873000 235210
2874000 235198
2875000 235194
2876000 235195
2877000 235188
2878000 235182
2879000 235184
2880000 235246
2881000 235236
2882000 235224
2883000 235207
2884000 235190
2885000 235181
2886000 235177
2887000 235171
2888000 235167
2889000 235161
2890000 235232
2891000 235229
2892000 235205
2893000 235187
2894000 235181
2895000 235179
2896000 235174
2897000 235175
2898000 235167
2899000 235166
2900000 235231
2901000 235219
2902000 235189
2903000 235177
2904000 235157
2905000 235153
2906000 235151
2907000 235148
2908000 235147
2909000 235141
2910000 235214
2911000 235208
2912000 235184
2913000 235152
2914000 235134
2915000 235131
2916000 235129
2917000 235123
2918000 235111
2919000 235107
2920000 235180
2921000 235175
2922000 235157
2923000 235129
2924000 235106
2925000 235098
2926000 235087
2927000 235084
2928000 235073
2929000 235069
2930000 235159
2931000 235142
2932000 235115
2933000 235090
2934000 235069
2935000 235059
2936000 235053
2937000 235053
2938000 235046
2939000 235046
2940000 235127
2941000 235112
2942000 235097
2943000 235071
2944000 235051
2945000 235038
2946000 235034
2947000 235025
2948000 235021
2949000 235011
2950000 235081
2951000 235067
2952000 235051
2953000 235032
2954000 235018
2955000 235013
2956000 235009
2957000 235007
2958000 235003
2959000 234999
2960000 235078
2961000 235068
2962000 235039
2963000 235018
2964000 235000
2965000 234990
2966000 234991
2967000 234989
2968000 234983
2969000 234979
2970000 235071
2971000 235060
2972000 235046
2973000 235016
2974000 234997
2975000 234990
2976000 234987
2977000 234987
2978000 234980
2979000 234979
2980000 235038
2981000 235024
2982000 235002
2983000 234968
2984000 234952
2985000 234943
2986000 234939
2987000 234933
2988000 234928
2989000 234923
2990000 234995
2991000 234981
2992000 234961
2993000 234935
2994000 234922
2995000 234910
2996000 234901
2997000 234896
2998000 234888
2999000 234889
3000000 234934
3001000 234918
3002000 234905
3003000 234889
3004000 234871
3005000 234861
3006000 234857
3007000 234855
3008000 234852
3009000 234849
3010000 234946
3011000 234936
3012000 234930
3013000 234903
3014000 234891
3015000 234886
3016000 234876
3017000 234869
3018000 234866
3019000 234863
3020000 234935
3021000 234925
3022000 234898
3023000 234865
3024000 234842
3025000 234828
3026000 234820
3027000 234810
3028000 234798
3029000 234790
3030000 234887
3031000 234875
3032000 234848
3033000 234824
3034000 234803
3035000 234796
3036000 234792
3037000 234786
3038000 234778
3039000 234774
3040000 234846
3041000 234843
3042000 234829
3043000 234794
3044000 234777
3045000 234764
3046000 234763
3047000 234762
3048000 234761
3049000 234751
3050000 234825
3051000 234814
3052000 234796
3053000 234769
3054000 234749
3055000 234736
3056000 234736
3057000 234735
3058000 234733
3059000 234721
3060000 234800
3061000 234789
3062000 234765
3063000 234737
3064000 234716
3065000 234707
3066000 234703
3067000 234702
3068000 234698
3069000 234696
3070000 234758
3071000 234747
3072000 234727
3073000 234699
3074000 234679
3075000 234669
3076000 234665
3077000 234660
3078000 234653
3079000 234645
3080000 234721
3081000 234714
3082000 234695
3083000 234676
3084000 234656
3085000 234645
3086000 234633
3087000 234628
3088000 234623
3089000 234621
3090000 234705
3091000 234699
3092000 234674
3093000 234653
3094000 234632
3095000 234625
3096000 234615
3097000 234606
3098000 234603
3099000 234607
3100000 234701
3101000 234694
3102000 234661
3103000 234636
3104000 234616
3105000 234609
3106000 234601
3107000 234594
3108000 234589
3109000 234585
3110000 234644
3111000 234639
3112000 234620
3113000 234599
3114000 234578
3115000 234573
3116000 234569
3117000 234568
3118000 234561
3119000 234559
3120000 234631
3121000 234629
3122000 234602
3123000 234582
3124000 234564
3125000 234554
3126000 234550
3127000 234543
3128000 234536
3129000 234530
3130000 234611
3131000 234598
3132000 234582
3133000 234550
3134000 234545
3135000 234536
3136000 234529
3137000 234517
3138000 234509
3139000 234497
3140000 234577
3141000 234565
3142000 234542
3143000 234515
3144000 234497
3145000 234485
3146000 234479
3147000 234475
3148000 234468
3149000 234466
3150000 234547
3151000 234535
3152000 234519
3153000 234497
3154000 234474
3155000 234467
3156000 234461
3157000 234455
3158000 234446
3159000 234440
3160000 234514
3161000 234509
3162000 234494
3163000 234472
3164000 234450
3165000 234447
3166000 234441
3167000 234437
3168000 234432
3169000 234427
3170000 234505
3171000 234496
3172000 234480
3173000 234448
3174000 234430
3175000 234420
3176000 234413
3177000 234409
3178000 234407
3179000 234402
3180000 234475
3181000 234469
3182000 234456
3183000 234431
3184000 234415
3185000 234407
3186000 234401
3187000 234398
3188000 234394
3189000 234391
3190000 234447
3191000 234437
3192000 234418
3193000 234398
3194000 234392
3195000 234389
3196000 234381
3197000 234375
3198000 234374
3199000 234365
3200000 234435
3201000 234428
3202000 234404
3203000 234377
3204000 234351
3205000 234341
3206000 234338
3207000 234330
3208000 234325
3209000 234326
3210000 234406
3211000 234393
3212000 234370
3213000 234340
3214000 234324
3215000 234319
3216000 234312
3217000 234306
3218000 234298
3219000 234289
3220000 234371
3221000 234355
3222000 234339
3223000 234311
3224000 234302
3225000 234294
3226000 234285
3227000 234279
3228000 234274
3229000 234266
3230000 234343
3231000 234334
3232000 234311
3233000 234284
3234000 234269
3235000 234261
3236000 234248
3237000 234241
3238000 234247
3239000 234244
3240000 234309
3241000 234294
3242000 234278
3243000 234252
3244000 234239
3245000 234231
3246000 234225
3247000 234218
3248000 234212
3249000 234205
3250000 234277
3251000 234268
3252000 234244
3253000 234212
3254000 234195
3255000 234182
3256000 234179
3257000 234175
3258000 234167
3259000 234168
3260000 234239
3261000 234224
3262000 234201
3263000 234190
3264000 234179
3265000 234167
3266000 234159
3267000 234152
3268000 234146
3269000 234142
3270000 234215
3271000 234200
3272000 234168
3273000 234141
3274000 234130
3275000 234123
3276000 234121
3277000 234116
3278000 234109
3279000 234103
3280000 234161
3281000 234154
3282000 234133
3283000 234105
3284000 234091
3285000 234081
3286000 234076
3287000 234074
3288000 234068
3289000 234066
3290000 234146
3291000 234136
3292000 234118
3293000 234106
3294000 234095
3295000 234087
3296000 234083
3297000 234073
3298000 234066
3299000 234064
3300000 234134
3301000 234127
3302000 234097
3303000 234079
3304000 234054
3305000 234045
3306000 234041
3307000 234034
3308000 234034
3309000 234033
3310000 234113
3311000 234107
3312000 234082
3313000 234055
3314000 234044
3315000 234036
3316000 234034
3317000 234033
3318000 234032
3319000 234032
3320000 234095
3321000 234078
3322000 234059
3323000 234035
3324000 234015
3325000 233995
3326000 233991
3327000 233988
3328000 233983
3329000 233976
3330000 234061
3331000 234056
3332000 234026
3333000 233998
3334000 233983
3335000 233973
3336000 233973
3337000 233970
3338000 233960
3339000 233946
3340000 234024
3341000 234016
3342000 233992
3343000 233966
3344000 233945
3345000 233941
3346000 233932
3347000 233925
3348000 233925
3349000 233921
3350000 233992
3351000 233968
3352000 233942
3353000 233921
3354000 233903
3355000 233897
3356000 233890
3357000 233885
3358000 233879
3359000 233878
3360000 233957
3361000 233951
3362000 233935
3363000 233915
3364000 233905
3365000 233892
3366000 233884
3367000 233882
3368000 233874
3369000 233871
3370000 233931
3371000 233917
3372000 233900
3373000 233885
3374000 233868
3375000 233863
3376000 233855
3377000 233856
3378000 233853
3379000 233850
3380000 233918
3381000 233913
3382000 233887
3383000 233867
3384000 233851
3385000 233836
3386000 233834
3387000 233830
3388000 233825
3389000 233826
3390000 233897
3391000 233885
3392000 233865
3393000 233843
3394000 233831
3395000 233817
3396000 233814
3397000 233810
3398000 233801
3399000 233795
3400000 233870
3401000 233865
3402000 233845
3403000 233820
3404000 233814
3405000 233804
3406000 233795
3407000 233789
3408000 233783
3409000 233776
3410000 233850
3411000 233843
3412000 233826
3413000 233790
3414000 233773
3415000 233770
3416000 233763
3417000 233764
3418000 233759
3419000 233755
3420000 233846
3421000 233838
3422000 233821
3423000 233778
3424000 233757
3425000 233750
3426000 233745
3427000 233739
3428000 233734
3429000 233727
3430000 233804
3431000 233790
3432000 233772
3433000 233751
3434000 233733
3435000 233729
3436000 233722
3437000 233711
3438000 233702
3439000 233699
3440000 233785
3441000 233773
3442000 233748
3443000 233725
3444000 233702
3445000 233700
3446000 233696
3447000 233687
3448000 233682
3449000 233675
3450000 233752
3451000 233744
3452000 233713
3453000 233692
3454000 233671
3455000 233660
3456000 233662
3457000 233654
3458000 233653
3459000 233653
3460000 233748
3461000 233741
3462000 233725
3463000 233701
3464000 233682
3465000 233676
3466000 233673
3467000 233664
3468000 233658
3469000 233656
3470000 233727
3471000 233718
3472000 233694
3473000 233671
3474000 233658
3475000 233650
3476000 233646
3477000 233640
3478000 233634
3479000 233634
3480000 233710
3481000 233698
3482000 233680
3483000 233654
3484000 233628
3485000 233626
3486000 233621
3487000 233613
3488000 233606
3489000 233604
3490000 233702
3491000 233689
3492000 233667
3493000 233636
3494000 233625
3495000 233615
3496000 233612
3497000 233608
3498000 233607
3499000 233605
3500000 233697
3501000 233678
3502000 233656
3503000 233634
3504000 233616
3505000 233603
3506000 233597
3507000 233594
3508000 233592
3509000 233587
3510000 233673
3511000 233667
3512000 233645
3513000 233631
3514000 233615
3515000 233609
3516000 233602
3517000 233600
3518000 233596
3519000 233591
3520000 233673
3521000 233665
3522000 233640
3523000 233616
3524000 233599
3525000 233593
3526000 233587
3527000 233579
3528000 233579
3529000 233572
3530000 233627
3531000 233613
3532000 233584
3533000 233563
3534000 233548
3535000 233539
3536000 233534
3537000 233527
3538000 233526
3539000 233524
3540000 233587
3541000 233574
3542000 233536
3543000 233499
3544000 233473
3545000 233460
3546000 233450
3547000 233442
3548000 233441
3549000 233434
3550000 233501
3551000 233488
3552000 233477
3553000 233455
3554000 233441
3555000 233432
3556000 233431
3557000 233431
3558000 233422
3559000 233420
3560000 233501
3561000 233493
3562000 233468
3563000 233444
3564000 233434
3565000 233425
3566000 233423
3567000 233423
3568000 233423
3569000 233425
3570000 233509
3571000 233500
3572000 233472
3573000 233438
3574000 233425
3575000 233423
3576000 233416
3577000 233410
3578000 233404
3579000 233404
3580000 233473
3581000 233461
3582000 233442
3583000 233425
3584000 233412
3585000 233402
3586000 233403
3587000 233401
3588000 233396
3589000 233392
3590000 233469
3591000 233463
3592000 233457
3593000 233429
3594000 233420
3595000 233410
3596000 233411
3597000 233412
3598000 233413
3599000 233407
3600000 233505
3601000 233496
3602000 233467
3603000 233441
3604000 233422
3605000 233413
3606000 233412
3607000 233405
3608000 233401
3609000 233398
3610000 233485
3611000 233472
3612000 233450
3613000 233425
3614000 233413
3615000 233403
3616000 233400
3617000 233401
3618000 233399
3619000 233393
3620000 233473
3621000 233458
3622000 233435
3623000 233406
3624000 233389
3625000 233385
3626000 233384
3627000 233380
3628000 233375
3629000 233373
3630000 233444
3631000 233425
3632000 233404
3633000 233375
3634000 233354
3635000 233343
3636000 233332
3637000 233327
3638000 233322
3639000 233315
3640000 233390
3641000 233371
3642000 233338
3643000 233305
3644000 233284
3645000 233276
3646000 233266
3647000 233264
3648000 233255
3649000 233250
3650000 233318
3651000 233310
3652000 233289
3653000 233259
3654000 233248
3655000 233240
3656000 233235
3657000 233227
3658000 233227
3659000 233220
3660000 233302
3661000 233295
3662000 233271
3663000 233247
3664000 233232
3665000 233219
3666000 233215
3667000 233211
3668000 233209
3669000 233205
3670000 233306
3671000 233293
3672000 233281
3673000 233256
3674000 233236
3675000 233227
3676000 233219
3677000 233216
3678000 233208
3679000 233206
3680000 233278
3681000 233269
3682000 233252
3683000 233226
3684000 233205
3685000 233196
3686000 233189
3687000 233185
3688000 233177
3689000 233168
3690000 233245
3691000 233235
3692000 233222
3693000 233191
3694000 233181
3695000 233170
3696000 233163
3697000 233159
3698000 233162
3699000 233162
3700000 233237
3701000 233232
3702000 233213
3703000 233188
3704000 233169
3705000 233159
3706000 233160
3707000 233150
3708000 233148
3709000 233149
3710000 233208
3711000 233199
3712000 233179
3713000 233155
3714000 233142
3715000 233130
3716000 233127
3717000 233125
3718000 233122
3719000 233120
3720000 233202
3721000 233194
3722000 233168
3723000 233140
3724000 233121
3725000 233111
3726000 233100
3727000 233094
3728000 233092
3729000 233084
3730000 233173
3731000 233159
3732000 233124
3733000 233098
3734000 233091
3735000 233080
3736000 233071
3737000 233072
3738000 233065
3739000 233062
3740000 233132
3741000 233119
3742000 233086
3743000 233067
3744000 233049
3745000 233039
3746000 233032
3747000 233020
3748000 233012
3749000 233008
3750000 233083
3751000 233076
3752000 233047
3753000 233022
3754000 233009
3755000 233004
3756000 233005
3757000 232997
3758000 232995
3759000 232990
3760000 233069
3761000 233055
3762000 233030
3763000 233015
3764000 232998
3765000 232993
3766000 232984
3767000 232978
3768000 232975
3769000 232975
3770000 233051
3771000 233046
3772000 233028
3773000 233006
3774000 232987
3775000 232982
3776000 232978
3777000 232977
3778000 232968
3779000 232967
3780000 233054
3781000 233044
3782000 233024
3783000 232998
3784000 232990
3785000 232979
3786000 232970
3787000 232969
3788000 232969
3789000 232965
3790000 233045
3791000 233037
3792000 233014
3793000 232990
3794000 232974
3795000 232966
3796000 232964
3797000 232961
3798000 232958
3799000 232954
3800000 233040
3801000 233034
3802000 233014
3803000 232998
3804000 232989
3805000 232981
3806000 232978
3807000 232973
3808000 232969
3809000 232963
3810000 233038
3811000 233028
3812000 233013
3813000 232990
3814000 232963
3815000 232958
3816000 232959
3817000 232958
3818000 232951
3819000 232944
3820000 233032
3821000 233018
3822000 233002
3823000 232976
3824000 232963
3825000 232957
3826000 232950
3827000 232941
3828000 232939
3829000 232938
3830000 233014
3831000 233008
3832000 232984
3833000 232952
3834000 232939
3835000 232929
3836000 232925
3837000 232914
3838000 232913
3839000 232906
3840000 232978
3841000 232965
3842000 232937
3843000 232910
3844000 232903
3845000 232886
3846000 232876
3847000 232867
3848000 232862
3849000 232862
3850000 232930
3851000 232924
3852000 232902
3853000 232881
3854000 232869
3855000 232854
3856000 232849
3857000 232849
3858000 232850
3859000 232842
3860000 232931
3861000 232914
3862000 232881
3863000 232862
3864000 232843
3865000 232837
3866000 232832
3867000 232828
3868000 232821
3869000 232808
3870000 232887
3871000 232872
3872000 232859
3873000 232830
3874000 232817
3875000 232810
3876000 232802
3877000 232795
3878000 232793
3879000 232790
3880000 232877
3881000 232865
3882000 232842
3883000 232828
3884000 232808
3885000 232798
3886000 232794
3887000 232792
3888000 232787
3889000 232783
3890000 232851
3891000 232851
3892000 232821
3893000 232786
3894000 232765
3895000 232763
3896000 232763
3897000 232763
3898000 232758
3899000 232753
3900000 232844
3901000 232835
3902000 232816
3903000 232794
3904000 232778
3905000 232778
3906000 232772
3907000 232773
3908000 232769
3909000 232765
3910000 232855
3911000 232843
3912000 232831
3913000 232818
3914000 232800
3915000 232792
3916000 232789
3917000 232786
3918000 232779
3919000 232772
3920000 232844
3921000 232832
3922000 232816
3923000 232791
3924000 232771
3925000 232761
3926000 232756
3927000 232746
3928000 232744
3929000 232743
3930000 232819
3931000 232809
3932000 232786
3933000 232756
3934000 232736
3935000 232722
3936000 232713
3937000 232707
3938000 232702
3939000 232692
3940000 232761
3941000 232749
3942000 232729
3943000 232708
3944000 232684
3945000 232673
3946000 232667
3947000 232655
3948000 232649
3949000 232645
3950000 232702
3951000 232689
3952000 232664
3953000 232635
3954000 232617
3955000 232612
3956000 232606
3957000 232598
3958000 232601
3959000 232594
3960000 232664
3961000 232658
3962000 232632
3963000 232605
3964000 232590
3965000 232577
3966000 232574
3967000 232572
3968000 232571
3969000 232564
3970000 232659
3971000 232651
3972000 232630
3973000 232603
3974000 232582
3975000 232574
3976000 232573
3977000 232567
3978000 232566
3979000 232559
3980000 232629
3981000 232627
3982000 232606
3983000 232581
3984000 232558
3985000 232552
3986000 232544
3987000 232541
3988000 232538
3989000 232536
3990000 232618
3991000 232598
3992000 232574
3993000 232558
3994000 232546
3995000 232533
3996000 232524
3997000 232522
3998000 232517
3999000 232518
4000000 232609
4001000 232594
4002000 232580
4003000 232555
4004000 232543
4005000 232539
4006000 232533
4007000 232531
4008000 232529
4009000 232522
4010000 232591
4011000 232584
4012000 232561
4013000 232539
4014000 232521
4015000 232516
4016000 232514
4017000 232513
4018000 232514
4019000 232513
4020000 232605
4021000 232594
4022000 232573
4023000 232552
4024000 232537
4025000 232521
4026000 232518
4027000 232512
4028000 232509
4029000 232500
4030000 232573
4031000 232556
4032000 232537
4033000 232504
4034000 232488
4035000 232481
4036000 232475
4037000 232470
4038000 232462
4039000 232456
4040000 232545
4041000 232534
4042000 232510
4043000 232484
4044000 232474
4045000 232463
4046000 232457
4047000 232453
4048000 232449
4049000 232444
4050000 232520
4051000 232513
4052000 232488
4053000 232465
4054000 232437
4055000 232426
4056000 232422
4057000 232423
4058000 232421
4059000 232418
4060000 232506
4061000 232496
4062000 232478
4063000 232445
4064000 232426
4065000 232411
4066000 232399
4067000 232396
4068000 232390
4069000 232384
4070000 232466
4071000 232458
4072000 232434
4073000 232412
4074000 232392
4075000 232384
4076000 232380
4077000 232371
4078000 232368
4079000 232363
4080000 232464
4081000 232451
4082000 232428
4083000 232409
4084000 232400
4085000 232402
4086000 232395
4087000 232390
4088000 232391
4089000 232391
4090000 232477
4091000 232467
4092000 232443
4093000 232420
4094000 232398
4095000 232392
4096000 232387
4097000 232383
4098000 232383
4099000 232378
4100000 232465
4101000 232461
4102000 232432
4103000 232408
4104000 232391
4105000 232377
4106000 232369
4107000 232366
4108000 232365
4109000 232361
4110000 232430
4111000 232426
4112000 232403
4113000 232373
4114000 232363
4115000 232355
4116000 232356
4117000 232352
4118000 232349
4119000 232343
4120000 232410
4121000 232392
4122000 232377
4123000 232364
4124000 232345
4125000 232341
4126000 232332
4127000 232327
4128000 232321
4129000 232313
4130000 232411
4131000 232402
4132000 232388
4133000 232355
4134000 232343
4135000 232330
4136000 232322
4137000 232312
4138000 232307
4139000 232299
4140000 232372
4141000 232362
4142000 232341
4143000 232319
4144000 232306
4145000 232296
4146000 232295
4147000 232293
4148000 232287
4149000 232282
4150000 232360
4151000 232355
4152000 232333
4153000 232323
4154000 232307
4155000 232302
4156000 232300
4157000 232296
4158000 232295
4159000 232293
4160000 232379
4161000 232374
4162000 232353
4163000 232329
4164000 232314
4165000 232304
4166000 232304
4167000 232296
4168000 232292
4169000 232288
4170000 232375
4171000 232362
4172000 232337
4173000 232313
4174000 232296
4175000 232288
4176000 232285
4177000 232280
4178000 232280
4179000 232273
4180000 232364
4181000 232354
4182000 232336
4183000 232315
4184000 232299
4185000 232291
4186000 232288
4187000 232290
4188000 232290
4189000 232282
4190000 232361
4191000 232351
4192000 232325
4193000 232297
4194000 232279
4195000 232272
4196000 232273
4197000 232266
4198000 232264
4199000 232258
4200000 232348
4201000 232334
4202000 232307
4203000 232280
4204000 232263
4205000 232257
4206000 232258
4207000 232251
4208000 232246
4209000 232241
4210000 232317
4211000 232309
4212000 232297
4213000 232274
4214000 232254
4215000 232246
4216000 232240
4217000 232237
4218000 232232
4219000 232232
4220000 232308
4221000 232302
4222000 232284
4223000 232263
4224000 232246
4225000 232238
4226000 232234
4227000 232233
4228000 232224
4229000 232222
4230000 232311
4231000 232305
4232000 232285
4233000 232256
4234000 232240
4235000 232227
4236000 232218
4237000 232212
4238000 232205
4239000 232201
4240000 232262
4241000 232246
4242000 232223
4243000 232193
4244000 232180
4245000 232173
4246000 232165
4247000 232155
4248000 232149
4249000 232145
4250000 232216
4251000 232208
4252000 232190
4253000 232169
4254000 232164
4255000 232152
4256000 232150
4257000 232146
4258000 232141
4259000 232137
4260000 232223
4261000 232214
4262000 232195
4263000 232178
4264000 232162
4265000 232156
4266000 232148
4267000 232144
4268000 232139
4269000 232133
4270000 232213
4271000 232199
4272000 232174
4273000 232151
4274000 232132
4275000 232124
4276000 232120
4277000 232115
4278000 232110
4279000 232103
4280000 232180
4281000 232176
4282000 232165
4283000 232133
4284000 232115
4285000 232105
4286000 232107
4287000 232103
4288000 232095
4289000 232090
4290000 232191
4291000 232185
4292000 232162
4293000 232133
4294000 232122
4295000 232117
4296000 232110
4297000 232103
4298000 232102
4299000 232099
4300000 232172
4301000 232161
4302000 232143
4303000 232104
4304000 232091
4305000 232085
4306000 232080
4307000 232080
4308000 232074
4309000 232070
4310000 232162
4311000 232159
4312000 232133
4313000 232110
4314000 232090
4315000 232084
4316000 232079
4317000 232072
4318000 232065
4319000 232058
4320000 232150
4321000 232145
4322000 232124
4323000 232103
4324000 232091
4325000 232082
4326000 232082
4327000 232082
4328000 232083
4329000 232076
4330000 232182
4331000 232167
4332000 232142
4333000 232109
4334000 232089
4335000 232083
4336000 232075
4337000 232071
4338000 232063
4339000 232057
4340000 232116
4341000 232108
4342000 232091
4343000 232059
4344000 232044
4345000 232033
4346000 232031
4347000 232023
4348000 232014
4349000 232010
4350000 232101
4351000 232093
4352000 232066
4353000 232035
4354000 232018
4355000 232012
4356000 232010
4357000 232003
4358000 232003
4359000 231998
4360000 232085
4361000 232068
4362000 232041
4363000 232004
4364000 231994
4365000 231980
4366000 231976
4367000 231972
4368000 231966
4369000 231965
4370000 232057
4371000 232045
4372000 232018
4373000 231993
4374000 231977
4375000 231967
4376000 231961
4377000 231959
4378000 231955
4379000 231951
4380000 232049
4381000 232045
4382000 232027
4383000 232007
4384000 231993
4385000 231979
4386000 231976
4387000 231978
4388000 231971
4389000 231972
4390000 232048
4391000 232042
4392000 232014
4393000 231992
4394000 231975
4395000 231970
4396000 231962
4397000 231957
4398000 231956
4399000 231954
4400000 232032
4401000 232017
4402000 231998
4403000 231971
4404000 231947
4405000 231940
4406000 231931
4407000 231929
4408000 231924
4409000 231914
4410000 232001
4411000 231998
4412000 231977
4413000 231946
4414000 231932
4415000 231923
4416000 231920
4417000 231918
4418000 231920
4419000 231918
4420000 232008
4421000 232001
4422000 231977
4423000 231956
4424000 231944
4425000 231941
4426000 231935
4427000 231933
4428000 231929
4429000 231925
4430000 232015
4431000 232003
4432000 231977
4433000 231950
4434000 231935
4435000 231926
4436000 231922
4437000 231924
4438000 231919
4439000 231910
4440000 232002
4441000 232001
4442000 231980
4443000 231950
4444000 231937
4445000 231926
4446000 231919
4447000 231908
4448000 231903
4449000 231896
4450000 231973
4451000 231966
4452000 231952
4453000 231928
4454000 231914
4455000 231905
4456000 231905
4457000 231906
4458000 231903
4459000 231897
4460000 231976
4461000 231965
4462000 231943
4463000 231919
4464000 231901
4465000 231901
4466000 231897
4467000 231900
4468000 231896
4469000 231891
4470000 231971
4471000 231969
4472000 231938
4473000 231905
4474000 231892
4475000 231888
4476000 231875
4477000 231871
4478000 231869
4479000 231863
4480000 231949
4481000 231943
4482000 231915
4483000 231894
4484000 231880
4485000 231874
4486000 231870
4487000 231865
4488000 231864
4489000 231857
4490000 231936
4491000 231924
4492000 231905
4493000 231883
4494000 231875
4495000 231874
4496000 231869
4497000 231869
4498000 231866
4499000 231864
4500000 231946
4501000 231936
4502000 231918
4503000 231881
4504000 231865
4505000 231859
4506000 231854
4507000 231856
4508000 231849
4509000 231837
4510000 231925
4511000 231918
4512000 231896
4513000 231873
4514000 231867
4515000 231860
4516000 231858
4517000 231853
4518000 231848
4519000 231844
4520000 231927
4521000 231918
4522000 231897
4523000 231874
4524000 231855
4525000 231838
4526000 231830
4527000 231830
4528000 231827
4529000 231819
4530000 231919
4531000 231905
4532000 231872
4533000 231837
4534000 231818
4535000 231814
4536000 231809
4537000 231807
4538000 231801
4539000 231796
4540000 231875
4541000 231870
4542000 231841
4543000 231814
4544000 231801
4545000 231791
4546000 231786
4547000 231787
4548000 231784
4549000 231782
4550000 231868
4551000 231860
4552000 231839
4553000 231816
4554000 231801
4555000 231793
4556000 231787
4557000 231780
4558000 231775
4559000 231769
4560000 231843
4561000 231831
4562000 231811
4563000 231780
4564000 231759
4565000 231753
4566000 231748
4567000 231747
4568000 231749
4569000 231745
4570000 231828
4571000 231823
4572000 231805
4573000 231778
4574000 231767
4575000 231757
4576000 231758
4577000 231754
4578000 231750
4579000 231747
4580000 231829
4581000 231827
4582000 231806
4583000 231779
4584000 231755
4585000 231752
4586000 231748
4587000 231743
4588000 231743
4589000 231736
4590000 231815
4591000 231808
4592000 231783
4593000 231759
4594000 231746
4595000 231741
4596000 231730
4597000 231727
4598000 231718
4599000 231719
4600000 231806
4601000 231794
4602000 231769
4603000 231749
4604000 231742
4605000 231738
4606000 231736
4607000 231732
4608000 231731
4609000 231733
4610000 231807
4611000 231792
4612000 231765
4613000 231752
4614000 231736
4615000 231722
4616000 231719
4617000 231712
4618000 231711
4619000 231707
4620000 231784
4621000 231770
4622000 231749
4623000 231729
4624000 231715
4625000 231709
4626000 231703
4627000 231700
4628000 231703
4629000 231692
4630000 231767
4631000 231757
4632000 231731
4633000 231715
4634000 231699
4635000 231690
4636000 231676
4637000 231674
4638000 231662
4639000 231653
4640000 231723
4641000 231707
4642000 231681
4643000 231657
4644000 231640
4645000 231628
4646000 231626
4647000 231623
4648000 231615
4649000 231605
4650000 231685
4651000 231668
4652000 231650
4653000 231629
4654000 231612
4655000 231606
4656000 231602
4657000 231593
4658000 231591
4659000 231590
4660000 231666
4661000 231661
4662000 231637
4663000 231619
4664000 231606
4665000 231597
4666000 231597
4667000 231598
4668000 231591
4669000 231582
4670000 231657
4671000 231647
4672000 231636
4673000 231611
4674000 231590
4675000 231574
4676000 231572
4677000 231566
4678000 231563
4679000 231565
4680000 231652
4681000 231635
4682000 231626
4683000 231599
4684000 231576
4685000 231562
4686000 231557
4687000 231552
4688000 231549
4689000 231547
4690000 231645
4691000 231637
4692000 231621
4693000 231589
4694000 231586
4695000 231585
4696000 231586
4697000 231585
4698000 231587
4699000 231586
4700000 231661
4701000 231652
4702000 231631
4703000 231612
4704000 231603
4705000 231596
4706000 231593
4707000 231586
4708000 231585
4709000 231580
4710000 231659
4711000 231649
4712000 231627
4713000 231612
4714000 231587
4715000 231577
4716000 231566
4717000 231567
4718000 231556
4719000 231555
4720000 231631
4721000 231624
4722000 231606
4723000 231592
4724000 231572
4725000 231566
4726000 231561
4727000 231559
4728000 231558
4729000 231555
4730000 231640
4731000 231631
4732000 231610
4733000 231581
4734000 231565
4735000 231558
4736000 231551
4737000 231549
4738000 231543
4739000 231535
4740000 231621
4741000 231611
4742000 231589
4743000 231563
4744000 231545
4745000 231535
4746000 231532
4747000 231532
4748000 231532
4749000 231525
4750000 231622
4751000 231610
4752000 231589
4753000 231562
4754000 231544
4755000 231538
4756000 231536
4757000 231534
4758000 231526
4759000 231520
4760000 231590
4761000 231578
4762000 231561
4763000 231542
4764000 231524
4765000 231513
4766000 231510
4767000 231506
4768000 231507
4769000 231502
4770000 231581
4771000 231572
4772000 231546
4773000 231525
4774000 231509
4775000 231500
4776000 231500
4777000 231495
4778000 231498
4779000 231498
4780000 231599
4781000 231598
4782000 231578
4783000 231552
4784000 231540
4785000 231532
4786000 231522
4787000 231517
4788000 231514
4789000 231511
4790000 231588
4791000 231576
4792000 231557
4793000 231536
4794000 231516
4795000 231508
4796000 231505
4797000 231502
4798000 231501
4799000 231501
4800000 231596
4801000 231591
4802000 231561
4803000 231531
4804000 231510
4805000 231507
4806000 231506
4807000 231508
4808000 231505
4809000 231499
4810000 231584
4811000 231576
4812000 231556
4813000 231536
4814000 231528
4815000 231522
4816000 231516
4817000 231514
4818000 231514
4819000 231508
4820000 231593
4821000 231575
4822000 231548
4823000 231521
4824000 231497
4825000 231497
4826000 231489
4827000 231484
4828000 231476
4829000 231477
4830000 231536
4831000 231525
4832000 231501
4833000 231475
4834000 231466
4835000 231460
4836000 231455
4837000 231449
4838000 231444
4839000 231435
4840000 231506
4841000 231490
4842000 231476
4843000 231457
4844000 231437
4845000 231432
4846000 231430
4847000 231429
4848000 231423
4849000 231417
4850000 231512
4851000 231499
4852000 231470
4853000 231447
4854000 231431
4855000 231424
4856000 231421
4857000 231418
4858000 231415
4859000 231413
4860000 231513
4861000 231504
4862000 231488
4863000 231475
4864000 231461
4865000 231453
4866000 231449
4867000 231440
4868000 231435
4869000 231432
4870000 231503
4871000 231496
4872000 231485
4873000 231455
4874000 231436
4875000 231430
4876000 231426
4877000 231425
4878000 231425
4879000 231421
4880000 231504
4881000 231493
4882000 231478
4883000 231450
4884000 231429
4885000 231426
4886000 231416
4887000 231414
4888000 231404
4889000 231402
4890000 231480
4891000 231470
4892000 231446
4893000 231433
4894000 231419
4895000 231406
4896000 231396
4897000 231389
4898000 231386
4899000 231384
4900000 231476
4901000 231468
4902000 231447
4903000 231413
4904000 231394
4905000 231389
4906000 231389
4907000 231389
4908000 231383
4909000 231378
4910000 231455
4911000 231442
4912000 231428
4913000 231403
4914000 231386
4915000 231380
4916000 231373
4917000 231370
4918000 231363
4919000 231359
4920000 231450
4921000 231442
4922000 231423
4923000 231397
4924000 231385
4925000 231381
4926000 231374
4927000 231371
4928000 231364
4929000 231363
4930000 231454
4931000 231446
4932000 231427
4933000 231406
4934000 231388
4935000 231379
4936000 231372
4937000 231370
4938000 231364
4939000 231359
4940000 231436
4941000 231423
4942000 231396
4943000 231368
4944000 231350
4945000 231342
4946000 231334
4947000 231329
4948000 231331
4949000 231326
4950000 231409
4951000 231395
4952000 231372
4953000 231348
4954000 231335
4955000 231331
4956000 231326
4957000 231320
4958000 231319
4959000 231317
4960000 231403
4961000 231393
4962000 231374
4963000 231344
4964000 231333
4965000 231327
4966000 231323
4967000 231320
4968000 231322
4969000 231319
4970000 231402
4971000 231395
4972000 231370
4973000 231340
4974000 231325
4975000 231318
4976000 231313
4977000 231314
4978000 231311
4979000 231308
4980000 231403
4981000 231396
4982000 231370
4983000 231344
4984000 231329
4985000 231326
4986000 231319
4987000 231314
4988000 231313
4989000 231311
4990000 231395
4991000 231391
4992000 231376
4993000 231352
4994000 231331
4995000 231318
4996000 231313
4997000 231312
4998000 231309
4999000 231304
5000000 231391
5001000 231384
5002000 231362
5003000 231329
5004000 231317
5005000 231310
5006000 231308
5007000 231303
5008000 231305
5009000 231304
5010000 231381
5011000 231376
5012000 231356
5013000 231333
5014000 231321
5015000 231307
5016000 231303
5017000 231295
5018000 231291
5019000 231289
5020000 231374
5021000 231371
5022000 231354
5023000 231317
5024000 231300
5025000 231293
5026000 231290
5027000 231290
5028000 231283
5029000 231281
5030000 231362
5031000 231356
5032000 231344
5033000 231296
5034000 231275
5035000 231266
5036000 231262
5037000 231254
5038000 231249
5039000 231243
5040000 231317
5041000 231310
5042000 231283
5043000 231249
5044000 231235
5045000 231228
5046000 231221
5047000 231215
5048000 231213
5049000 231212
5050000 231312
5051000 231300
5052000 231272
5053000 231243
5054000 231225
5055000 231217
5056000 231215
5057000 231208
5058000 231198
5059000 231198
5060000 231293
5061000 231280
5062000 231259
5063000 231235
5064000 231217
5065000 231205
5066000 231204
5067000 231202
5068000 231200
5069000 231195
5070000 231284
5071000 231279
5072000 231262
5073000 231239
5074000 231222
5075000 231220
5076000 231213
5077000 231216
5078000 231215
5079000 231211
5080000 231296
5081000 231285
5082000 231265
5083000 231243
5084000 231234
5085000 231229
5086000 231223
5087000 231222
5088000 231221
5089000 231215
5090000 231295
5091000 231285
5092000 231265
5093000 231250
5094000 231235
5095000 231234
5096000 231232
5097000 231229
5098000 231225
5099000 231225
5100000 231299
5101000 231288
5102000 231267
5103000 231244
5104000 231225
5105000 231216
5106000 231210
5107000 231205
5108000 231201
5109000 231196
5110000 231285
5111000 231272
5112000 231254
5113000 231228
5114000 231217
5115000 231206
5116000 231202
5117000 231195
5118000 231200
5119000 231198
5120000 231294
5121000 231283
5122000 231266
5123000 231247
5124000 231232
5125000 231224
5126000 231217
5127000 231219
5128000 231214
5129000 231206
5130000 231296
5131000 231278
5132000 231262
5133000 231235
5134000 231215
5135000 231207
5136000 231208
5137000 231204
5138000 231200
5139000 231198
5140000 231266
5141000 231251
5142000 231225
5143000 231199
5144000 231179
5145000 231165
5146000 231163
5147000 231164
5148000 231162
5149000 231154
5150000 231246
5151000 231235
5152000 231213
5153000 231188
5154000 231172
5155000 231161
5156000 231159
5157000 231157
5158000 231151
5159000 231149
5160000 231252
5161000 231239
5162000 231213
5163000 231193
5164000 231173
5165000 231170
5166000 231162
5167000 231160
5168000 231153
5169000 231148
5170000 231224
5171000 231218
5172000 231194
5173000 231174
5174000 231150
5175000 231147
5176000 231145
5177000 231140
5178000 231138
5179000 231128
5180000 231224
5181000 231216
5182000 231201
5183000 231179
5184000 231163
5185000 231155
5186000 231149
5187000 231149
5188000 231141
5189000 231140
5190000 231206
5191000 231199
5192000 231181
5193000 231147
5194000 231142
5195000 231137
5196000 231135
5197000 231132
5198000 231127
5199000 231123
5200000 231212
5201000 231202
5202000 231175
5203000 231157
5204000 231147
5205000 231141
5206000 231137
5207000 231135
5208000 231136
5209000 231132
5210000 231214
5211000 231207
5212000 231183
5213000 231165
5214000 231157
5215000 231142
5216000 231143
5217000 231142
5218000 231133
5219000 231131
5220000 231210
5221000 231202
5222000 231184
5223000 231150
5224000 231133
5225000 231127
5226000 231124
5227000 231117
5228000 231109
5229000 231106
5230000 231182
5231000 231172
5232000 231156
5233000 231124
5234000 231117
5235000 231116
5236000 231113
5237000 231109
5238000 231107
5239000 231100
5240000 231195
5241000 231180
5242000 231155
5243000 231129
5244000 231114
5245000 231101
5246000 231097
5247000 231094
5248000 231092
5249000 231086
5250000 231162
5251000 231154
5252000 231127
5253000 231106
5254000 231097
5255000 231089
5256000 231085
5257000 231087
5258000 231083
5259000 231081
5260000 231191
5261000 231183
5262000 231164
5263000 231130
5264000 231115
5265000 231107
5266000 231107
5267000 231108
5268000 231102
5269000 231097
5270000 231192
5271000 231185
5272000 231167
5273000 231139
5274000 231126
5275000 231119
5276000 231112
5277000 231105
5278000 231097
5279000 231094
5280000 231174
5281000 231165
5282000 231131
5283000 231101
5284000 231093
5285000 231091
5286000 231083
5287000 231079
5288000 231079
5289000 231076
5290000 231170
5291000 231157
5292000 231144
5293000 231119
5294000 231110
5295000 231106
5296000 231097
5297000 231089
5298000 231093
5299000 231091
5300000 231180
5301000 231170
5302000 231149
5303000 231119
5304000 231099
5305000 231091
5306000 231088
5307000 231083
5308000 231079
5309000 231078
5310000 231177
5311000 231163
5312000 231142
5313000 231120
5314000 231103
5315000 231090
5316000 231095
5317000 231089
5318000 231083
5319000 231079
5320000 231171
5321000 231158
5322000 231139
5323000 231117
5324000 231104
5325000 231090
5326000 231083
5327000 231087
5328000 231087
5329000 231086
5330000 231171
5331000 231154
5332000 231132
5333000 231108
5334000 231090
5335000 231084
5336000 231075
5337000 231067
5338000 231066
5339000 231070
5340000 231156
5341000 231135
5342000 231116
5343000 231084
5344000 231062
5345000 231050
5346000 231045
5347000 231037
5348000 231035
5349000 231027
5350000 231105
5351000 231100
5352000 231080
5353000 231048
5354000 231031
5355000 231027
5356000 231023
5357000 231019
5358000 231017
5359000 231015
5360000 231107
5361000 231099
5362000 231080
5363000 231063
5364000 231049
5365000 231050
5366000 231052
5367000 231046
5368000 231045
5369000 231037
5370000 231128
5371000 231121
5372000 231099
5373000 231071
5374000 231044
5375000 231035
5376000 231034
5377000 231030
5378000 231025
5379000 231023
5380000 231115
5381000 231103
5382000 231077
5383000 231045
5384000 231027
5385000 231014
5386000 231013
5387000 231011
5388000 231007
5389000 231005
5390000 231088
5391000 231080
5392000 231057
5393000 231033
5394000 231016
5395000 231011
5396000 231005
5397000 230998
5398000 230997
5399000 230997
5400000 231087
5401000 231083
5402000 231068
5403000 231048
5404000 231033
5405000 231025
5406000 231018
5407000 231014
5408000 231007
5409000 231001
5410000 231089
5411000 231079
5412000 231053
5413000 231024
5414000 231015
5415000 231008
5416000 231001
5417000 230996
5418000 230986
5419000 230982
5420000 231084
5421000 231078
5422000 231062
5423000 231031
5424000 231015
5425000 231010
5426000 231001
5427000 231000
5428000 230998
5429000 230991
5430000 231074
5431000 231066
5432000 231044
5433000 231019
5434000 231002
5435000 230991
5436000 230987
5437000 230981
5438000 230972
5439000 230964
5440000 231036
5441000 231022
5442000 231001
5443000 230978
5444000 230960
5445000 230950
5446000 230945
5447000 230938
5448000 230936
5449000 230932
5450000 231007
5451000 230988
5452000 230970
5453000 230944
5454000 230916
5455000 230907
5456000 230906
5457000 230906
5458000 230902
5459000 230902
5460000 230983
5461000 230968
5462000 230948
5463000 230918
5464000 230906
5465000 230898
5466000 230897
5467000 230896
5468000 230900
5469000 230893
5470000 230971
5471000 230964
5472000 230937
5473000 230906
5474000 230885
5475000 230880
5476000 230879
5477000 230880
5478000 230875
5479000 230867
5480000 230946
5481000 230939
5482000 230919
5483000 230896
5484000 230880
5485000 230873
5486000 230868
5487000 230865
5488000 230866
5489000 230861
5490000 230937
5491000 230927
5492000 230907
5493000 230883
5494000 230871
5495000 230870
5496000 230865
5497000 230860
5498000 230860
5499000 230859
5500000 230944
5501000 230937
5502000 230912
5503000 230895
5504000 230876
5505000 230863
5506000 230859
5507000 230856
5508000 230851
5509000 230848
5510000 230936
5511000 230925
5512000 230902
5513000 230872
5514000 230850
5515000 230848
5516000 230838
5517000 230835
5518000 230829
5519000 230828
5520000 230904
5521000 230892
5522000 230869
5523000 230855
5524000 230839
5525000 230835
5526000 230826
5527000 230824
5528000 230823
5529000 230821
5530000 230902
5531000 230898
5532000 230869
5533000 230850
5534000 230830
5535000 230820
5536000 230818
5537000 230813
5538000 230814
5539000 230808
5540000 230894
5541000 230881
5542000 230861
5543000 230838
5544000 230818
5545000 230806
5546000 230804
5547000 230798
5548000 230790
5549000 230786
5550000 230873
5551000 230861
5552000 230834
5553000 230809
5554000 230793
5555000 230786
5556000 230781
5557000 230778
5558000 230778
5559000 230777
5560000 230862
5561000 230859
5562000 230836
5563000 230805
5564000 230791
5565000 230778
5566000 230776
5567000 230769
5568000 230766
5569000 230762
5570000 230845
5571000 230836
5572000 230814
5573000 230786
5574000 230768
5575000 230762
5576000 230759
5577000 230757
5578000 230747
5579000 230747
5580000 230825
5581000 230817
5582000 230790
5583000 230761
5584000 230740
5585000 230732
5586000 230730
5587000 230726
5588000 230724
5589000 230723
5590000 230814
5591000 230802
5592000 230778
5593000 230751
5594000 230733
5595000 230733
5596000 230725
5597000 230725
5598000 230723
5599000 230719
5600000 230802
5601000 230790
5602000 230774
5603000 230749
5604000 230740
5605000 230734
5606000 230730
5607000 230726
5608000 230723
5609000 230724
5610000 230837
5611000 230821
5612000 230792
5613000 230763
5614000 230752
5615000 230742
5616000 230737
5617000 230733
5618000 230730
5619000 230730
5620000 230831
5621000 230826
5622000 230800
5623000 230771
5624000 230752
5625000 230740
5626000 230736
5627000 230733
5628000 230725
5629000 230719
5630000 230791
5631000 230786
5632000 230761
5633000 230736
5634000 230713
5635000 230705
5636000 230696
5637000 230689
5638000 230688
5639000 230684
5640000 230765
5641000 230758
5642000 230734
5643000 230714
5644000 230698
5645000 230694
5646000 230692
5647000 230684
5648000 230683
5649000 230680
5650000 230784
5651000 230771
5652000 230749
5653000 230727
5654000 230712
5655000 230699
5656000 230688
5657000 230681
5658000 230682
5659000 230675
5660000 230765
5661000 230755
5662000 230730
5663000 230704
5664000 230684
5665000 230679
5666000 230674
5667000 230670
5668000 230664
5669000 230658
5670000 230729
5671000 230723
5672000 230704
5673000 230674
5674000 230663
5675000 230655
5676000 230651
5677000 230647
5678000 230647
5679000 230642
5680000 230727
5681000 230713
5682000 230689
5683000 230671
5684000 230650
5685000 230640
5686000 230634
5687000 230632
5688000 230629
5689000 230629
5690000 230707
5691000 230687
5692000 230657
5693000 230634
5694000 230619
5695000 230609
5696000 230608
5697000 230608
5698000 230603
5699000 230599
5700000 230675
5701000 230668
5702000 230648
5703000 230620
5704000 230602
5705000 230597
5706000 230597
5707000 230597
5708000 230596
5709000 230593
5710000 230695
5711000 230684
5712000 230657
5713000 230633
5714000 230623
5715000 230614
5716000 230616
5717000 230614
5718000 230607
5719000 230604
5720000 230669
5721000 230660
5722000 230641
5723000 230620
5724000 230604
5725000 230601
5726000 230594
5727000 230592
5728000 230585
5729000 230589
5730000 230679
5731000 230669
5732000 230645
5733000 230621
5734000 230602
5735000 230597
5736000 230590
5737000 230585
5738000 230582
5739000 230582
5740000 230669
5741000 230665
5742000 230646
5743000 230622
5744000 230609
5745000 230605
5746000 230605
5747000 230598
5748000 230591
5749000 230586
5750000 230676
5751000 230669
5752000 230647
5753000 230618
5754000 230600
5755000 230587
5756000 230584
5757000 230583
5758000 230581
5759000 230580
5760000 230664
5761000 230651
5762000 230626
5763000 230601
5764000 230585
5765000 230580
5766000 230574
5767000 230576
5768000 230577
5769000 230576
5770000 230658
5771000 230648
5772000 230628
5773000 230598
5774000 230578
5775000 230568
5776000 230565
5777000 230560
5778000 230555
5779000 230550
5780000 230630
5781000 230617
5782000 230594
5783000 230573
5784000 230564
5785000 230559
5786000 230551
5787000 230551
5788000 230543
5789000 230538
5790000 230619
5791000 230613
5792000 230583
5793000 230569
5794000 230550
5795000 230540
5796000 230540
5797000 230541
5798000 230534
5799000 230532
5800000 230616
5801000 230605
5802000 230581
5803000 230561
5804000 230551
5805000 230551
5806000 230546
5807000 230546
5808000 230546
5809000 230545
5810000 230651
5811000 230638
5812000 230612
5813000 230597
5814000 230582
5815000 230577
5816000 230573
5817000 230565
5818000 230565
5819000 230560
5820000 230654
5821000 230639
5822000 230631
5823000 230608
5824000 230603
5825000 230596
5826000 230597
5827000 230589
5828000 230584
5829000 230578
5830000 230669
5831000 230657
5832000 230627
5833000 230603
5834000 230581
5835000 230575
5836000 230571
5837000 230567
5838000 230564
5839000 230561
5840000 230639
5841000 230634
5842000 230609
5843000 230585
5844000 230566
5845000 230554
5846000 230546
5847000 230541
5848000 230537
5849000 230527
5850000 230585
5851000 230574
5852000 230554
5853000 230532
5854000 230513
5855000 230508
5856000 230506
5857000 230504
5858000 230498
5859000 230497
5860000 230595
5861000 230590
5862000 230563
5863000 230533
5864000 230517
5865000 230512
5866000 230516
5867000 230515
5868000 230510
5869000 230510
5870000 230590
5871000 230579
5872000 230555
5873000 230527
5874000 230515
5875000 230513
5876000 230505
5877000 230495
5878000 230494
5879000 230491
5880000 230565
5881000 230552
5882000 230526
5883000 230501
5884000 230489
5885000 230478
5886000 230477
5887000 230473
5888000 230474
5889000 230473
5890000 230570
5891000 230558
5892000 230531
5893000 230506
5894000 230493
5895000 230492
5896000 230490
5897000 230487
5898000 230487
5899000 230487
5900000 230583
5901000 230575
5902000 230550
5903000 230517
5904000 230502
5905000 230496
5906000 230491
5907000 230492
5908000 230491
5909000 230492
5910000 230583
5911000 230571
5912000 230546
5913000 230517
5914000 230502
5915000 230502
5916000 230501
5917000 230502
5918000 230503
5919000 230496
5920000 230586
5921000 230570
5922000 230546
5923000 230522
5924000 230509
5925000 230503
5926000 230497
5927000 230489
5928000 230486
5929000 230484
5930000 230575
5931000 230568
5932000 230546
5933000 230522
5934000 230504
5935000 230494
5936000 230493
5937000 230486
5938000 230481
5939000 230477
5940000 230562
5941000 230550
5942000 230533
5943000 230503
5944000 230478
5945000 230469
5946000 230468
5947000 230464
5948000 230459
5949000 230451
5950000 230541
5951000 230530
5952000 230511
5953000 230482
5954000 230469
5955000 230463
5956000 230455
5957000 230451
5958000 230446
5959000 230439
5960000 230525
5961000 230519
5962000 230504
5963000 230468
5964000 230456
5965000 230447
5966000 230442
5967000 230438
5968000 230435
5969000 230436
5970000 230525
5971000 230514
5972000 230493
5973000 230472
5974000 230459
5975000 230450
5976000 230446
5977000 230444
5978000 230443
5979000 230444
5980000 230533
5981000 230530
5982000 230504
5983000 230478
5984000 230457
5985000 230449
5986000 230438
5987000 230434
5988000 230429
5989000 230427
5990000 230515
5991000 230506
5992000 230480
5993000 230454
5994000 230438
5995000 230429
5996000 230425
5997000 230424
5998000 230420
5999000 230420
6000000 230518
6001000 230507
6002000 230478
6003000 230463
6004000 230442
6005000 230430
6006000 230429
6007000 230427
6008000 230425
6009000 230426
6010000 230530
6011000 230525
6012000 230506
6013000 230481
6014000 230469
6015000 230462
6016000 230455
6017000 230453
6018000 230453
6019000 230448
6020000 230549
6021000 230536
6022000 230506
6023000 230484
6024000 230472
6025000 230464
6026000 230461
6027000 230456
6028000 230455
6029000 230448
6030000 230534
6031000 230526
6032000 230496
6033000 230476
6034000 230454
6035000 230446
6036000 230441
6037000 230434
6038000 230431
6039000 230424
6040000 230523
6041000 230509
6042000 230488
6043000 230466
6044000 230446
6045000 230438
6046000 230431
6047000 230433
6048000 230433
6049000 230426
6050000 230500
6051000 230489
6052000 230461
6053000 230433
6054000 230413
6055000 230408
6056000 230402
6057000 230395
6058000 230396
6059000 230391
6060000 230471
6061000 230453
6062000 230427
6063000 230408
6064000 230382
6065000 230373
6066000 230370
6067000 230370
6068000 230369
6069000 230366
6070000 230453
6071000 230450
6072000 230430
6073000 230401
6074000 230393
6075000 230388
6076000 230384
6077000 230378
6078000 230378
6079000 230373
6080000 230458
6081000 230450
6082000 230427
6083000 230402
6084000 230388
6085000 230384
6086000 230383
6087000 230382
6088000 230369
6089000 230367
6090000 230455
6091000 230450
6092000 230432
6093000 230408
6094000 230390
6095000 230384
6096000 230381
6097000 230381
6098000 230381
6099000 230380
6100000 230472
6101000 230461
6102000 230439
6103000 230411
6104000 230398
6105000 230388
6106000 230383
6107000 230380
6108000 230381
6109000 230384
6110000 230482
6111000 230469
6112000 230447
6113000 230419
6114000 230401
6115000 230395
6116000 230395
6117000 230393
6118000 230388
6119000 230386
6120000 230471
6121000 230457
6122000 230441
6123000 230413
6124000 230401
6125000 230392
6126000 230387
6127000 230386
6128000 230386
6129000 230387
6130000 230474
6131000 230464
6132000 230442
6133000 230417
6134000 230389
6135000 230378
6136000 230375
6137000 230370
6138000 230366
6139000 230360
6140000 230444
6141000 230434
6142000 230413
6143000 230388
6144000 230370
6145000 230364
6146000 230354
6147000 230348
6148000 230344
6149000 230341
6150000 230437
6151000 230430
6152000 230407
6153000 230374
6154000 230355
6155000 230345
6156000 230340
6157000 230336
6158000 230333
6159000 230332
6160000 230419
6161000 230410
6162000 230390
6163000 230365
6164000 230355
6165000 230355
6166000 230349
6167000 230349
6168000 230344
6169000 230344
6170000 230423
6171000 230417
6172000 230394
6173000 230373
6174000 230346
6175000 230341
6176000 230338
6177000 230337
6178000 230335
6179000 230331
6180000 230411
6181000 230401
6182000 230376
6183000 230345
6184000 230332
6185000 230327
6186000 230322
6187000 230321
6188000 230313
6189000 230310
6190000 230402
6191000 230398
6192000 230377
6193000 230346
6194000 230335
6195000 230328
6196000 230324
6197000 230321
6198000 230323
6199000 230322
6200000 230421
6201000 230415
6202000 230396
6203000 230361
6204000 230339
6205000 230325
6206000 230323
6207000 230321
6208000 230322
6209000 230317
6210000 230410
6211000 230398
6212000 230371
6213000 230357
6214000 230341
6215000 230330
6216000 230325
6217000 230320
6218000 230314
6219000 230313
6220000 230404
6221000 230397
6222000 230375
6223000 230349
6224000 230333
6225000 230330
6226000 230323
6227000 230320
6228000 230316
6229000 230313
6230000 230399
6231000 230390
6232000 230360
6233000 230344
6234000 230331
6235000 230317
6236000 230309
6237000 230301
6238000 230297
6239000 230290
6240000 230395
6241000 230385
6242000 230355
6243000 230324
6244000 230310
6245000 230301
6246000 230296
6247000 230292
6248000 230287
6249000 230283
6250000 230356
6251000 230343
6252000 230323
6253000 230299
6254000 230287
6255000 230280
6256000 230274
6257000 230271
6258000 230269
6259000 230269
6260000 230361
6261000 230344
6262000 230323
6263000 230296
6264000 230277
6265000 230267
6266000 230268
6267000 230268
6268000 230263
6269000 230265
6270000 230358
6271000 230354
6272000 230329
6273000 230288
6274000 230275
6275000 230270
6276000 230267
6277000 230262
6278000 230262
6279000 230255
6280000 230349
6281000 230340
6282000 230320
6283000 230289
6284000 230280
6285000 230277
6286000 230274
6287000 230271
6288000 230270
6289000 230267
6290000 230353
6291000 230346
6292000 230321
6293000 230292
6294000 230268
6295000 230259
6296000 230256
6297000 230256
6298000 230252
6299000 230250
6300000 230328
6301000 230325
6302000 230305
6303000 230283
6304000 230266
6305000 230255
6306000 230255
6307000 230252
6308000 230246
6309000 230234
6310000 230352
6311000 230340
6312000 230323
6313000 230301
6314000 230286
6315000 230276
6316000 230270
6317000 230269
6318000 230265
6319000 230263
6320000 230366
6321000 230355
6322000 230332
6323000 230304
6324000 230283
6325000 230281
6326000 230278
6327000 230279
6328000 230276
6329000 230269
6330000 230360
6331000 230342
6332000 230321
6333000 230294
6334000 230268
6335000 230262
6336000 230257
6337000 230253
6338000 230248
6339000 230249
6340000 230341
6341000 230331
6342000 230318
6343000 230289
6344000 230274
6345000 230263
6346000 230252
6347000 230248
6348000 230243
6349000 230239
6350000 230327
6351000 230315
6352000 230289
6353000 230262
6354000 230249
6355000 230242
6356000 230241
6357000 230238
6358000 230236
6359000 230231
6360000 230322
6361000 230318
6362000 230301
6363000 230270
6364000 230247
6365000 230241
6366000 230236
6367000 230230
6368000 230231
6369000 230229
6370000 230315
6371000 230302
6372000 230275
6373000 230255
6374000 230239
6375000 230232
6376000 230230
6377000 230236
6378000 230231
6379000 230230
6380000 230314
6381000 230305
6382000 230284
6383000 230258
6384000 230243
6385000 230234
6386000 230228
6387000 230222
6388000 230213
6389000 230208
6390000 230295
6391000 230285
6392000 230265
6393000 230251
6394000 230231
6395000 230229
6396000 230223
6397000 230218
6398000 230211
6399000 230210
6400000 230293
6401000 230283
6402000 230274
6403000 230253
6404000 230245
6405000 230242
6406000 230235
6407000 230235
6408000 230237
6409000 230230
6410000 230315
6411000 230308
6412000 230291
6413000 230265
6414000 230236
6415000 230223
6416000 230220
6417000 230226
6418000 230225
6419000 230223
6420000 230332
6421000 230322
6422000 230299
6423000 230272
6424000 230255
6425000 230250
6426000 230251
6427000 230243
6428000 230240
6429000 230237
6430000 230323
6431000 230312
6432000 230293
6433000 230272
6434000 230255
6435000 230243
6436000 230238
6437000 230238
6438000 230236
6439000 230230
6440000 230334
6441000 230313
6442000 230286
6443000 230256
6444000 230235
6445000 230227
6446000 230225
6447000 230222
6448000 230217
6449000 230211
6450000 230296
6451000 230292
6452000 230265
6453000 230243
6454000 230226
6455000 230217
6456000 230215
6457000 230214
6458000 230209
