1000   20
2000   63
3000   85
4000   40
5000   11
6000   1
7000   0
8000   0
9000   0
10000   0
11000   5
12000   49
13000   40
14000   21
15000   7
16000   0
17000   0
18000   0
19000   0
20000   0
21000   9
22000   31
23000   40
24000   17
25000   7
26000   3
27000   0
28000   0
29000   0
30000   0
31000   5
32000   32
33000   22
34000   23
35000   2
36000   2
37000   0
38000   0
39000   0
40000   0
41000   9
42000   28
43000   23
44000   20
45000   8
46000   1
47000   0
48000   0
49000   0
50000   0
51000   10
52000   25
53000   28
54000   17
55000   6
56000   2
57000   0
58000   1
59000   0
60000   0
61000   2
62000   23
63000   32
64000   16
65000   6
66000   3
67000   0
68000   1
69000   0
70000   1
71000   8
72000   24
73000   45
74000   16
75000   4
76000   4
77000   0
78000   0
79000   1
80000   1
81000   8
82000   29
83000   23
84000   26
85000   8
86000   2
87000   1
88000   0
89000   0
90000   1
91000   10
92000   28
93000   16
94000   9
95000   5
96000   1
97000   2
98000   0
99000   0
100000   1
101000   7
102000   22
103000   27
104000   12
105000   3
106000   0
107000   0
108000   1
109000   0
110000   0
111000   7
112000   17
113000   25
114000   10
115000   4
116000   1
117000   0
118000   0
119000   0
120000   0
121000   7
122000   18
123000   28
124000   23
125000   2
126000   2
127000   0
128000   0
129000   0
130000   0
131000   7
132000   15
133000   23
134000   17
135000   8
136000   0
137000   1
138000   0
139000   1
140000   0
141000   10
142000   22
143000   17
144000   20
145000   9
146000   1
147000   0
148000   1
149000   1
150000   1
151000   6
152000   21
153000   25
154000   19
155000   5
156000   3
157000   0
158000   1
159000   0
160000   1
161000   5
162000   23
163000   33
164000   17
165000   9
166000   3
167000   0
168000   1
169000   0
170000   0
171000   6
172000   24
173000   30
174000   13
175000   7
176000   0
177000   1
178000   1
179000   0
180000   0
181000   11
182000   20
183000   31
184000   12
185000   6
186000   0
187000   0
188000   0
189000   0
190000   0
191000   4
192000   17
193000   24
194000   9
195000   5
196000   2
197000   0
198000   0
199000   0
200000   0
201000   7
202000   23
203000   12
204000   4
205000   4
206000   2
207000   0
208000   2
209000   0
210000   0
211000   4
212000   14
213000   15
214000   17
215000   5
216000   3
217000   0
218000   1
219000   1
220000   1
221000   4
222000   16
223000   14
224000   12
225000   4
226000   2
227000   0
228000   1
229000   0
230000   0
231000   5
232000   17
233000   23
234000   18
235000   7
236000   2
237000   0
238000   0
239000   0
240000   0
241000   5
242000   16
243000   14
244000   16
245000   5
246000   1
247000   0
248000   1
249000   1
250000   1
251000   9
252000   12
253000   26
254000   12
255000   2
256000   1
257000   0
258000   0
259000   1
260000   0
261000   7
262000   17
263000   25
264000   8
265000   7
266000   2
267000   0
268000   0
269000   0
270000   0
271000   8
272000   21
273000   30
274000   16
275000   6
276000   2
277000   0
278000   0
279000   0
280000   0
281000   12
282000   15
283000   23
284000   13
285000   4
286000   1
287000   0
288000   1
289000   0
290000   0
291000   3
292000   18
293000   24
294000   12
295000   7
296000   1
297000   1
298000   1
299000   1
300000   0
301000   6
302000   12
303000   24
304000   14
305000   5
306000   2
307000   1
308000   1
309000   2
310000   0
311000   7
312000   15
313000   26
314000   14
315000   9
316000   1
317000   1
318000   1
319000   1
320000   1
321000   9
322000   24
323000   21
324000   9
325000   3
326000   4
327000   1
328000   0
329000   0
330000   1
331000   4
332000   16
333000   19
334000   12
335000   9
336000   0
337000   1
338000   0
339000   0
340000   0
341000   8
342000   14
343000   34
344000   19
345000   5
346000   1
347000   0
348000   1
349000   0
350000   1
351000   9
352000   20
353000   22
354000   14
355000   5
356000   2
357000   0
358000   0
359000   0
360000   0
361000   9
362000   17
363000   25
364000   12
365000   4
366000   0
367000   0
368000   0
369000   2
370000   0
371000   5
372000   17
373000   20
374000   15
375000   6
376000   2
377000   0
378000   0
379000   1
380000   1
381000   4
382000   16
383000   15
384000   10
385000   4
386000   1
387000   1
388000   1
389000   0
390000   0
391000   5
392000   20
393000   24
394000   9
395000   7
396000   2
397000   1
398000   0
399000   1
400000   0
401000   5
402000   18
403000   28
404000   23
405000   9
406000   3
407000   0
408000   1
409000   0
410000   0
411000   5
412000   26
413000   19
414000   10
415000   4
416000   1
417000   0
418000   1
419000   0
420000   1
421000   8
422000   16
423000   29
424000   19
425000   10
426000   3
427000   0
428000   1
429000   0
430000   0
431000   3
432000   26
433000   27
434000   14
435000   7
436000   1
437000   0
438000   2
439000   0
440000   0
441000   6
442000   17
443000   24
444000   8
445000   4
446000   1
447000   0
448000   0
449000   0
450000   1
451000   6
452000   11
453000   20
454000   15
455000   6
456000   1
457000   1
458000   0
459000   0
460000   1
461000   5
462000   12
463000   22
464000   12
465000   3
466000   2
467000   0
468000   0
469000   0
470000   0
471000   5
472000   13
473000   24
474000   7
475000   5
476000   1
477000   0
478000   0
479000   0
480000   0
481000   8
482000   22
483000   19
484000   17
485000   4
486000   5
487000   1
488000   0
489000   0
490000   0
491000   4
492000   12
493000   28
494000   12
495000   4
496000   1
497000   0
498000   0
499000   0
500000   0
501000   10
502000   18
503000   29
504000   13
505000   5
506000   0
507000   0
508000   1
509000   1
510000   0
511000   6
512000   19
513000   21
514000   14
515000   7
516000   2
517000   0
518000   0
519000   1
520000   1
521000   4
522000   19
523000   15
524000   13
525000   4
526000   0
527000   0
528000   0
529000   2
530000   1
531000   8
532000   22
533000   20
534000   8
535000   4
536000   3
537000   0
538000   1
539000   0
540000   0
541000   10
542000   21
543000   20
544000   10
545000   8
546000   4
547000   1
548000   0
549000   1
550000   0
551000   5
552000   16
553000   21
554000   8
555000   9
556000   0
557000   0
558000   4
559000   1
560000   1
561000   7
562000   19
563000   18
564000   12
565000   5
566000   1
567000   1
568000   1
569000   1
570000   0
571000   7
572000   20
573000   23
574000   12
575000   1
576000   2
577000   0
578000   0
579000   0
580000   0
581000   7
582000   23
583000   25
584000   12
585000   5
586000   0
587000   1
588000   1
589000   0
590000   0
591000   4
592000   23
593000   30
594000   20
595000   5
596000   1
597000   0
598000   2
599000   0
600000   1
601000   3
602000   10
603000   21
604000   12
605000   4
606000   0
607000   0
608000   0
609000   1
610000   1
611000   6
612000   15
613000   19
614000   17
615000   4
616000   1
617000   2
618000   1
619000   0
620000   1
621000   6
622000   22
623000   25
624000   20
625000   6
626000   3
627000   0
628000   0
629000   0
630000   0
631000   11
632000   16
633000   29
634000   14
635000   3
636000   0
637000   0
638000   0
639000   2
640000   0
641000   12
642000   21
643000   26
644000   16
645000   2
646000   1
647000   1
648000   0
649000   1
650000   1
651000   6
652000   13
653000   27
654000   19
655000   5
656000   2
657000   1
658000   0
659000   0
660000   0
661000   6
662000   15
663000   18
664000   14
665000   2
666000   2
667000   0
668000   0
669000   0
670000   0
671000   8
672000   21
673000   27
674000   8
675000   7
676000   1
677000   0
678000   1
679000   0
680000   1
681000   6
682000   11
683000   25
684000   10
685000   5
686000   0
687000   0
688000   1
689000   0
690000   0
691000   4
692000   17
693000   18
694000   16
695000   4
696000   2
697000   0
698000   0
699000   1
700000   0
701000   5
702000   15
703000   21
704000   17
705000   4
706000   0
707000   0
708000   0
709000   0
710000   1
711000   8
712000   17
713000   33
714000   24
715000   4
716000   1
717000   2
718000   0
719000   0
720000   0
721000   6
722000   19
723000   17
724000   10
725000   8
726000   2
727000   1
728000   1
729000   0
730000   0
731000   8
732000   23
733000   30
734000   14
735000   4
736000   2
737000   1
738000   0
739000   2
740000   0
741000   2
742000   23
743000   24
744000   19
745000   3
746000   4
747000   0
748000   1
749000   0
750000   2
751000   4
752000   23
753000   22
754000   14
755000   4
756000   5
757000   1
758000   0
759000   0
760000   0
761000   7
762000   18
763000   18
764000   15
765000   4
766000   1
767000   0
768000   0
769000   0
770000   0
771000   5
772000   19
773000   21
774000   13
775000   2
776000   2
777000   0
778000   0
779000   1
780000   1
781000   6
782000   18
783000   24
784000   7
785000   5
786000   0
787000   1
788000   0
789000   0
790000   2
791000   7
792000   16
793000   17
794000   15
795000   10
796000   2
797000   0
798000   0
799000   0
800000   2
801000   7
802000   13
803000   17
804000   12
805000   3
806000   2
807000   1
808000   0
809000   0
810000   0
811000   7
812000   16
813000   19
814000   18
815000   7
816000   1
817000   2
818000   0
819000   1
820000   1
821000   5
822000   23
823000   15
824000   18
825000   5
826000   1
827000   0
828000   0
829000   0
830000   0
831000   5
832000   14
833000   22
834000   10
835000   5
836000   1
837000   0
838000   0
839000   1
840000   1
841000   8
842000   24
843000   16
844000   12
845000   3
846000   1
847000   1
848000   1
849000   1
850000   0
851000   3
852000   25
853000   13
854000   10
855000   5
856000   2
857000   2
858000   0
859000   1
860000   0
861000   9
862000   15
863000   23
864000   17
865000   2
866000   2
867000   1
868000   0
869000   1
870000   0
871000   4
872000   22
873000   25
874000   6
875000   6
876000   4
877000   0
878000   1
879000   1
880000   1
881000   13
882000   12
883000   21
884000   10
885000   5
886000   1
887000   0
888000   0
889000   0
890000   0
891000   8
892000   8
893000   20
894000   6
895000   6
896000   2
897000   2
898000   0
899000   0
900000   0
901000   9
902000   18
903000   16
904000   12
905000   3
906000   2
907000   2
908000   0
909000   1
910000   0
911000   6
912000   21
913000   20
914000   6
915000   4
916000   1
917000   2
918000   0
919000   1
920000   0
921000   9
922000   11
923000   21
924000   10
925000   7
926000   0
927000   0
928000   0
929000   0
930000   0
931000   4
932000   12
933000   15
934000   11
935000   4
936000   0
937000   0
938000   1
939000   1
940000   1
941000   7
942000   24
943000   29
944000   10
945000   3
946000   2
947000   3
948000   0
949000   3
950000   0
951000   11
952000   12
953000   16
954000   10
955000   3
956000   1
957000   0
958000   1
959000   1
960000   0
961000   9
962000   18
963000   20
964000   14
965000   7
966000   2
967000   0
968000   0
969000   0
970000   0
971000   10
972000   18
973000   20
974000   16
975000   6
976000   2
977000   0
978000   0
979000   1
980000   0
981000   2
982000   16
983000   20
984000   13
985000   8
986000   1
987000   0
988000   1
989000   1
990000   1
991000   4
992000   21
993000   23
994000   14
995000   7
996000   0
997000   0
998000   0
999000   3
1000000   0
1001000   4
1002000   15
1003000   22
1004000   7
1005000   11
1006000   1
1007000   1
1008000   0
1009000   0
1010000   0
1011000   6
1012000   17
1013000   21
1014000   12
1015000   3
1016000   0
1017000   1
1018000   0
1019000   0
1020000   0
1021000   7
1022000   15
1023000   18
1024000   18
1025000   6
1026000   3
1027000   0
1028000   1
1029000   0
1030000   1
1031000   4
1032000   21
1033000   27
1034000   19
1035000   2
1036000   0
1037000   0
1038000   0
1039000   1
1040000   0
1041000   6
1042000   18
1043000   24
1044000   19
1045000   7
1046000   1
1047000   0
1048000   0
1049000   1
1050000   0
1051000   10
1052000   11
1053000   13
1054000   13
1055000   5
1056000   1
1057000   1
1058000   1
1059000   2
1060000   0
1061000   2
1062000   21
1063000   23
1064000   5
1065000   5
1066000   0
1067000   1
1068000   0
1069000   0
1070000   0
1071000   8
1072000   22
1073000   22
1074000   8
1075000   9
1076000   0
1077000   0
1078000   0
1079000   1
1080000   0
1081000   8
1082000   16
1083000   21
1084000   10
1085000   5
1086000   0
1087000   2
1088000   1
1089000   0
1090000   3
1091000   5
1092000   18
1093000   24
1094000   11
1095000   6
1096000   1
1097000   0
1098000   0
1099000   0
1100000   4
1101000   7
1102000   20
1103000   24
1104000   10
1105000   5
1106000   0
1107000   0
1108000   0
1109000   1
1110000   0
1111000   12
1112000   18
1113000   29
1114000   11
1115000   1
1116000   2
1117000   1
1118000   0
1119000   0
1120000   0
1121000   5
1122000   17
1123000   24
1124000   15
1125000   3
1126000   1
1127000   1
1128000   0
1129000   0
1130000   0
1131000   10
1132000   18
1133000   28
1134000   12
1135000   3
1136000   2
1137000   0
1138000   1
1139000   0
1140000   0
1141000   7
1142000   19
1143000   28
1144000   14
1145000   6
1146000   1
1147000   0
1148000   2
1149000   0
1150000   0
1151000   6
1152000   15
1153000   13
1154000   15
1155000   4
1156000   0
1157000   0
1158000   0
1159000   0
1160000   1
1161000   3
1162000   19
1163000   24
1164000   8
1165000   4
1166000   1
1167000   1
1168000   1
1169000   1
1170000   0
1171000   10
1172000   22
1173000   11
1174000   12
1175000   6
1176000   2
1177000   0
1178000   1
1179000   2
1180000   0
1181000   10
1182000   18
1183000   22
1184000   15
1185000   3
1186000   2
1187000   1
1188000   0
1189000   0
1190000   0
1191000   1
1192000   20
1193000   20
1194000   15
1195000   5
1196000   1
1197000   1
1198000   0
1199000   0
1200000   0
1201000   10
1202000   27
1203000   17
1204000   9
1205000   5
1206000   1
1207000   1
1208000   2
1209000   1
1210000   0
1211000   5
1212000   22
1213000   23
1214000   14
1215000   0
1216000   1
1217000   0
1218000   0
1219000   0
1220000   0
1221000   3
1222000   22
1223000   21
1224000   8
1225000   3
1226000   0
1227000   1
1228000   0
1229000   0
1230000   0
1231000   6
1232000   12
1233000   20
1234000   16
1235000   2
1236000   3
1237000   1
1238000   0
1239000   0
1240000   0
1241000   5
1242000   18
1243000   21
1244000   10
1245000   5
1246000   2
1247000   1
1248000   1
1249000   1
1250000   0
1251000   6
1252000   14
1253000   31
1254000   9
1255000   5
1256000   2
1257000   2
1258000   0
1259000   0
1260000   0
1261000   7
1262000   21
1263000   27
1264000   13
1265000   4
1266000   0
1267000   1
1268000   0
1269000   0
1270000   1
1271000   7
1272000   18
1273000   22
1274000   10
1275000   5
1276000   1
1277000   3
1278000   1
1279000   0
1280000   0
1281000   7
1282000   17
1283000   28
1284000   10
1285000   5
1286000   4
1287000   1
1288000   0
1289000   1
1290000   0
1291000   6
1292000   20
1293000   23
1294000   14
1295000   4
1296000   3
1297000   0
1298000   0
1299000   0
1300000   1
1301000   2
1302000   14
1303000   19
1304000   11
1305000   5
1306000   2
1307000   1
1308000   1
1309000   0
1310000   0
1311000   3
1312000   20
1313000   17
1314000   16
1315000   4
1316000   3
1317000   1
1318000   0
1319000   0
1320000   1
1321000   11
1322000   18
1323000   30
1324000   18
1325000   3
1326000   1
1327000   0
1328000   0
1329000   0
1330000   1
1331000   7
1332000   15
1333000   16
1334000   17
1335000   3
1336000   3
1337000   0
1338000   0
1339000   0
1340000   0
1341000   8
1342000   16
1343000   15
1344000   13
1345000   4
1346000   2
1347000   1
1348000   0
1349000   1
1350000   2
1351000   6
1352000   17
1353000   33
1354000   12
1355000   4
1356000   1
1357000   1
1358000   0
1359000   0
1360000   0
1361000   4
1362000   24
1363000   23
1364000   14
1365000   4
1366000   3
1367000   0
1368000   0
1369000   0
1370000   0
1371000   7
1372000   18
1373000   24
1374000   13
1375000   4
1376000   2
1377000   0
1378000   0
1379000   0
1380000   2
1381000   5
1382000   16
1383000   23
1384000   10
1385000   5
1386000   1
1387000   1
1388000   0
1389000   0
1390000   0
1391000   4
1392000   14
1393000   20
1394000   8
1395000   7
1396000   1
1397000   0
1398000   0
1399000   0
1400000   0
1401000   5
1402000   24
1403000   16
1404000   5
1405000   6
1406000   2
1407000   1
1408000   1
1409000   3
1410000   0
1411000   10
1412000   18
1413000   13
1414000   7
1415000   2
1416000   2
1417000   3
1418000   1
1419000   0
1420000   1
1421000   10
1422000   12
1423000   16
1424000   11
1425000   5
1426000   5
1427000   0
1428000   1
1429000   0
1430000   1
1431000   9
1432000   22
1433000   11
1434000   6
1435000   5
1436000   0
1437000   0
1438000   1
1439000   1
1440000   1
1441000   6
1442000   11
1443000   25
1444000   6
1445000   1
1446000   1
1447000   1
1448000   1
1449000   1
1450000   0
1451000   7
1452000   23
1453000   12
1454000   10
1455000   2
1456000   0
1457000   0
1458000   0
1459000   0
1460000   2
1461000   3
1462000   20
1463000   19
1464000   13
1465000   6
1466000   1
1467000   0
1468000   0
1469000   0
1470000   0
1471000   9
1472000   22
1473000   21
1474000   12
1475000   7
1476000   1
1477000   1
1478000   0
1479000   0
1480000   2
1481000   6
1482000   21
1483000   22
1484000   13
1485000   4
1486000   1
1487000   0
1488000   3
1489000   0
1490000   1
1491000   11
1492000   18
1493000   15
1494000   8
1495000   2
1496000   1
1497000   0
1498000   0
1499000   0
1500000   1
1501000   8
1502000   29
1503000   22
1504000   13
1505000   4
1506000   2
1507000   0
1508000   0
1509000   1
1510000   0
1511000   4
1512000   12
1513000   21
1514000   11
1515000   0
1516000   1
1517000   2
1518000   0
1519000   0
1520000   0
1521000   5
1522000   7
1523000   21
1524000   13
1525000   8
1526000   1
1527000   0
1528000   0
1529000   0
1530000   0
1531000   6
1532000   18
1533000   24
1534000   14
1535000   3
1536000   1
1537000   0
1538000   0
1539000   1
1540000   1
1541000   8
1542000   19
1543000   23
1544000   16
1545000   6
1546000   0
1547000   2
1548000   0
1549000   0
1550000   0
1551000   7
1552000   28
1553000   22
1554000   15
1555000   10
1556000   1
1557000   2
1558000   0
1559000   1
1560000   1
1561000   7
1562000   11
1563000   26
1564000   11
1565000   5
1566000   1
1567000   0
1568000   0
1569000   2
1570000   0
1571000   11
1572000   14
1573000   21
1574000   8
1575000   7
1576000   2
1577000   0
1578000   0
1579000   1
1580000   1
1581000   1
1582000   18
1583000   29
1584000   13
1585000   1
1586000   0
1587000   0
1588000   1
1589000   0
1590000   0
1591000   7
1592000   16
1593000   19
1594000   9
1595000   11
1596000   1
1597000   1
1598000   1
1599000   1
1600000   0
1601000   9
1602000   11
1603000   20
1604000   14
1605000   3
1606000   3
1607000   0
1608000   0
1609000   1
1610000   0
1611000   8
1612000   12
1613000   25
1614000   18
1615000   4
1616000   1
1617000   0
1618000   0
1619000   0
1620000   0
1621000   8
1622000   16
1623000   19
1624000   17
1625000   2
1626000   0
1627000   2
1628000   0
1629000   0
1630000   1
1631000   3
1632000   19
1633000   17
1634000   14
1635000   7
1636000   0
1637000   1
1638000   0
1639000   0
1640000   0
1641000   7
1642000   12
1643000   27
1644000   14
1645000   5
1646000   1
1647000   2
1648000   1
1649000   0
1650000   0
1651000   7
1652000   10
1653000   18
1654000   11
1655000   7
1656000   4
1657000   2
1658000   0
1659000   1
1660000   1
1661000   11
1662000   15
1663000   22
1664000   13
1665000   3
1666000   0
1667000   1
1668000   0
1669000   1
1670000   0
1671000   6
1672000   14
1673000   23
1674000   6
1675000   3
1676000   4
1677000   1
1678000   0
1679000   0
1680000   2
1681000   10
1682000   16
1683000   21
1684000   9
1685000   7
1686000   0
1687000   0
1688000   1
1689000   0
1690000   1
1691000   3
1692000   22
1693000   30
1694000   16
1695000   2
1696000   2
1697000   0
1698000   0
1699000   0
1700000   1
1701000   6
1702000   15
1703000   32
1704000   9
1705000   4
1706000   1
1707000   0
1708000   1
1709000   0
1710000   2
1711000   9
1712000   15
1713000   14
1714000   12
1715000   7
1716000   1
1717000   1
1718000   0
1719000   1
1720000   1
1721000   7
1722000   16
1723000   23
1724000   9
1725000   6
1726000   3
1727000   0
1728000   1
1729000   0
1730000   2
1731000   5
1732000   12
1733000   34
1734000   9
1735000   6
1736000   1
1737000   2
1738000   1
1739000   0
1740000   0
1741000   6
1742000   15
1743000   24
1744000   18
1745000   5
1746000   0
1747000   1
1748000   0
1749000   0
1750000   0
1751000   7
1752000   26
1753000   17
1754000   18
1755000   7
1756000   0
1757000   0
1758000   0
1759000   0
1760000   0
1761000   11
1762000   18
1763000   14
1764000   10
1765000   7
1766000   1
1767000   0
1768000   0
1769000   2
1770000   2
1771000   6
1772000   15
1773000   18
1774000   12
1775000   2
1776000   1
1777000   0
1778000   0
1779000   1
1780000   1
1781000   9
1782000   19
1783000   19
1784000   14
1785000   3
1786000   2
1787000   1
1788000   1
1789000   0
1790000   0
1791000   7
1792000   17
1793000   22
1794000   12
1795000   7
1796000   2
1797000   1
1798000   1
1799000   0
1800000   1
1801000   10
1802000   19
1803000   20
1804000   14
1805000   5
1806000   0
1807000   0
1808000   1
1809000   0
1810000   0
1811000   2
1812000   19
1813000   20
1814000   9
1815000   3
1816000   1
1817000   0
1818000   1
1819000   0
1820000   0
1821000   10
1822000   16
1823000   16
1824000   18
1825000   4
1826000   1
1827000   0
1828000   0
1829000   1
1830000   1
1831000   3
1832000   14
1833000   25
1834000   11
1835000   4
1836000   2
1837000   0
1838000   0
1839000   1
1840000   0
1841000   10
1842000   16
1843000   22
1844000   15
1845000   6
1846000   1
1847000   0
1848000   0
1849000   1
1850000   0
1851000   5
1852000   16
1853000   19
1854000   17
1855000   4
1856000   2
1857000   0
1858000   0
1859000   0
1860000   1
1861000   6
1862000   17
1863000   19
1864000   9
1865000   4
1866000   1
1867000   1
1868000   0
1869000   0
1870000   0
1871000   5
1872000   16
1873000   18
1874000   9
1875000   6
1876000   2
1877000   0
1878000   0
1879000   1
1880000   1
1881000   5
1882000   22
1883000   13
1884000   11
1885000   5
1886000   0
1887000   1
1888000   0
1889000   0
1890000   1
1891000   7
1892000   18
1893000   25
1894000   11
1895000   2
1896000   0
1897000   1
1898000   0
1899000   1
1900000   0
1901000   2
1902000   18
1903000   12
1904000   20
1905000   7
1906000   3
1907000   0
1908000   1
1909000   2
1910000   1
1911000   11
1912000   14
1913000   15
1914000   15
1915000   6
1916000   1
1917000   0
1918000   1
1919000   0
1920000   1
1921000   8
1922000   19
1923000   20
1924000   14
1925000   1
1926000   2
1927000   0
1928000   1
1929000   2
1930000   0
1931000   6
1932000   18
1933000   16
1934000   13
1935000   5
1936000   2
1937000   0
1938000   2
1939000   1
1940000   0
1941000   5
1942000   22
1943000   21
1944000   14
1945000   3
1946000   2
1947000   1
1948000   0
1949000   0
1950000   0
1951000   6
1952000   21
1953000   27
1954000   12
1955000   6
1956000   0
1957000   1
1958000   0
1959000   1
1960000   1
1961000   5
1962000   22
1963000   21
1964000   14
1965000   5
1966000   0
1967000   1
1968000   1
1969000   0
1970000   1
1971000   8
1972000   19
1973000   19
1974000   13
1975000   2
1976000   0
1977000   0
1978000   0
1979000   1
1980000   0
1981000   10
1982000   19
1983000   23
1984000   14
1985000   7
1986000   1
1987000   0
1988000   0
1989000   0
1990000   0
1991000   8
1992000   23
1993000   13
1994000   12
1995000   6
1996000   3
1997000   0
1998000   0
1999000   0
2000000   1
2001000   8
2002000   18
2003000   27
2004000   12
2005000   10
2006000   0
2007000   0
2008000   0
2009000   0
2010000   0
2011000   7
2012000   18
2013000   22
2014000   9
2015000   2
2016000   1
2017000   0
2018000   1
2019000   0
2020000   0
2021000   7
2022000   16
2023000   22
2024000   10
2025000   7
2026000   2
2027000   0
2028000   0
2029000   1
2030000   1
2031000   8
2032000   18
2033000   24
2034000   11
2035000   6
2036000   1
2037000   0
2038000   1
2039000   1
2040000   1
2041000   5
2042000   26
2043000   22
2044000   13
2045000   4
2046000   2
2047000   0
2048000   1
2049000   1
2050000   0
2051000   7
2052000   13
2053000   25
2054000   10
2055000   5
2056000   0
2057000   0
2058000   2
2059000   1
2060000   1
2061000   7
2062000   20
2063000   15
2064000   13
2065000   4
2066000   1
2067000   0
2068000   2
2069000   1
2070000   0
2071000   5
2072000   19
2073000   24
2074000   12
2075000   1
2076000   0
2077000   0
2078000   0
2079000   0
2080000   0
2081000   4
2082000   15
2083000   17
2084000   10
2085000   7
2086000   1
2087000   1
2088000   1
2089000   1
2090000   0
2091000   7
2092000   19
2093000   28
2094000   9
2095000   5
2096000   3
2097000   0
2098000   1
2099000   0
2100000   0
2101000   7
2102000   24
2103000   19
2104000   13
2105000   3
2106000   0
2107000   0
2108000   0
2109000   0
2110000   1
2111000   12
2112000   19
2113000   12
2114000   10
2115000   3
2116000   1
2117000   2
2118000   2
2119000   0
2120000   2
2121000   7
2122000   14
2123000   23
2124000   10
2125000   1
2126000   2
2127000   2
2128000   1
2129000   0
2130000   0
2131000   4
2132000   26
2133000   19
2134000   14
2135000   7
2136000   0
2137000   0
2138000   0
2139000   0
2140000   1
2141000   6
2142000   16
2143000   24
2144000   16
2145000   10
2146000   1
2147000   0
2148000   1
2149000   0
2150000   0
2151000   7
2152000   21
2153000   19
2154000   17
2155000   7
2156000   2
2157000   2
2158000   1
2159000   0
2160000   0
2161000   2
2162000   19
2163000   27
2164000   10
2165000   5
2166000   1
2167000   0
2168000   1
2169000   0
2170000   0
2171000   10
2172000   11
2173000   20
2174000   11
2175000   4
2176000   0
2177000   0
2178000   1
2179000   2
2180000   0
2181000   5
2182000   16
2183000   25
2184000   16
2185000   3
2186000   1
2187000   1
2188000   1
2189000   0
2190000   0
2191000   6
2192000   13
2193000   18
2194000   9
2195000   8
2196000   2
2197000   1
2198000   0
2199000   2
2200000   1
2201000   8
2202000   15
2203000   21
2204000   9
2205000   4
2206000   2
2207000   0
2208000   3
2209000   0
2210000   2
2211000   7
2212000   10
2213000   21
2214000   15
2215000   1
2216000   1
2217000   0
2218000   0
2219000   0
2220000   1
2221000   7
2222000   13
2223000   22
2224000   13
2225000   4
2226000   2
2227000   0
2228000   0
2229000   0
2230000   0
2231000   4
2232000   19
2233000   21
2234000   18
2235000   4
2236000   2
2237000   0
2238000   1
2239000   1
2240000   1
2241000   5
2242000   22
2243000   23
2244000   11
2245000   5
2246000   2
2247000   0
2248000   0
2249000   0
2250000   0
2251000   6
2252000   20
2253000   16
2254000   13
2255000   6
2256000   1
2257000   2
2258000   0
2259000   1
2260000   2
2261000   6
2262000   16
2263000   24
2264000   17
2265000   5
2266000   0
2267000   1
2268000   1
2269000   0
2270000   1
2271000   8
2272000   13
2273000   16
2274000   12
2275000   3
2276000   3
2277000   2
2278000   1
2279000   1
2280000   0
2281000   5
2282000   14
2283000   22
2284000   8
2285000   4
2286000   1
2287000   0
2288000   0
2289000   0
2290000   0
2291000   8
2292000   8
2293000   22
2294000   8
2295000   4
2296000   0
2297000   0
2298000   0
2299000   1
2300000   0
2301000   1
2302000   18
2303000   10
2304000   11
2305000   3
2306000   0
2307000   0
2308000   0
2309000   0
2310000   1
2311000   7
2312000   7
2313000   29
2314000   16
2315000   5
2316000   0
2317000   0
2318000   0
2319000   1
2320000   0
2321000   5
2322000   15
2323000   18
2324000   11
2325000   6
2326000   0
2327000   1
2328000   1
2329000   0
2330000   0
2331000   7
2332000   16
2333000   19
2334000   13
2335000   3
2336000   5
2337000   0
2338000   0
2339000   2
2340000   0
2341000   6
2342000   16
2343000   26
2344000   13
2345000   5
2346000   2
2347000   1
2348000   0
2349000   1
2350000   1
2351000   7
2352000   14
2353000   9
2354000   9
2355000   6
2356000   3
2357000   0
2358000   0
2359000   0
2360000   0
2361000   11
2362000   8
2363000   20
2364000   14
2365000   1
2366000   2
2367000   1
2368000   0
2369000   1
2370000   2
2371000   6
2372000   21
2373000   28
2374000   11
2375000   6
2376000   3
2377000   1
2378000   0
2379000   0
2380000   2
2381000   4
2382000   17
2383000   25
2384000   10
2385000   1
2386000   0
2387000   2
2388000   0
2389000   0
2390000   1
2391000   2
2392000   8
2393000   20
2394000   14
2395000   3
2396000   1
2397000   1
2398000   0
2399000   1
2400000   1
2401000   3
2402000   24
2403000   16
2404000   8
2405000   7
2406000   0
2407000   1
2408000   1
2409000   0
2410000   0
2411000   9
2412000   16
2413000   19
2414000   9
2415000   3
2416000   2
2417000   0
2418000   1
2419000   2
2420000   0
2421000   6
2422000   22
2423000   23
2424000   8
2425000   3
2426000   3
2427000   0
2428000   1
2429000   1
2430000   0
2431000   6
2432000   14
2433000   21
2434000   18
2435000   1
2436000   3
2437000   0
2438000   0
2439000   1
2440000   1
2441000   3
2442000   8
2443000   18
2444000   16
2445000   2
2446000   1
2447000   0
2448000   0
2449000   2
2450000   0
2451000   5
2452000   20
2453000   25
2454000   10
2455000   3
2456000   1
2457000   2
2458000   1
2459000   0
2460000   0
2461000   7
2462000   14
2463000   25
2464000   11
2465000   6
2466000   4
2467000   0
2468000   0
2469000   0
2470000   1
2471000   6
2472000   19
2473000   26
2474000   10
2475000   3
2476000   2
2477000   2
2478000   0
2479000   0
2480000   0
2481000   9
2482000   21
2483000   19
2484000   16
2485000   6
2486000   1
2487000   0
2488000   0
2489000   1
2490000   1
2491000   6
2492000   16
2493000   24
2494000   10
2495000   7
2496000   1
2497000   1
2498000   0
2499000   0
2500000   0
2501000   9
2502000   26
2503000   30
2504000   12
2505000   2
2506000   3
2507000   1
2508000   0
2509000   0
2510000   0
2511000   10
2512000   16
2513000   19
2514000   11
2515000   3
2516000   0
2517000   1
2518000   1
2519000   0
2520000   0
2521000   6
2522000   14
2523000   24
2524000   11
2525000   1
2526000   0
2527000   1
2528000   1
2529000   1
2530000   0
2531000   4
2532000   16
2533000   16
2534000   7
2535000   4
2536000   2
2537000   0
2538000   0
2539000   1
2540000   2
2541000   8
2542000   16
2543000   16
2544000   9
2545000   4
2546000   0
2547000   0
2548000   0
2549000   0
2550000   1
2551000   4
2552000   20
2553000   25
2554000   10
2555000   4
2556000   1
2557000   0
2558000   0
2559000   0
2560000   0
2561000   5
2562000   14
2563000   25
2564000   11
2565000   4
2566000   5
2567000   0
2568000   0
2569000   0
2570000   1
2571000   8
2572000   13
2573000   21
2574000   6
2575000   5
2576000   3
2577000   1
2578000   3
2579000   0
2580000   0
2581000   6
2582000   13
2583000   20
2584000   12
2585000   4
2586000   2
2587000   0
2588000   1
2589000   0
2590000   0
2591000   6
2592000   22
2593000   26
2594000   14
2595000   8
2596000   0
2597000   2
2598000   1
2599000   0
2600000   1
2601000   11
2602000   15
2603000   24
2604000   11
2605000   5
2606000   2
2607000   1
2608000   0
2609000   2
2610000   1
2611000   9
2612000   18
2613000   17
2614000   9
2615000   4
2616000   2
2617000   1
2618000   1
2619000   0
2620000   0
2621000   8
2622000   25
2623000   24
2624000   16
2625000   6
2626000   2
2627000   0
2628000   2
2629000   1
2630000   0
2631000   6
2632000   12
2633000   17
2634000   9
2635000   3
2636000   0
2637000   2
2638000   1
2639000   1
2640000   2
2641000   10
2642000   24
2643000   15
2644000   8
2645000   5
2646000   0
2647000   1
2648000   1
2649000   2
2650000   1
2651000   9
2652000   23
2653000   23
2654000   16
2655000   6
2656000   3
2657000   0
2658000   0
2659000   0
2660000   0
2661000   8
2662000   16
2663000   17
2664000   9
2665000   3
2666000   0
2667000   0
2668000   0
2669000   1
2670000   0
2671000   6
2672000   13
2673000   25
2674000   8
2675000   5
2676000   2
2677000   1
2678000   3
2679000   1
2680000   0
2681000   8
2682000   12
2683000   22
2684000   10
2685000   6
2686000   0
2687000   0
2688000   0
2689000   0
2690000   0
2691000   8
2692000   9
2693000   21
2694000   15
2695000   7
2696000   1
2697000   1
2698000   0
2699000   1
2700000   1
2701000   7
2702000   19
2703000   22
2704000   14
2705000   3
2706000   0
2707000   0
2708000   4
2709000   2
2710000   1
2711000   2
2712000   19
2713000   13
2714000   16
2715000   5
2716000   1
2717000   2
2718000   1
2719000   1
2720000   2
2721000   10
2722000   12
2723000   23
2724000   11
2725000   1
2726000   1
2727000   2
2728000   0
2729000   1
2730000   1
2731000   4
2732000   20
2733000   24
2734000   14
2735000   4
2736000   0
2737000   0
2738000   2
2739000   0
2740000   1
2741000   9
2742000   13
2743000   18
2744000   11
2745000   7
2746000   1
2747000   0
2748000   0
2749000   0
2750000   1
2751000   5
2752000   20
2753000   25
2754000   10
2755000   2
2756000   3
2757000   1
2758000   0
2759000   0
2760000   1
2761000   6
2762000   15
2763000   16
2764000   11
2765000   2
2766000   2
2767000   1
2768000   0
2769000   0
2770000   1
2771000   6
2772000   14
2773000   14
2774000   5
2775000   1
2776000   0
2777000   0
2778000   0
2779000   2
2780000   0
2781000   8
2782000   21
2783000   22
2784000   12
2785000   6
2786000   4
2787000   0
2788000   0
2789000   0
2790000   0
2791000   8
2792000   13
2793000   21
2794000   19
2795000   4
2796000   1
2797000   1
2798000   1
2799000   0
2800000   0
2801000   10
2802000   18
2803000   23
2804000   12
2805000   2
2806000   0
2807000   0
2808000   0
2809000   1
2810000   0
2811000   6
2812000   25
2813000   29
2814000   11
2815000   5
2816000   0
2817000   0
2818000   1
2819000   1
2820000   0
2821000   3
2822000   13
2823000   23
2824000   10
2825000   5
2826000   0
2827000   1
2828000   1
2829000   1
2830000   0
2831000   9
2832000   17
2833000   31
2834000   20
2835000   4
2836000   1
2837000   0
2838000   0
2839000   0
2840000   0
2841000   6
2842000   21
2843000   17
2844000   17
2845000   2
2846000   0
2847000   1
2848000   0
2849000   0
2850000   0
2851000   7
2852000   22
2853000   16
2854000   16
2855000   4
2856000   0
2857000   0
2858000   0
2859000   3
2860000   0
2861000   7
2862000   16
2863000   28
2864000   8
2865000   9
2866000   0
2867000   0
2868000   1
2869000   0
2870000   1
2871000   3
2872000   21
2873000   28
2874000   7
2875000   3
2876000   0
2877000   2
2878000   0
2879000   0
2880000   0
2881000   6
2882000   13
2883000   11
2884000   15
2885000   4
2886000   3
2887000   0
2888000   0
2889000   1
2890000   0
2891000   2
2892000   21
2893000   21
2894000   4
2895000   2
2896000   1
2897000   0
2898000   1
2899000   0
2900000   0
2901000   8
2902000   26
2903000   11
2904000   16
2905000   3
2906000   1
2907000   1
2908000   1
2909000   2
2910000   1
2911000   4
2912000   21
2913000   28
2914000   11
2915000   1
2916000   1
2917000   0
2918000   2
2919000   2
2920000   0
2921000   2
2922000   14
2923000   17
2924000   15
2925000   5
2926000   2
2927000   0
2928000   0
2929000   0
2930000   1
2931000   9
2932000   18
2933000   21
2934000   10
2935000   3
2936000   2
2937000   0
2938000   0
2939000   0
2940000   1
2941000   9
2942000   12
2943000   20
2944000   13
2945000   4
2946000   3
2947000   2
2948000   3
2949000   0
2950000   1
2951000   4
2952000   15
2953000   16
2954000   15
2955000   4
2956000   0
2957000   1
2958000   0
2959000   0
2960000   1
2961000   5
2962000   21
2963000   18
2964000   12
2965000   4
2966000   1
2967000   0
2968000   1
2969000   0
2970000   2
2971000   8
2972000   13
2973000   27
2974000   19
2975000   4
2976000   0
2977000   0
2978000   0
2979000   0
2980000   0
2981000   7
2982000   16
2983000   24
2984000   12
2985000   7
2986000   1
2987000   0
2988000   0
2989000   0
2990000   0
2991000   9
2992000   16
2993000   26
2994000   13
2995000   4
2996000   4
2997000   0
2998000   0
2999000   0
3000000   2
3001000   11
3002000   14
3003000   16
3004000   16
3005000   5
3006000   2
3007000   0
3008000   0
3009000   0
3010000   0
3011000   6
3012000   8
3013000   22
3014000   11
3015000   4
3016000   4
3017000   1
3018000   0
3019000   1
3020000   0
3021000   4
3022000   26
3023000   25
3024000   15
3025000   4
3026000   0
3027000   0
3028000   2
3029000   0
3030000   0
3031000   6
3032000   21
3033000   20
3034000   12
3035000   4
3036000   1
3037000   0
3038000   0
3039000   1
3040000   0
3041000   6
3042000   12
3043000   29
3044000   10
3045000   4
3046000   1
3047000   0
3048000   0
3049000   0
3050000   0
3051000   4
3052000   15
3053000   18
3054000   19
3055000   3
3056000   1
3057000   0
3058000   0
3059000   1
3060000   0
3061000   4
3062000   19
3063000   20
3064000   15
3065000   5
3066000   1
3067000   0
3068000   0
3069000   0
3070000   0
3071000   6
3072000   22
3073000   27
3074000   11
3075000   3
3076000   1
3077000   0
3078000   0
3079000   0
3080000   1
3081000   8
3082000   15
3083000   16
3084000   17
3085000   8
3086000   1
3087000   0
3088000   1
3089000   1
3090000   1
3091000   4
3092000   18
3093000   20
3094000   17
3095000   3
3096000   3
3097000   2
3098000   1
3099000   0
3100000   0
3101000   6
3102000   22
3103000   23
3104000   18
3105000   1
3106000   3
3107000   0
3108000   2
3109000   1
3110000   1
3111000   1
3112000   18
3113000   21
3114000   18
3115000   2
3116000   1
3117000   1
3118000   1
3119000   1
3120000   0
3121000   3
3122000   25
3123000   16
3124000   10
3125000   6
3126000   0
3127000   1
3128000   1
3129000   0
3130000   0
3131000   10
3132000   11
3133000   24
3134000   4
3135000   5
3136000   2
3137000   3
3138000   1
3139000   0
3140000   0
3141000   7
3142000   18
3143000   23
3144000   9
3145000   7
3146000   1
3147000   0
3148000   1
3149000   1
3150000   1
3151000   7
3152000   11
3153000   19
3154000   15
3155000   6
3156000   4
3157000   2
3158000   1
3159000   0
3160000   1
3161000   7
3162000   8
3163000   19
3164000   14
3165000   3
3166000   0
3167000   2
3168000   1
3169000   0
3170000   0
3171000   6
3172000   15
3173000   24
3174000   12
3175000   3
3176000   0
3177000   1
3178000   2
3179000   1
3180000   2
3181000   5
3182000   12
3183000   26
3184000   14
3185000   3
3186000   3
3187000   0
3188000   1
3189000   1
3190000   0
3191000   7
3192000   16
3193000   17
3194000   9
3195000   3
3196000   4
3197000   1
3198000   0
3199000   2
3200000   0
3201000   8
3202000   18
3203000   25
3204000   20
3205000   4
3206000   1
3207000   0
3208000   0
3209000   0
3210000   0
3211000   10
3212000   20
3213000   25
3214000   14
3215000   7
3216000   1
3217000   0
3218000   0
3219000   1
3220000   0
3221000   14
3222000   18
3223000   26
3224000   5
3225000   7
3226000   4
3227000   0
3228000   0
3229000   1
3230000   1
3231000   2
3232000   19
3233000   18
3234000   9
3235000   3
3236000   1
3237000   1
3238000   1
3239000   1
3240000   2
3241000   9
3242000   18
3243000   15
3244000   10
3245000   4
3246000   1
3247000   0
3248000   0
3249000   0
3250000   0
3251000   7
3252000   22
3253000   23
3254000   12
3255000   7
3256000   2
3257000   0
3258000   0
3259000   0
3260000   0
3261000   10
3262000   16
3263000   8
3264000   7
3265000   9
3266000   1
3267000   0
3268000   1
3269000   3
3270000   1
3271000   8
3272000   25
3273000   25
3274000   8
3275000   4
3276000   1
3277000   0
3278000   0
3279000   1
3280000   1
3281000   4
3282000   18
3283000   22
3284000   17
3285000   8
3286000   3
3287000   1
3288000   2
3289000   2
3290000   0
3291000   6
3292000   19
3293000   12
3294000   12
3295000   2
3296000   1
3297000   0
3298000   0
3299000   1
3300000   1
3301000   5
3302000   23
3303000   14
3304000   15
3305000   6
3306000   1
3307000   3
3308000   0
3309000   1
3310000   0
3311000   2
3312000   18
3313000   18
3314000   7
3315000   6
3316000   2
3317000   0
3318000   1
3319000   2
3320000   2
3321000   9
3322000   20
3323000   26
3324000   13
3325000   10
3326000   1
3327000   0
3328000   1
3329000   2
3330000   0
3331000   5
3332000   21
3333000   23
3334000   10
3335000   5
3336000   0
3337000   0
3338000   1
3339000   1
3340000   0
3341000   5
3342000   19
3343000   21
3344000   11
3345000   0
3346000   2
3347000   0
3348000   2
3349000   0
3350000   0
3351000   12
3352000   21
3353000   13
3354000   13
3355000   2
3356000   0
3357000   1
3358000   1
3359000   0
3360000   0
3361000   4
3362000   12
3363000   20
3364000   9
3365000   5
3366000   1
3367000   1
3368000   1
3369000   1
3370000   1
3371000   11
3372000   19
3373000   13
3374000   15
3375000   3
3376000   1
3377000   2
3378000   0
3379000   1
3380000   1
3381000   3
3382000   18
3383000   16
3384000   11
3385000   6
3386000   0
3387000   1
3388000   0
3389000   1
3390000   1
3391000   10
3392000   21
3393000   21
3394000   9
3395000   6
3396000   0
3397000   0
3398000   1
3399000   0
3400000   0
3401000   6
3402000   18
3403000   22
3404000   9
3405000   5
3406000   3
3407000   1
3408000   0
3409000   0
3410000   1
3411000   5
3412000   16
3413000   29
3414000   13
3415000   2
3416000   2
3417000   1
3418000   0
3419000   1
3420000   1
3421000   6
3422000   19
3423000   37
3424000   14
3425000   4
3426000   3
3427000   1
3428000   0
3429000   1
3430000   0
3431000   6
3432000   20
3433000   15
3434000   18
3435000   2
3436000   4
3437000   0
3438000   3
3439000   0
3440000   0
3441000   6
3442000   19
3443000   17
3444000   14
3445000   1
3446000   1
3447000   2
3448000   0
3449000   1
3450000   0
3451000   7
3452000   23
3453000   20
3454000   14
3455000   5
3456000   1
3457000   0
3458000   1
3459000   0
3460000   0
3461000   5
3462000   13
3463000   21
3464000   11
3465000   6
3466000   1
3467000   1
3468000   0
3469000   0
3470000   0
3471000   6
3472000   18
3473000   20
3474000   9
3475000   3
3476000   2
3477000   0
3478000   1
3479000   1
3480000   0
3481000   8
3482000   11
3483000   22
3484000   17
3485000   4
3486000   2
3487000   2
3488000   1
3489000   0
3490000   0
3491000   9
3492000   18
3493000   22
3494000   12
3495000   4
3496000   0
3497000   1
3498000   1
3499000   0
3500000   0
3501000   9
3502000   18
3503000   18
3504000   16
3505000   6
3506000   1
3507000   0
3508000   0
3509000   1
3510000   0
3511000   5
3512000   22
3513000   13
3514000   10
3515000   5
3516000   1
3517000   0
3518000   0
3519000   2
3520000   0
3521000   5
3522000   21
3523000   24
3524000   16
3525000   2
3526000   0
3527000   1
3528000   2
3529000   1
3530000   2
3531000   5
3532000   25
3533000   17
3534000   12
3535000   4
3536000   1
3537000   2
3538000   0
3539000   0
3540000   0
3541000   6
3542000   22
3543000   29
3544000   14
3545000   4
3546000   3
3547000   0
3548000   0
3549000   0
3550000   0
3551000   5
3552000   15
3553000   18
3554000   6
3555000   8
3556000   1
3557000   1
3558000   1
3559000   0
3560000   0
3561000   7
3562000   23
3563000   22
3564000   5
3565000   6
3566000   1
3567000   0
3568000   1
3569000   0
3570000   0
3571000   3
3572000   23
3573000   30
3574000   9
3575000   1
3576000   3
3577000   0
3578000   1
3579000   0
3580000   0
3581000   5
3582000   19
3583000   14
3584000   11
3585000   6
3586000   0
3587000   1
3588000   1
3589000   2
3590000   1
3591000   3
3592000   7
3593000   21
3594000   7
3595000   7
3596000   0
3597000   0
3598000   1
3599000   1
3600000   1
3601000   9
3602000   27
3603000   26
3604000   17
3605000   6
3606000   1
3607000   0
3608000   0
3609000   0
3610000   0
3611000   7
3612000   22
3613000   21
3614000   10
3615000   4
3616000   0
3617000   1
3618000   0
3619000   2
3620000   0
3621000   6
3622000   20
3623000   27
3624000   11
3625000   1
3626000   1
3627000   1
3628000   0
3629000   0
3630000   0
3631000   10
3632000   12
3633000   25
3634000   19
3635000   3
3636000   3
3637000   1
3638000   0
3639000   0
3640000   0
3641000   6
3642000   21
3643000   24
3644000   15
3645000   2
3646000   4
3647000   1
3648000   0
3649000   0
3650000   0
3651000   6
3652000   18
3653000   22
3654000   7
3655000   6
3656000   3
3657000   1
3658000   0
3659000   3
3660000   0
3661000   5
3662000   19
3663000   21
3664000   9
3665000   5
3666000   0
3667000   0
3668000   1
3669000   1
3670000   1
3671000   9
3672000   18
3673000   17
3674000   18
3675000   8
3676000   3
3677000   1
3678000   0
3679000   0
3680000   2
3681000   5
3682000   10
3683000   21
3684000   15
3685000   7
3686000   2
3687000   0
3688000   1
3689000   0
3690000   0
3691000   9
3692000   13
3693000   24
3694000   9
3695000   5
3696000   1
3697000   1
3698000   0
3699000   0
3700000   1
3701000   4
3702000   16
3703000   18
3704000   13
3705000   9
3706000   1
3707000   3
3708000   3
3709000   1
3710000   1
3711000   7
3712000   20
3713000   21
3714000   9
3715000   8
3716000   1
3717000   1
3718000   1
3719000   0
3720000   0
3721000   4
3722000   22
3723000   21
3724000   17
3725000   7
3726000   3
3727000   0
3728000   0
3729000   0
3730000   0
3731000   10
3732000   25
3733000   25
3734000   7
3735000   6
3736000   1
3737000   0
3738000   0
3739000   0
3740000   2
3741000   8
3742000   23
3743000   18
3744000   11
3745000   6
3746000   2
3747000   3
3748000   1
3749000   1
3750000   0
3751000   4
3752000   27
3753000   21
3754000   8
3755000   3
3756000   2
3757000   1
3758000   0
3759000   1
3760000   1
3761000   7
3762000   21
3763000   14
3764000   13
3765000   4
3766000   2
3767000   1
3768000   0
3769000   1
3770000   1
3771000   2
3772000   16
3773000   18
3774000   16
3775000   3
3776000   3
3777000   0
3778000   0
3779000   0
3780000   0
3781000   8
3782000   20
3783000   20
3784000   8
3785000   4
3786000   1
3787000   1
3788000   0
3789000   0
3790000   0
3791000   7
3792000   14
3793000   19
3794000   10
3795000   6
3796000   2
3797000   0
3798000   1
3799000   0
3800000   1
3801000   6
3802000   16
3803000   18
3804000   9
3805000   5
3806000   1
3807000   1
3808000   1
3809000   2
3810000   1
3811000   5
3812000   11
3813000   18
3814000   23
3815000   2
3816000   0
3817000   0
3818000   1
3819000   0
3820000   1
3821000   6
3822000   11
3823000   23
3824000   9
3825000   2
3826000   4
3827000   2
3828000   0
3829000   1
3830000   1
3831000   7
3832000   19
3833000   25
3834000   5
3835000   3
3836000   0
3837000   0
3838000   1
3839000   1
3840000   1
3841000   6
3842000   17
3843000   23
3844000   7
3845000   7
3846000   2
3847000   0
3848000   1
3849000   1
3850000   1
3851000   4
3852000   20
3853000   18
3854000   10
3855000   5
3856000   0
3857000   0
3858000   0
3859000   0
3860000   0
3861000   7
3862000   24
3863000   18
3864000   16
3865000   6
3866000   1
3867000   1
3868000   0
3869000   1
3870000   0
3871000   8
3872000   14
3873000   27
3874000   11
3875000   4
3876000   2
3877000   0
3878000   0
3879000   0
3880000   1
3881000   6
3882000   17
3883000   17
3884000   15
3885000   8
3886000   2
3887000   0
3888000   0
3889000   1
3890000   1
3891000   2
3892000   26
3893000   33
3894000   18
3895000   3
3896000   0
3897000   0
3898000   0
3899000   3
3900000   0
3901000   7
3902000   16
3903000   18
3904000   16
3905000   1
3906000   2
3907000   0
3908000   0
3909000   1
3910000   1
3911000   9
3912000   12
3913000   8
3914000   16
3915000   4
3916000   2
3917000   0
3918000   0
3919000   2
3920000   1
3921000   7
3922000   17
3923000   14
3924000   15
3925000   9
3926000   3
3927000   4
3928000   0
3929000   1
3930000   0
3931000   5
3932000   17
3933000   22
3934000   11
3935000   9
3936000   2
3937000   1
3938000   1
3939000   0
3940000   2
3941000   6
3942000   13
3943000   18
3944000   11
3945000   2
3946000   1
3947000   0
3948000   2
3949000   0
3950000   2
3951000   8
3952000   23
3953000   24
3954000   13
3955000   3
3956000   0
3957000   1
3958000   0
3959000   1
3960000   1
3961000   6
3962000   19
3963000   24
3964000   14
3965000   3
3966000   1
3967000   1
3968000   1
3969000   1
3970000   2
3971000   7
3972000   14
3973000   26
3974000   18
3975000   10
3976000   2
3977000   0
3978000   1
3979000   0
3980000   0
3981000   4
3982000   19
3983000   22
3984000   12
3985000   3
3986000   2
3987000   1
3988000   0
3989000   0
3990000   0
3991000   14
3992000   18
3993000   11
3994000   12
3995000   9
3996000   4
3997000   0
3998000   1
3999000   0
4000000   0
4001000   10
4002000   13
4003000   23
4004000   9
4005000   3
4006000   1
4007000   0
4008000   0
4009000   0
4010000   0
4011000   5
4012000   22
4013000   20
4014000   14
4015000   5
4016000   1
4017000   0
4018000   0
4019000   4
4020000   0
4021000   5
4022000   17
4023000   16
4024000   11
4025000   8
4026000   0
4027000   1
4028000   0
4029000   0
4030000   0
4031000   7
4032000   13
4033000   24
4034000   11
4035000   4
4036000   1
4037000   0
4038000   1
4039000   0
4040000   2
4041000   3
4042000   17
4043000   26
4044000   7
4045000   6
4046000   2
4047000   0
4048000   0
4049000   0
4050000   1
4051000   3
4052000   19
4053000   18
4054000   17
4055000   5
4056000   0
4057000   1
4058000   1
4059000   0
4060000   1
4061000   6
4062000   17
4063000   27
4064000   15
4065000   5
4066000   1
4067000   1
4068000   2
4069000   1
4070000   0
4071000   6
4072000   17
4073000   18
4074000   12
4075000   1
4076000   1
4077000   4
4078000   0
4079000   0
4080000   1
4081000   10
4082000   21
4083000   21
4084000   9
4085000   2
4086000   3
4087000   1
4088000   1
4089000   0
4090000   2
4091000   6
4092000   19
4093000   20
4094000   18
4095000   4
4096000   2
4097000   0
4098000   1
4099000   3
4100000   1
4101000   4
4102000   29
4103000   24
4104000   15
4105000   7
4106000   1
4107000   0
4108000   0
4109000   0
4110000   0
4111000   2
4112000   21
4113000   27
4114000   5
4115000   5
4116000   2
4117000   0
4118000   1
4119000   0
4120000   0
4121000   13
4122000   15
4123000   10
4124000   17
4125000   4
4126000   2
4127000   0
4128000   1
4129000   1
4130000   0
4131000   9
4132000   14
4133000   27
4134000   9
4135000   5
4136000   0
4137000   1
4138000   0
4139000   0
4140000   0
4141000   5
4142000   17
4143000   20
4144000   8
4145000   6
4146000   1
4147000   0
4148000   0
4149000   1
4150000   0
4151000   5
4152000   19
4153000   13
4154000   13
4155000   3
4156000   5
4157000   0
4158000   1
4159000   0
4160000   1
4161000   6
4162000   19
4163000   24
4164000   12
4165000   5
4166000   0
4167000   0
4168000   0
4169000   1
4170000   0
4171000   5
4172000   25
4173000   18
4174000   13
4175000   0
4176000   2
4177000   3
4178000   1
4179000   2
4180000   0
4181000   7
4182000   16
4183000   21
4184000   14
4185000   8
4186000   0
4187000   0
4188000   1
4189000   1
4190000   2
4191000   8
4192000   20
4193000   27
4194000   14
4195000   3
4196000   0
4197000   0
4198000   0
4199000   2
4200000   1
4201000   10
4202000   25
4203000   19
4204000   13
4205000   5
4206000   0
4207000   1
4208000   1
4209000   0
4210000   1
4211000   7
4212000   14
4213000   23
4214000   11
4215000   7
4216000   2
4217000   1
4218000   0
4219000   0
4220000   0
4221000   7
4222000   16
4223000   17
4224000   12
4225000   5
4226000   0
4227000   0
4228000   2
4229000   1
4230000   0
4231000   4
4232000   17
4233000   24
4234000   11
4235000   9
4236000   1
4237000   1
4238000   3
4239000   0
4240000   0
4241000   7
4242000   15
4243000   22
4244000   11
4245000   4
4246000   0
4247000   1
4248000   0
4249000   0
4250000   2
4251000   5
4252000   14
4253000   22
4254000   6
4255000   5
4256000   2
4257000   1
4258000   2
4259000   0
4260000   0
4261000   9
4262000   17
4263000   17
4264000   12
4265000   2
4266000   3
4267000   2
4268000   0
4269000   1
4270000   2
4271000   12
4272000   23
4273000   21
4274000   18
4275000   2
4276000   2
4277000   0
4278000   0
4279000   0
4280000   0
4281000   2
4282000   12
4283000   23
4284000   15
4285000   10
4286000   0
4287000   0
4288000   1
4289000   0
4290000   0
4291000   4
4292000   22
4293000   27
4294000   10
4295000   4
4296000   2
4297000   0
4298000   0
4299000   0
4300000   0
4301000   7
4302000   16
4303000   27
4304000   11
4305000   2
4306000   3
4307000   1
4308000   1
4309000   1
4310000   1
4311000   2
4312000   22
4313000   20
4314000   12
4315000   3
4316000   2
4317000   2
4318000   0
4319000   2
4320000   0
4321000   4
4322000   16
4323000   18
4324000   10
4325000   4
4326000   1
4327000   1
4328000   0
4329000   0
4330000   1
4331000   6
4332000   17
4333000   23
4334000   13
4335000   3
4336000   1
4337000   1
4338000   0
4339000   0
4340000   0
4341000   3
4342000   16
4343000   26
4344000   8
4345000   3
4346000   2
4347000   1
4348000   0
4349000   4
4350000   0
4351000   8
4352000   22
4353000   26
4354000   16
4355000   4
4356000   3
4357000   0
4358000   0
4359000   3
4360000   0
4361000   11
4362000   22
4363000   33
4364000   5
4365000   8
4366000   1
4367000   0
4368000   1
4369000   0
4370000   0
4371000   9
4372000   23
4373000   21
4374000   14
4375000   6
4376000   2
4377000   1
4378000   1
4379000   1
4380000   0
4381000   2
4382000   17
4383000   19
4384000   9
4385000   5
4386000   2
4387000   0
4388000   0
4389000   0
4390000   0
4391000   4
4392000   18
4393000   25
4394000   10
4395000   2
4396000   0
4397000   2
4398000   0
4399000   0
4400000   0
4401000   8
4402000   16
4403000   25
4404000   22
4405000   5
4406000   2
4407000   0
4408000   0
4409000   0
4410000   0
4411000   1
4412000   17
4413000   26
4414000   10
4415000   4
4416000   2
4417000   2
4418000   0
4419000   0
4420000   1
4421000   3
4422000   21
4423000   13
4424000   11
4425000   4
4426000   0
4427000   1
4428000   0
4429000   0
4430000   0
4431000   7
4432000   19
4433000   24
4434000   13
4435000   3
4436000   1
4437000   0
4438000   2
4439000   0
4440000   0
4441000   2
4442000   18
4443000   22
4444000   6
4445000   6
4446000   1
4447000   2
4448000   0
4449000   0
4450000   0
4451000   9
4452000   11
4453000   25
4454000   10
4455000   7
4456000   1
4457000   0
4458000   0
4459000   0
4460000   0
4461000   6
4462000   22
4463000   20
4464000   14
4465000   2
4466000   1
4467000   0
4468000   0
4469000   0
4470000   1
4471000   4
4472000   20
4473000   26
4474000   14
4475000   5
4476000   2
4477000   0
4478000   0
4479000   1
4480000   0
4481000   3
4482000   25
4483000   14
4484000   10
4485000   1
4486000   0
4487000   0
4488000   1
4489000   1
4490000   1
4491000   4
4492000   18
4493000   18
4494000   7
4495000   1
4496000   2
4497000   0
4498000   0
4499000   1
4500000   1
4501000   6
4502000   17
4503000   30
4504000   15
4505000   5
4506000   3
4507000   0
4508000   1
4509000   1
4510000   1
4511000   6
4512000   19
4513000   17
4514000   8
4515000   2
4516000   1
4517000   2
4518000   0
4519000   0
4520000   1
4521000   4
4522000   17
4523000   20
4524000   12
4525000   8
4526000   1
4527000   0
4528000   0
4529000   0
4530000   1
4531000   7
4532000   28
4533000   33
4534000   12
4535000   3
4536000   2
4537000   0
4538000   0
4539000   0
4540000   0
4541000   4
4542000   27
4543000   20
4544000   9
4545000   7
4546000   1
4547000   0
4548000   0
4549000   0
4550000   1
4551000   7
4552000   19
4553000   17
4554000   11
4555000   4
4556000   4
4557000   0
4558000   1
4559000   3
4560000   2
4561000   4
4562000   19
4563000   28
4564000   16
4565000   4
4566000   2
4567000   1
4568000   1
4569000   1
4570000   0
4571000   4
4572000   14
4573000   23
4574000   13
4575000   5
4576000   0
4577000   1
4578000   0
4579000   1
4580000   0
4581000   2
4582000   19
4583000   24
4584000   19
4585000   0
4586000   1
4587000   1
4588000   0
4589000   1
4590000   0
4591000   5
4592000   23
4593000   21
4594000   12
4595000   7
4596000   3
4597000   1
4598000   0
4599000   1
4600000   2
4601000   9
4602000   18
4603000   19
4604000   9
4605000   5
4606000   2
4607000   1
4608000   0
4609000   1
4610000   0
4611000   6
4612000   22
4613000   15
4614000   11
4615000   7
4616000   2
4617000   1
4618000   0
4619000   0
4620000   2
4621000   10
4622000   14
4623000   15
4624000   13
4625000   6
4626000   1
4627000   4
4628000   1
4629000   1
4630000   0
4631000   6
4632000   22
4633000   16
4634000   13
4635000   1
4636000   2
4637000   1
4638000   0
4639000   2
4640000   0
4641000   8
4642000   20
4643000   21
4644000   12
4645000   10
4646000   0
4647000   0
4648000   1
4649000   0
4650000   0
4651000   12
4652000   14
4653000   17
4654000   13
4655000   5
4656000   2
4657000   1
4658000   1
4659000   0
4660000   1
4661000   4
4662000   23
4663000   18
4664000   9
4665000   7
4666000   1
4667000   2
4668000   1
4669000   0
4670000   2
4671000   8
4672000   15
4673000   22
4674000   16
4675000   12
4676000   1
4677000   0
4678000   0
4679000   0
4680000   0
4681000   9
4682000   9
4683000   26
4684000   17
4685000   8
4686000   2
4687000   0
4688000   0
4689000   1
4690000   0
4691000   5
4692000   16
4693000   27
4694000   8
4695000   3
4696000   0
4697000   2
4698000   0
4699000   0
4700000   1
4701000   7
4702000   16
4703000   14
4704000   8
4705000   6
4706000   0
4707000   1
4708000   0
4709000   1
4710000   1
4711000   6
4712000   15
4713000   14
4714000   16
4715000   8
4716000   3
4717000   0
4718000   1
4719000   0
4720000   1
4721000   3
4722000   17
4723000   16
4724000   13
4725000   4
4726000   2
4727000   0
4728000   1
4729000   1
4730000   1
4731000   4
4732000   17
4733000   23
4734000   11
4735000   0
4736000   2
4737000   0
4738000   2
4739000   1
4740000   0
4741000   7
4742000   15
4743000   26
4744000   12
4745000   5
4746000   0
4747000   0
4748000   0
4749000   2
4750000   0
4751000   9
4752000   19
4753000   21
4754000   15
4755000   5
4756000   0
4757000   0
4758000   1
4759000   1
4760000   2
4761000   10
4762000   15
4763000   19
4764000   14
4765000   8
4766000   1
4767000   0
4768000   3
4769000   0
4770000   0
4771000   7
4772000   19
4773000   20
4774000   8
4775000   6
4776000   1
4777000   0
4778000   0
4779000   1
4780000   0
4781000   6
4782000   18
4783000   23
4784000   11
4785000   3
4786000   1
4787000   2
4788000   2
4789000   2
4790000   0
4791000   5
4792000   18
4793000   18
4794000   17
4795000   4
4796000   2
4797000   2
4798000   1
4799000   0
4800000   0
4801000   6
4802000   23
4803000   28
4804000   17
4805000   2
4806000   0
4807000   1
4808000   0
4809000   0
4810000   0
4811000   7
4812000   21
4813000   18
4814000   8
4815000   3
4816000   3
4817000   0
4818000   0
4819000   0
4820000   0
4821000   9
4822000   29
4823000   18
4824000   17
4825000   5
4826000   2
4827000   0
4828000   1
4829000   0
4830000   0
4831000   4
4832000   25
4833000   23
4834000   7
4835000   3
4836000   0
4837000   1
4838000   1
4839000   1
4840000   0
4841000   6
4842000   17
4843000   17
4844000   18
4845000   2
4846000   0
4847000   0
4848000   0
4849000   1
4850000   0
4851000   8
4852000   25
4853000   24
4854000   13
4855000   3
4856000   0
4857000   0
4858000   1
4859000   0
4860000   0
4861000   7
4862000   15
4863000   16
4864000   10
4865000   5
4866000   4
4867000   1
4868000   1
4869000   0
4870000   0
4871000   6
4872000   9
4873000   26
4874000   11
4875000   3
4876000   0
4877000   0
4878000   1
4879000   1
4880000   1
4881000   3
4882000   14
4883000   20
4884000   17
4885000   2
4886000   2
4887000   0
4888000   1
4889000   1
4890000   0
4891000   6
4892000   16
4893000   16
4894000   11
4895000   7
4896000   4
4897000   1
4898000   0
4899000   3
4900000   1
4901000   6
4902000   19
4903000   31
4904000   15
4905000   4
4906000   0
4907000   2
4908000   1
4909000   2
4910000   1
4911000   4
4912000   12
4913000   23
4914000   19
4915000   4
4916000   5
4917000   1
4918000   1
4919000   0
4920000   0
4921000   3
4922000   17
4923000   23
4924000   16
4925000   4
4926000   2
4927000   0
4928000   1
4929000   0
4930000   0
4931000   5
4932000   19
4933000   18
4934000   14
4935000   7
4936000   2
4937000   0
4938000   1
4939000   0
4940000   1
4941000   11
4942000   22
4943000   26
4944000   14
4945000   4
4946000   0
4947000   0
4948000   1
4949000   0
4950000   0
4951000   10
4952000   19
4953000   21
4954000   11
4955000   2
4956000   2
4957000   0
4958000   0
4959000   0
4960000   0
4961000   7
4962000   15
4963000   30
4964000   10
4965000   6
4966000   0
4967000   0
4968000   0
4969000   0
4970000   0
4971000   3
4972000   24
4973000   29
4974000   11
4975000   5
4976000   0
4977000   1
4978000   1
4979000   1
4980000   0
4981000   5
4982000   20
4983000   26
4984000   10
4985000   3
4986000   1
4987000   0
4988000   0
4989000   5
4990000   1
4991000   5
4992000   13
4993000   21
4994000   13
4995000   6
4996000   1
4997000   0
4998000   2
4999000   1
5000000   0
5001000   7
5002000   22
5003000   32
5004000   15
5005000   5
5006000   0
5007000   0
5008000   0
5009000   0
5010000   1
5011000   4
5012000   16
5013000   23
5014000   11
5015000   6
5016000   0
5017000   0
5018000   0
5019000   2
5020000   0
5021000   4
5022000   18
5023000   35
5024000   14
5025000   3
5026000   2
5027000   0
5028000   0
5029000   0
5030000   0
5031000   4
5032000   14
5033000   37
5034000   13
5035000   6
5036000   1
5037000   1
5038000   0
5039000   0
5040000   1
5041000   8
5042000   21
5043000   24
5044000   9
5045000   6
5046000   1
5047000   0
5048000   1
5049000   0
5050000   3
5051000   10
5052000   26
5053000   25
5054000   13
5055000   5
5056000   1
5057000   0
5058000   0
5059000   2
5060000   0
5061000   8
5062000   15
5063000   17
5064000   15
5065000   9
5066000   2
5067000   1
5068000   1
5069000   0
5070000   2
5071000   5
5072000   13
5073000   23
5074000   16
5075000   5
5076000   3
5077000   0
5078000   0
5079000   0
5080000   0
5081000   4
5082000   17
5083000   18
5084000   9
5085000   1
5086000   5
5087000   0
5088000   1
5089000   1
5090000   0
5091000   6
5092000   17
5093000   14
5094000   12
5095000   3
5096000   0
5097000   0
5098000   0
5099000   0
5100000   0
5101000   12
5102000   18
5103000   18
5104000   17
5105000   6
5106000   2
5107000   1
5108000   0
5109000   1
5110000   0
5111000   9
5112000   13
5113000   26
5114000   10
5115000   8
5116000   1
5117000   1
5118000   1
5119000   0
5120000   0
5121000   9
5122000   18
5123000   17
5124000   14
5125000   3
5126000   0
5127000   0
5128000   0
5129000   1
5130000   0
5131000   10
5132000   13
5133000   24
5134000   16
5135000   4
5136000   0
5137000   2
5138000   1
5139000   1
5140000   1
5141000   10
5142000   19
5143000   19
5144000   18
5145000   6
5146000   0
5147000   0
5148000   1
5149000   0
5150000   0
5151000   6
5152000   16
5153000   20
5154000   9
5155000   6
5156000   1
5157000   0
5158000   1
5159000   0
5160000   0
5161000   9
5162000   21
5163000   23
5164000   13
5165000   3
5166000   1
5167000   0
5168000   2
5169000   1
5170000   1
5171000   8
5172000   21
5173000   19
5174000   18
5175000   4
5176000   3
5177000   0
5178000   0
5179000   1
5180000   0
5181000   5
5182000   13
5183000   23
5184000   11
5185000   1
5186000   2
5187000   1
5188000   1
5189000   0
5190000   2
5191000   7
5192000   15
5193000   29
5194000   6
5195000   3
5196000   3
5197000   0
5198000   4
5199000   1
5200000   0
5201000   6
5202000   27
5203000   18
5204000   11
5205000   4
5206000   0
5207000   1
5208000   0
5209000   1
5210000   0
5211000   9
5212000   21
5213000   17
5214000   10
5215000   10
5216000   2
5217000   1
5218000   1
5219000   1
5220000   2
5221000   7
5222000   15
5223000   26
5224000   13
5225000   6
5226000   0
5227000   1
5228000   0
5229000   0
5230000   0
5231000   5
5232000   15
5233000   27
5234000   7
5235000   3
5236000   1
5237000   1
5238000   1
5239000   1
5240000   0
5241000   6
5242000   19
5243000   23
5244000   10
5245000   7
5246000   3
5247000   1
5248000   2
5249000   1
5250000   0
5251000   6
5252000   18
5253000   20
5254000   7
5255000   5
5256000   0
5257000   1
5258000   0
5259000   1
5260000   0
5261000   9
5262000   16
5263000   31
5264000   14
5265000   5
5266000   1
5267000   2
5268000   1
5269000   1
5270000   2
5271000   7
5272000   18
5273000   28
5274000   10
5275000   4
5276000   0
5277000   1
5278000   0
5279000   1
5280000   0
5281000   4
5282000   25
5283000   22
5284000   9
5285000   2
5286000   0
5287000   1
5288000   0
5289000   1
5290000   0
5291000   5
5292000   14
5293000   25
5294000   10
5295000   4
5296000   4
5297000   0
5298000   0
5299000   1
5300000   2
5301000   7
5302000   19
5303000   31
5304000   18
5305000   4
5306000   2
5307000   1
5308000   1
5309000   0
5310000   0
5311000   7
5312000   21
5313000   23
5314000   15
5315000   12
5316000   1
5317000   2
5318000   0
5319000   0
5320000   0
5321000   7
5322000   19
5323000   24
5324000   15
5325000   5
5326000   1
5327000   1
5328000   0
5329000   1
5330000   0
5331000   11
5332000   15
5333000   23
5334000   13
5335000   2
5336000   2
5337000   2
5338000   1
5339000   0
5340000   0
5341000   13
5342000   14
5343000   27
5344000   14
5345000   3
5346000   2
5347000   1
5348000   2
5349000   0
5350000   2
5351000   3
5352000   15
5353000   28
5354000   13
5355000   0
5356000   0
5357000   0
5358000   0
5359000   1
5360000   1
5361000   6
5362000   23
5363000   14
5364000   10
5365000   1
5366000   1
5367000   1
5368000   0
5369000   1
5370000   1
5371000   7
5372000   16
5373000   25
5374000   20
5375000   6
5376000   1
5377000   0
5378000   1
5379000   0
5380000   1
5381000   8
5382000   22
5383000   26
5384000   18
5385000   4
5386000   1
5387000   0
5388000   1
5389000   3
5390000   1
5391000   8
5392000   19
5393000   22
5394000   14
5395000   5
5396000   3
5397000   0
5398000   1
5399000   0
5400000   1
5401000   4
5402000   11
5403000   16
5404000   11
5405000   6
5406000   1
5407000   1
5408000   0
5409000   1
5410000   0
5411000   8
5412000   22
5413000   25
5414000   8
5415000   4
5416000   2
5417000   1
5418000   1
5419000   0
5420000   1
5421000   9
5422000   10
5423000   28
5424000   11
5425000   2
5426000   3
5427000   2
5428000   0
5429000   2
5430000   0
5431000   8
5432000   19
5433000   22
5434000   16
5435000   4
5436000   1
5437000   2
5438000   0
5439000   1
5440000   1
5441000   9
5442000   14
5443000   19
5444000   17
5445000   6
5446000   0
5447000   0
5448000   0
5449000   0
5450000   0
5451000   12
5452000   18
5453000   26
5454000   26
5455000   2
5456000   0
5457000   0
5458000   1
5459000   0
5460000   0
5461000   10
5462000   21
5463000   29
5464000   11
5465000   4
5466000   1
5467000   0
5468000   0
5469000   0
5470000   0
5471000   3
5472000   22
5473000   29
5474000   14
5475000   3
5476000   0
5477000   1
5478000   1
5479000   2
5480000   0
5481000   5
5482000   18
5483000   21
5484000   13
5485000   7
5486000   4
5487000   0
5488000   1
5489000   0
5490000   0
5491000   11
5492000   17
5493000   23
5494000   12
5495000   5
5496000   1
5497000   0
5498000   0
5499000   0
5500000   0
5501000   6
5502000   22
5503000   18
5504000   16
5505000   5
5506000   2
5507000   0
5508000   3
5509000   1
5510000   1
5511000   7
5512000   20
5513000   24
5514000   17
5515000   2
5516000   5
5517000   0
5518000   0
5519000   0
5520000   0
5521000   8
5522000   19
5523000   17
5524000   13
5525000   4
5526000   1
5527000   0
5528000   0
5529000   0
5530000   0
5531000   2
5532000   21
5533000   19
5534000   17
5535000   5
5536000   0
5537000   1
5538000   1
5539000   0
5540000   1
5541000   7
5542000   21
5543000   23
5544000   17
5545000   7
5546000   1
5547000   0
5548000   1
5549000   1
5550000   0
5551000   7
5552000   26
5553000   19
5554000   12
5555000   3
5556000   3
5557000   0
5558000   0
5559000   2
5560000   2
5561000   6
5562000   24
5563000   29
5564000   12
5565000   8
5566000   0
5567000   3
5568000   0
5569000   1
5570000   0
5571000   5
5572000   20
5573000   26
5574000   14
5575000   5
5576000   5
5577000   0
5578000   1
5579000   1
5580000   2
5581000   6
5582000   21
5583000   28
5584000   20
5585000   4
5586000   2
5587000   1
5588000   0
5589000   1
5590000   1
5591000   2
5592000   19
5593000   22
5594000   12
5595000   3
5596000   4
5597000   0
5598000   1
5599000   1
5600000   3
5601000   8
5602000   18
5603000   26
5604000   8
5605000   5
5606000   1
5607000   0
5608000   1
5609000   0
5610000   0
5611000   8
5612000   27
5613000   25
5614000   11
5615000   8
5616000   1
5617000   2
5618000   1
5619000   0
5620000   0
5621000   6
5622000   20
5623000   25
5624000   13
5625000   7
5626000   3
5627000   0
5628000   2
5629000   1
5630000   0
5631000   5
5632000   20
5633000   21
5634000   15
5635000   5
5636000   5
5637000   2
5638000   2
5639000   1
5640000   0
5641000   2
5642000   20
5643000   20
5644000   10
5645000   4
5646000   0
5647000   0
5648000   0
5649000   0
5650000   0
5651000   5
5652000   21
5653000   20
5654000   15
5655000   7
5656000   2
5657000   3
5658000   1
5659000   0
5660000   1
5661000   9
5662000   20
5663000   26
5664000   20
5665000   7
5666000   2
5667000   0
5668000   0
5669000   1
5670000   0
5671000   3
5672000   20
5673000   26
5674000   11
5675000   5
5676000   0
5677000   2
5678000   0
5679000   0
5680000   2
5681000   9
5682000   22
5683000   17
5684000   15
5685000   6
5686000   1
5687000   0
5688000   0
5689000   0
5690000   0
5691000   12
5692000   25
5693000   22
5694000   11
5695000   5
5696000   2
5697000   0
5698000   0
5699000   1
5700000   0
5701000   4
5702000   16
5703000   24
5704000   18
5705000   2
5706000   2
5707000   0
5708000   1
5709000   0
5710000   0
5711000   9
5712000   25
5713000   22
5714000   8
5715000   6
5716000   2
5717000   2
5718000   1
5719000   2
5720000   2
5721000   6
5722000   16
5723000   19
5724000   14
5725000   4
5726000   5
5727000   0
5728000   1
5729000   0
5730000   0
5731000   7
5732000   23
5733000   21
5734000   14
5735000   2
5736000   4
5737000   0
5738000   0
5739000   1
5740000   1
5741000   6
5742000   17
5743000   20
5744000   12
5745000   3
5746000   1
5747000   1
5748000   0
5749000   1
5750000   0
5751000   2
5752000   22
5753000   24
5754000   17
5755000   8
5756000   0
5757000   0
5758000   0
5759000   1
5760000   1
5761000   9
5762000   20
5763000   25
5764000   16
5765000   1
5766000   0
5767000   1
5768000   0
5769000   1
5770000   0
5771000   6
5772000   17
5773000   24
5774000   19
5775000   9
5776000   1
5777000   1
5778000   0
5779000   1
5780000   1
5781000   9
5782000   24
5783000   21
5784000   10
5785000   3
5786000   3
5787000   0
5788000   2
5789000   1
5790000   0
5791000   7
5792000   28
5793000   17
5794000   19
5795000   2
5796000   1
5797000   2
5798000   2
5799000   0
5800000   0
5801000   10
5802000   18
5803000   21
5804000   9
5805000   5
5806000   3
5807000   1
5808000   1
5809000   0
5810000   0
5811000   7
5812000   21
5813000   14
5814000   11
5815000   8
5816000   1
5817000   1
5818000   0
5819000   3
5820000   0
5821000   8
5822000   12
5823000   18
5824000   12
5825000   5
5826000   0
5827000   1
5828000   1
5829000   1
5830000   1
5831000   5
5832000   21
5833000   20
5834000   15
5835000   5
5836000   1
5837000   0
5838000   0
5839000   0
5840000   1
5841000   2
5842000   19
5843000   20
5844000   14
5845000   6
5846000   0
5847000   0
5848000   1
5849000   1
5850000   0
5851000   9
5852000   15
5853000   20
5854000   20
5855000   5
5856000   2
5857000   0
5858000   2
5859000   1
5860000   0
5861000   6
5862000   20
5863000   31
5864000   13
5865000   3
5866000   0
5867000   3
5868000   0
5869000   2
5870000   0
5871000   9
5872000   21
5873000   27
5874000   10
5875000   2
5876000   0
5877000   0
5878000   0
5879000   0
5880000   1
5881000   13
5882000   25
5883000   21
5884000   9
5885000   8
5886000   1
5887000   0
5888000   0
5889000   0
5890000   0
5891000   10
5892000   21
5893000   20
5894000   16
5895000   1
5896000   5
5897000   1
5898000   0
5899000   1
5900000   0
5901000   7
5902000   22
5903000   24
5904000   6
5905000   5
5906000   1
5907000   0
5908000   0
5909000   1
5910000   0
5911000   10
5912000   23
5913000   26
5914000   11
5915000   1
5916000   1
5917000   0
5918000   1
5919000   0
5920000   1
5921000   5
5922000   19
5923000   24
5924000   14
5925000   2
5926000   1
5927000   1
5928000   0
5929000   0
5930000   0
5931000   6
5932000   24
5933000   22
5934000   15
5935000   5
5936000   2
5937000   0
5938000   1
5939000   1
5940000   0
5941000   9
5942000   14
5943000   28
5944000   16
5945000   7
5946000   2
5947000   0
5948000   0
5949000   1
5950000   0
5951000   3
5952000   17
5953000   26
5954000   10
5955000   7
5956000   1
5957000   1
5958000   1
5959000   1
5960000   0
5961000   6
5962000   13
5963000   31
5964000   8
5965000   4
5966000   2
5967000   0
5968000   0
5969000   1
5970000   1
5971000   9
5972000   18
5973000   16
5974000   12
5975000   5
5976000   2
5977000   1
5978000   0
5979000   1
5980000   0
5981000   6
5982000   27
5983000   25
5984000   17
5985000   5
5986000   5
5987000   0
5988000   0
5989000   0
5990000   0
5991000   6
5992000   24
5993000   21
5994000   14
5995000   4
5996000   0
5997000   1
5998000   0
5999000   1
6000000   0
6001000   8
6002000   29
6003000   16
6004000   24
6005000   7
6006000   0
6007000   0
6008000   0
6009000   0
6010000   0
6011000   6
6012000   21
6013000   22
6014000   9
6015000   7
6016000   3
6017000   1
6018000   0
6019000   0
6020000   0
6021000   11
6022000   26
6023000   18
6024000   15
6025000   5
6026000   2
6027000   0
6028000   2
6029000   1
6030000   0
6031000   8
6032000   27
6033000   20
6034000   14
6035000   4
6036000   2
6037000   0
6038000   0
6039000   1
6040000   1
6041000   6
6042000   16
6043000   21
6044000   18
6045000   6
6046000   2
6047000   0
6048000   0
6049000   1
6050000   0
6051000   11
6052000   21
6053000   25
6054000   17
6055000   3
6056000   2
6057000   1
6058000   0
6059000   0
6060000   4
6061000   17
6062000   20
6063000   18
6064000   15
6065000   5
6066000   2
6067000   0
6068000   0
6069000   1
6070000   0
6071000   4
6072000   17
6073000   28
6074000   8
6075000   4
6076000   2
6077000   2
6078000   1
6079000   1
6080000   2
6081000   4
6082000   21
6083000   26
6084000   12
6085000   5
6086000   0
6087000   0
6088000   3
6089000   0
6090000   1
6091000   3
6092000   15
6093000   25
6094000   12
6095000   1
6096000   1
6097000   0
6098000   1
6099000   0
6100000   1
6101000   7
6102000   18
6103000   24
6104000   13
6105000   10
6106000   2
6107000   1
6108000   0
6109000   1
6110000   0
6111000   11
6112000   20
6113000   26
6114000   19
6115000   4
6116000   1
6117000   0
6118000   1
6119000   1
6120000   0
6121000   11
6122000   12
6123000   24
6124000   14
6125000   5
6126000   0
6127000   1
6128000   0
6129000   0
6130000   0
6131000   9
6132000   18
6133000   19
6134000   21
6135000   4
6136000   0
6137000   0
6138000   0
6139000   0
6140000   1
6141000   8
6142000   14
6143000   18
6144000   19
6145000   3
6146000   3
6147000   1
6148000   1
6149000   1
6150000   0
6151000   6
6152000   22
6153000   30
6154000   16
6155000   6
6156000   2
6157000   1
6158000   1
6159000   0
6160000   0
6161000   9
6162000   17
6163000   22
6164000   13
6165000   2
6166000   1
6167000   1
6168000   0
6169000   0
6170000   2
6171000   5
6172000   21
6173000   26
6174000   15
6175000   4
6176000   0
6177000   0
6178000   1
6179000   2
6180000   0
6181000   8
6182000   23
6183000   30
6184000   13
6185000   3
6186000   3
6187000   1
6188000   0
6189000   0
6190000   1
6191000   4
6192000   18
6193000   30
6194000   10
6195000   6
6196000   3
6197000   1
6198000   0
6199000   1
6200000   0
6201000   5
6202000   15
6203000   31
6204000   19
6205000   7
6206000   3
6207000   0
6208000   2
6209000   0
6210000   0
6211000   11
6212000   25
6213000   13
6214000   15
6215000   5
6216000   2
6217000   0
6218000   0
6219000   2
6220000   0
6221000   6
6222000   17
6223000   24
6224000   11
6225000   5
6226000   2
6227000   1
6228000   0
6229000   0
6230000   1
6231000   9
6232000   26
6233000   13
6234000   11
6235000   9
6236000   4
6237000   1
6238000   2
6239000   0
6240000   0
6241000   7
6242000   24
6243000   28
6244000   14
6245000   8
6246000   1
6247000   2
6248000   0
6249000   1
6250000   1
6251000   7
6252000   20
6253000   23
6254000   11
6255000   4
6256000   0
6257000   1
6258000   2
6259000   0
6260000   0
6261000   10
6262000   18
6263000   24
6264000   17
6265000   8
6266000   0
6267000   1
6268000   1
6269000   0
6270000   1
6271000   3
6272000   18
6273000   35
6274000   13
6275000   4
6276000   2
6277000   0
6278000   1
6279000   1
6280000   0
6281000   4
6282000   20
6283000   29
6284000   10
6285000   5
6286000   2
6287000   2
6288000   1
6289000   0
6290000   0
6291000   7
6292000   20
6293000   27
6294000   20
6295000   7
6296000   0
6297000   0
6298000   0
6299000   1
6300000   0
6301000   3
6302000   17
6303000   24
6304000   17
6305000   7
6306000   1
6307000   1
6308000   1
6309000   4
6310000   1
6311000   6
6312000   18
6313000   23
6314000   15
6315000   7
6316000   3
6317000   1
6318000   0
6319000   0
6320000   0
6321000   6
6322000   19
6323000   26
6324000   13
6325000   5
6326000   4
6327000   0
6328000   0
6329000   0
6330000   0
6331000   10
6332000   19
6333000   23
6334000   17
6335000   3
6336000   0
6337000   1
6338000   0
6339000   0
6340000   1
6341000   5
6342000   16
6343000   26
6344000   11
6345000   4
6346000   2
6347000   0
6348000   0
6349000   2
6350000   1
6351000   7
6352000   20
6353000   27
6354000   11
6355000   6
6356000   0
6357000   0
6358000   0
6359000   1
6360000   3
6361000   8
6362000   14
6363000   25
6364000   16
6365000   6
6366000   1
6367000   2
6368000   0
6369000   0
6370000   0
6371000   9
6372000   24
6373000   17
6374000   15
6375000   5
6376000   2
6377000   0
6378000   0
6379000   2
6380000   1
6381000   5
6382000   17
6383000   21
6384000   15
6385000   5
6386000   2
6387000   2
6388000   1
6389000   2
6390000   0
6391000   8
6392000   21
6393000   14
6394000   18
6395000   5
6396000   1
6397000   3
6398000   0
6399000   1
6400000   2
6401000   9
6402000   11
6403000   21
6404000   11
6405000   2
6406000   4
6407000   0
6408000   0
6409000   1
6410000   2
6411000   7
6412000   15
6413000   24
6414000   27
6415000   9
6416000   3
6417000   0
6418000   1
6419000   1
6420000   1
6421000   5
6422000   18
6423000   28
6424000   13
6425000   3
6426000   1
6427000   1
6428000   0
6429000   0
6430000   0
6431000   7
6432000   18
6433000   20
6434000   13
6435000   4
6436000   1
6437000   1
6438000   0
6439000   1
6440000   1
6441000   14
6442000   22
6443000   29
6444000   17
6445000   4
6446000   1
6447000   0
6448000   0
6449000   0
6450000   1
6451000   5
6452000   21
6453000   23
6454000   19
6455000   3
6456000   1
6457000   0
6458000   0
