0 202625
1000 202611
2000 202605
3000 202595
4000 202589
5000 202578
6000 202567
7000 202555
8000 202550
9000 202540
10000 202665
11000 202656
12000 202645
13000 202635
14000 202625
15000 202612
16000 202594
17000 202585
18000 202575
19000 202562
20000 202677
21000 202665
22000 202657
23000 202647
24000 202639
25000 202631
26000 202615
27000 202599
28000 202592
29000 202579
30000 202713
31000 202704
32000 202693
33000 202683
34000 202674
35000 202662
36000 202646
37000 202634
38000 202619
39000 202608
40000 202713
41000 202693
42000 202683
43000 202676
44000 202664
45000 202652
46000 202642
47000 202617
48000 202603
49000 202595
50000 202700
51000 202692
52000 202681
53000 202661
54000 202656
55000 202644
56000 202632
57000 202621
58000 202603
59000 202595
60000 202683
61000 202671
62000 202654
63000 202638
64000 202632
65000 202619
66000 202607
67000 202592
68000 202577
69000 202564
70000 202679
71000 202661
72000 202645
73000 202628
74000 202617
75000 202600
76000 202587
77000 202576
78000 202562
79000 202549
80000 202661
81000 202648
82000 202632
83000 202614
84000 202601
85000 202592
86000 202580
87000 202557
88000 202547
89000 202527
90000 202618
91000 202597
92000 202586
93000 202572
94000 202556
95000 202542
96000 202527
97000 202511
98000 202486
99000 202468
100000 202546
101000 202541
102000 202529
103000 202513
104000 202495
105000 202489
106000 202481
107000 202466
108000 202455
109000 202436
110000 202523
111000 202508
112000 202498
113000 202486
114000 202475
115000 202457
116000 202432
117000 202417
118000 202406
119000 202392
120000 202487
121000 202464
122000 202443
123000 202428
124000 202409
125000 202400
126000 202386
127000 202375
128000 202356
129000 202344
130000 202435
131000 202422
132000 202406
133000 202389
134000 202372
135000 202356
136000 202342
137000 202329
138000 202310
139000 202297
140000 202391
141000 202376
142000 202359
143000 202349
144000 202336
145000 202322
146000 202304
147000 202282
148000 202268
149000 202249
150000 202338
151000 202322
152000 202306
153000 202289
154000 202272
155000 202255
156000 202235
157000 202220
158000 202207
159000 202191
160000 202283
161000 202264
162000 202239
163000 202228
164000 202211
165000 202196
166000 202189
167000 202181
168000 202167
169000 202154
170000 202242
171000 202230
172000 202212
173000 202203
174000 202192
175000 202180
176000 202170
177000 202160
178000 202145
179000 202130
180000 202213
181000 202199
182000 202191
183000 202183
184000 202169
185000 202159
186000 202143
187000 202125
188000 202114
189000 202100
190000 202192
191000 202178
192000 202166
193000 202151
194000 202138
195000 202122
196000 202110
197000 202100
198000 202084
199000 202066
200000 202143
201000 202132
202000 202119
203000 202109
204000 202100
205000 202084
206000 202070
207000 202056
208000 202044
209000 202035
210000 202118
211000 202109
212000 202092
213000 202082
214000 202073
215000 202063
216000 202051
217000 202043
218000 202031
219000 202021
220000 202090
221000 202082
222000 202070
223000 202062
224000 202046
225000 202028
226000 202016
227000 202002
228000 201992
229000 201976
230000 202059
231000 202045
232000 202037
233000 202024
234000 202014
235000 202010
236000 201998
237000 201988
238000 201974
239000 201957
240000 202050
241000 202036
242000 202027
243000 202014
244000 202004
245000 201996
246000 201982
247000 201965
248000 201953
249000 201944
250000 202028
251000 202021
252000 202015
253000 202006
254000 201993
255000 201977
256000 201966
257000 201959
258000 201941
259000 201927
260000 202013
261000 202003
262000 201988
263000 201977
264000 201957
265000 201943
266000 201925
267000 201905
268000 201895
269000 201876
270000 201956
271000 201940
272000 201919
273000 201908
274000 201901
275000 201887
276000 201877
277000 201864
278000 201856
279000 201845
280000 201931
281000 201923
282000 201909
283000 201897
284000 201882
285000 201870
286000 201860
287000 201843
288000 201833
289000 201818
290000 201900
291000 201890
292000 201876
293000 201856
294000 201841
295000 201825
296000 201808
297000 201792
298000 201782
299000 201765
300000 201837
301000 201819
302000 201803
303000 201794
304000 201783
305000 201769
306000 201754
307000 201744
308000 201735
309000 201723
310000 201808
311000 201801
312000 201792
313000 201787
314000 201769
315000 201757
316000 201740
317000 201722
318000 201714
319000 201697
320000 201771
321000 201753
322000 201739
323000 201727
324000 201714
325000 201703
326000 201690
327000 201681
328000 201670
329000 201660
330000 201728
331000 201716
332000 201706
333000 201697
334000 201686
335000 201673
336000 201664
337000 201647
338000 201631
339000 201623
340000 201678
341000 201671
342000 201654
343000 201638
344000 201624
345000 201608
346000 201600
347000 201587
348000 201572
349000 201556
350000 201632
351000 201625
352000 201609
353000 201598
354000 201591
355000 201580
356000 201568
357000 201559
358000 201547
359000 201539
360000 201616
361000 201601
362000 201587
363000 201571
364000 201558
365000 201551
366000 201541
367000 201527
368000 201521
369000 201511
370000 201591
371000 201587
372000 201571
373000 201557
374000 201544
375000 201527
376000 201517
377000 201501
378000 201486
379000 201469
380000 201541
381000 201520
382000 201506
383000 201496
384000 201486
385000 201478
386000 201462
387000 201450
388000 201441
389000 201437
390000 201492
391000 201478
392000 201469
393000 201460
394000 201446
395000 201430
396000 201416
397000 201405
398000 201394
399000 201384
400000 201455
401000 201448
402000 201440
403000 201431
404000 201423
405000 201415
406000 201402
407000 201390
408000 201377
409000 201361
410000 201443
411000 201430
412000 201418
413000 201412
414000 201394
415000 201389
416000 201383
417000 201366
418000 201353
419000 201342
420000 201410
421000 201401
422000 201387
423000 201372
424000 201359
425000 201345
426000 201337
427000 201328
428000 201317
429000 201304
430000 201382
431000 201368
432000 201361
433000 201348
434000 201335
435000 201324
436000 201314
437000 201306
438000 201290
439000 201279
440000 201342
441000 201331
442000 201322
443000 201313
444000 201300
445000 201288
446000 201276
447000 201268
448000 201258
449000 201248
450000 201324
451000 201310
452000 201300
453000 201290
454000 201278
455000 201265
456000 201256
457000 201240
458000 201228
459000 201214
460000 201278
461000 201264
462000 201255
463000 201248
464000 201240
465000 201230
466000 201221
467000 201205
468000 201187
469000 201176
470000 201255
471000 201242
472000 201233
473000 201225
474000 201206
475000 201197
476000 201185
477000 201175
478000 201166
479000 201152
480000 201226
481000 201215
482000 201204
483000 201196
484000 201180
485000 201167
486000 201157
487000 201142
488000 201130
489000 201119
490000 201185
491000 201173
492000 201162
493000 201148
494000 201136
495000 201121
496000 201105
497000 201093
498000 201086
499000 201065
500000 201139
501000 201128
502000 201117
503000 201098
504000 201085
505000 201075
506000 201067
507000 201056
508000 201047
509000 201035
510000 201115
511000 201102
512000 201095
513000 201082
514000 201070
515000 201055
516000 201040
517000 201031
518000 201025
519000 201015
520000 201091
521000 201080
522000 201070
523000 201058
524000 201046
525000 201035
526000 201020
527000 201012
528000 201003
529000 200987
530000 201054
531000 201036
532000 201028
533000 201020
534000 201014
535000 201006
536000 200996
537000 200985
538000 200976
539000 200960
540000 201031
541000 201016
542000 201004
543000 200998
544000 200994
545000 200984
546000 200977
547000 200966
548000 200962
549000 200956
550000 201029
551000 201020
552000 201009
553000 201001
554000 200988
555000 200979
556000 200967
557000 200956
558000 200943
559000 200933
560000 201013
561000 201008
562000 200990
563000 200984
564000 200978
565000 200965
566000 200957
567000 200947
568000 200928
569000 200917
570000 200978
571000 200969
572000 200959
573000 200949
574000 200940
575000 200927
576000 200918
577000 200907
578000 200897
579000 200883
580000 200964
581000 200955
582000 200941
583000 200929
584000 200916
585000 200901
586000 200886
587000 200877
588000 200859
589000 200850
590000 200913
591000 200905
592000 200894
593000 200879
594000 200867
595000 200852
596000 200846
597000 200835
598000 200821
599000 200805
600000 200866
601000 200857
602000 200849
603000 200838
604000 200831
605000 200824
606000 200815
607000 200806
608000 200795
609000 200788
610000 200863
611000 200845
612000 200834
613000 200828
614000 200816
615000 200808
616000 200794
617000 200780
618000 200771
619000 200753
620000 200827
621000 200815
622000 200802
623000 200789
624000 200782
625000 200771
626000 200762
627000 200750
628000 200741
629000 200733
630000 200788
631000 200775
632000 200761
633000 200749
634000 200740
635000 200733
636000 200723
637000 200710
638000 200694
639000 200685
640000 200763
641000 200753
642000 200742
643000 200729
644000 200714
645000 200699
646000 200686
647000 200672
648000 200665
649000 200652
650000 200705
651000 200696
652000 200687
653000 200675
654000 200665
655000 200651
656000 200640
657000 200636
658000 200621
659000 200611
660000 200672
661000 200664
662000 200653
663000 200636
664000 200625
665000 200616
666000 200604
667000 200595
668000 200579
669000 200574
670000 200632
671000 200620
672000 200604
673000 200597
674000 200587
675000 200576
676000 200566
677000 200557
678000 200550
679000 200542
680000 200600
681000 200588
682000 200581
683000 200567
684000 200554
685000 200547
686000 200527
687000 200519
688000 200501
689000 200489
690000 200555
691000 200544
692000 200533
693000 200518
694000 200512
695000 200501
696000 200495
697000 200488
698000 200474
699000 200465
700000 200539
701000 200524
702000 200507
703000 200499
704000 200480
705000 200467
706000 200454
707000 200441
708000 200428
709000 200416
710000 200486
711000 200478
712000 200469
713000 200462
714000 200457
715000 200450
716000 200440
717000 200432
718000 200422
719000 200413
720000 200490
721000 200480
722000 200468
723000 200460
724000 200449
725000 200438
726000 200429
727000 200418
728000 200406
729000 200393
730000 200465
731000 200458
732000 200448
733000 200437
734000 200427
735000 200414
736000 200403
737000 200392
738000 200377
739000 200369
740000 200422
741000 200410
742000 200402
743000 200397
744000 200385
745000 200378
746000 200368
747000 200360
748000 200346
749000 200331
750000 200393
751000 200378
752000 200365
753000 200354
754000 200346
755000 200335
756000 200324
757000 200312
758000 200294
759000 200280
760000 200343
761000 200334
762000 200325
763000 200320
764000 200305
765000 200293
766000 200281
767000 200270
768000 200259
769000 200249
770000 200323
771000 200311
772000 200304
773000 200288
774000 200274
775000 200267
776000 200251
777000 200237
778000 200232
779000 200221
780000 200313
781000 200299
782000 200293
783000 200288
784000 200276
785000 200265
786000 200252
787000 200240
788000 200230
789000 200224
790000 200297
791000 200287
792000 200277
793000 200265
794000 200248
795000 200237
796000 200229
797000 200217
798000 200207
799000 200192
800000 200269
801000 200264
802000 200257
803000 200250
804000 200242
805000 200233
806000 200223
807000 200219
808000 200207
809000 200196
810000 200264
811000 200255
812000 200244
813000 200235
814000 200231
815000 200222
816000 200211
817000 200204
818000 200195
819000 200187
820000 200254
821000 200245
822000 200238
823000 200226
824000 200218
825000 200206
826000 200192
827000 200182
828000 200168
829000 200160
830000 200226
831000 200211
832000 200200
833000 200191
834000 200182
835000 200173
836000 200163
837000 200157
838000 200140
839000 200125
840000 200197
841000 200184
842000 200174
843000 200156
844000 200148
845000 200142
846000 200128
847000 200115
848000 200109
849000 200099
850000 200166
851000 200150
852000 200139
853000 200126
854000 200116
855000 200096
856000 200084
857000 200079
858000 200069
859000 200053
860000 200134
861000 200123
862000 200113
863000 200105
864000 200094
865000 200081
866000 200070
867000 200062
868000 200053
869000 200040
870000 200121
871000 200112
872000 200101
873000 200093
874000 200085
875000 200068
876000 200059
877000 200055
878000 200045
879000 200033
880000 200114
881000 200101
882000 200090
883000 200078
884000 200071
885000 200064
886000 200051
887000 200041
888000 200031
889000 200016
890000 200068
891000 200059
892000 200046
893000 200036
894000 200028
895000 200017
896000 200001
897000 199987
898000 199980
899000 199969
900000 200038
901000 200028
902000 200014
903000 200002
904000 199994
905000 199980
906000 199970
907000 199962
908000 199950
909000 199941
910000 200024
911000 200013
912000 199994
913000 199986
914000 199977
915000 199964
916000 199953
917000 199944
918000 199940
919000 199935
920000 200009
921000 199998
922000 199987
923000 199976
924000 199970
925000 199959
926000 199951
927000 199939
928000 199931
929000 199925
930000 199981
931000 199972
932000 199966
933000 199953
934000 199942
935000 199932
936000 199926
937000 199920
938000 199908
939000 199901
940000 199966
941000 199948
942000 199940
943000 199930
944000 199920
945000 199913
946000 199905
947000 199892
948000 199876
949000 199870
950000 199948
951000 199937
952000 199924
953000 199909
954000 199900
955000 199892
956000 199883
957000 199870
958000 199855
959000 199845
960000 199907
961000 199900
962000 199887
963000 199874
964000 199863
965000 199851
966000 199841
967000 199826
968000 199818
969000 199802
970000 199876
971000 199861
972000 199851
973000 199837
974000 199824
975000 199815
976000 199801
977000 199787
978000 199777
979000 199772
980000 199840
981000 199830
982000 199820
983000 199807
984000 199787
985000 199779
986000 199770
987000 199758
988000 199752
989000 199739
990000 199804
991000 199797
992000 199785
993000 199772
994000 199766
995000 199751
996000 199738
997000 199726
998000 199716
999000 199700
1000000 199750
1001000 199744
1002000 199738
1003000 199728
1004000 199720
1005000 199708
1006000 199699
1007000 199692
1008000 199688
1009000 199683
1010000 199733
1011000 199727
1012000 199722
1013000 199712
1014000 199703
1015000 199694
1016000 199690
1017000 199679
1018000 199670
1019000 199656
1020000 199716
1021000 199700
1022000 199689
1023000 199677
1024000 199663
1025000 199650
1026000 199642
1027000 199632
1028000 199626
1029000 199619
1030000 199689
1031000 199679
1032000 199669
1033000 199656
1034000 199645
1035000 199631
1036000 199623
1037000 199615
1038000 199605
1039000 199593
1040000 199664
1041000 199651
1042000 199643
1043000 199630
1044000 199620
1045000 199614
1046000 199607
1047000 199602
1048000 199590
1049000 199572
1050000 199644
1051000 199629
1052000 199621
1053000 199610
1054000 199601
1055000 199591
1056000 199583
1057000 199574
1058000 199566
1059000 199559
1060000 199624
1061000 199610
1062000 199599
1063000 199589
1064000 199582
1065000 199572
1066000 199564
1067000 199554
1068000 199546
1069000 199535
1070000 199596
1071000 199585
1072000 199579
1073000 199567
1074000 199559
1075000 199545
1076000 199538
1077000 199532
1078000 199521
1079000 199506
1080000 199566
1081000 199552
1082000 199534
1083000 199524
1084000 199515
1085000 199501
1086000 199487
1087000 199477
1088000 199465
1089000 199455
1090000 199523
1091000 199509
1092000 199495
1093000 199487
1094000 199471
1095000 199463
1096000 199453
1097000 199446
1098000 199435
1099000 199429
1100000 199498
1101000 199486
1102000 199484
1103000 199476
1104000 199461
1105000 199450
1106000 199440
1107000 199432
1108000 199422
1109000 199411
1110000 199494
1111000 199489
1112000 199475
1113000 199468
1114000 199454
1115000 199444
1116000 199432
1117000 199421
1118000 199413
1119000 199402
1120000 199462
1121000 199455
1122000 199445
1123000 199436
1124000 199427
1125000 199417
1126000 199413
1127000 199402
1128000 199388
1129000 199377
1130000 199454
1131000 199444
1132000 199438
1133000 199424
1134000 199414
1135000 199402
1136000 199394
1137000 199381
1138000 199368
1139000 199361
1140000 199422
1141000 199412
1142000 199403
1143000 199387
1144000 199378
1145000 199366
1146000 199360
1147000 199354
1148000 199341
1149000 199332
1150000 199411
1151000 199405
1152000 199392
1153000 199380
1154000 199373
1155000 199360
1156000 199354
1157000 199343
1158000 199331
1159000 199322
1160000 199381
1161000 199370
1162000 199358
1163000 199347
1164000 199334
1165000 199329
1166000 199319
1167000 199310
1168000 199300
1169000 199297
1170000 199371
1171000 199366
1172000 199359
1173000 199345
1174000 199332
1175000 199320
1176000 199308
1177000 199299
1178000 199288
1179000 199281
1180000 199350
1181000 199336
1182000 199327
1183000 199320
1184000 199311
1185000 199301
1186000 199285
1187000 199274
1188000 199262
1189000 199248
1190000 199319
1191000 199308
1192000 199300
1193000 199281
1194000 199269
1195000 199262
1196000 199252
1197000 199243
1198000 199231
1199000 199224
1200000 199272
1201000 199258
1202000 199249
1203000 199239
1204000 199230
1205000 199219
1206000 199212
1207000 199206
1208000 199204
1209000 199196
1210000 199262
1211000 199257
1212000 199241
1213000 199228
1214000 199212
1215000 199194
1216000 199184
1217000 199172
1218000 199155
1219000 199144
1220000 199219
1221000 199206
1222000 199194
1223000 199190
1224000 199178
1225000 199168
1226000 199160
1227000 199154
1228000 199143
1229000 199134
1230000 199192
1231000 199180
1232000 199170
1233000 199163
1234000 199156
1235000 199147
1236000 199138
1237000 199130
1238000 199118
1239000 199112
1240000 199175
1241000 199169
1242000 199160
1243000 199149
1244000 199138
1245000 199116
1246000 199108
1247000 199094
1248000 199084
1249000 199070
1250000 199148
1251000 199140
1252000 199126
1253000 199120
1254000 199115
1255000 199110
1256000 199093
1257000 199083
1258000 199076
1259000 199063
1260000 199140
1261000 199132
1262000 199120
1263000 199104
1264000 199096
1265000 199091
1266000 199079
1267000 199067
1268000 199058
1269000 199046
1270000 199098
1271000 199090
1272000 199079
1273000 199061
1274000 199053
1275000 199039
1276000 199020
1277000 199008
1278000 198995
1279000 198983
1280000 199070
1281000 199060
1282000 199044
1283000 199031
1284000 199020
1285000 199014
1286000 199001
1287000 198992
1288000 198985
1289000 198977
1290000 199043
1291000 199029
1292000 199018
1293000 199004
1294000 198990
1295000 198983
1296000 198976
1297000 198969
1298000 198961
1299000 198950
1300000 199031
1301000 199018
1302000 199006
1303000 199002
1304000 198989
1305000 198977
1306000 198966
1307000 198962
1308000 198953
1309000 198950
1310000 199009
1311000 198995
1312000 198989
1313000 198978
1314000 198968
1315000 198963
1316000 198955
1317000 198948
1318000 198932
1319000 198927
1320000 199004
1321000 198993
1322000 198981
1323000 198964
1324000 198952
1325000 198940
1326000 198926
1327000 198920
1328000 198908
1329000 198901
1330000 198984
1331000 198975
1332000 198964
1333000 198952
1334000 198944
1335000 198928
1336000 198913
1337000 198904
1338000 198892
1339000 198884
1340000 198948
1341000 198934
1342000 198921
1343000 198916
1344000 198909
1345000 198901
1346000 198894
1347000 198885
1348000 198873
1349000 198864
1350000 198923
1351000 198919
1352000 198914
1353000 198905
1354000 198892
1355000 198887
1356000 198881
1357000 198874
1358000 198864
1359000 198852
1360000 198920
1361000 198909
1362000 198895
1363000 198884
1364000 198873
1365000 198864
1366000 198851
1367000 198840
1368000 198832
1369000 198818
1370000 198882
1371000 198875
1372000 198865
1373000 198849
1374000 198840
1375000 198833
1376000 198819
1377000 198807
1378000 198797
1379000 198779
1380000 198848
1381000 198839
1382000 198833
1383000 198824
1384000 198811
1385000 198799
1386000 198787
1387000 198776
1388000 198764
1389000 198755
1390000 198821
1391000 198812
1392000 198802
1393000 198795
1394000 198784
1395000 198772
1396000 198756
1397000 198739
1398000 198735
1399000 198723
1400000 198799
1401000 198785
1402000 198777
1403000 198764
1404000 198760
1405000 198748
1406000 198739
1407000 198726
1408000 198719
1409000 198711
1410000 198779
1411000 198771
1412000 198766
1413000 198759
1414000 198749
1415000 198739
1416000 198727
1417000 198715
1418000 198705
1419000 198695
1420000 198769
1421000 198759
1422000 198750
1423000 198736
1424000 198725
1425000 198714
1426000 198700
1427000 198691
1428000 198680
1429000 198669
1430000 198735
1431000 198719
1432000 198710
1433000 198703
1434000 198693
1435000 198682
1436000 198677
1437000 198666
1438000 198651
1439000 198636
1440000 198705
1441000 198697
1442000 198691
1443000 198682
1444000 198671
1445000 198658
1446000 198645
1447000 198637
1448000 198620
1449000 198617
1450000 198694
1451000 198682
1452000 198671
1453000 198660
1454000 198648
1455000 198632
1456000 198625
1457000 198605
1458000 198598
1459000 198584
1460000 198657
1461000 198645
1462000 198631
1463000 198621
1464000 198612
1465000 198604
1466000 198590
1467000 198578
1468000 198571
1469000 198560
1470000 198627
1471000 198618
1472000 198612
1473000 198593
1474000 198589
1475000 198573
1476000 198561
1477000 198552
1478000 198542
1479000 198531
1480000 198607
1481000 198595
1482000 198583
1483000 198569
1484000 198554
1485000 198542
1486000 198536
1487000 198519
1488000 198513
1489000 198503
1490000 198576
1491000 198559
1492000 198553
1493000 198543
1494000 198529
1495000 198515
1496000 198504
1497000 198490
1498000 198485
1499000 198473
1500000 198545
1501000 198536
1502000 198522
1503000 198512
1504000 198501
1505000 198486
1506000 198476
1507000 198470
1508000 198459
1509000 198445
1510000 198499
1511000 198488
1512000 198471
1513000 198460
1514000 198453
1515000 198438
1516000 198432
1517000 198420
1518000 198408
1519000 198398
1520000 198474
1521000 198462
1522000 198458
1523000 198450
1524000 198443
1525000 198435
1526000 198427
1527000 198417
1528000 198406
1529000 198397
1530000 198465
1531000 198458
1532000 198446
1533000 198432
1534000 198419
1535000 198408
1536000 198394
1537000 198382
1538000 198370
1539000 198358
1540000 198423
1541000 198414
1542000 198404
1543000 198395
1544000 198388
1545000 198380
1546000 198368
1547000 198358
1548000 198355
1549000 198349
1550000 198428
1551000 198418
1552000 198415
1553000 198406
1554000 198397
1555000 198383
1556000 198375
1557000 198369
1558000 198355
1559000 198347
1560000 198415
1561000 198405
1562000 198401
1563000 198396
1564000 198385
1565000 198372
1566000 198365
1567000 198354
1568000 198346
1569000 198338
1570000 198385
1571000 198379
1572000 198364
1573000 198354
1574000 198342
1575000 198332
1576000 198313
1577000 198302
1578000 198282
1579000 198270
1580000 198338
1581000 198322
1582000 198313
1583000 198302
1584000 198294
1585000 198277
1586000 198267
1587000 198255
1588000 198243
1589000 198230
1590000 198301
1591000 198287
1592000 198272
1593000 198256
1594000 198244
1595000 198237
1596000 198222
1597000 198211
1598000 198203
1599000 198195
1600000 198273
1601000 198262
1602000 198249
1603000 198236
1604000 198230
1605000 198218
1606000 198208
1607000 198203
1608000 198193
1609000 198181
1610000 198254
1611000 198244
1612000 198237
1613000 198224
1614000 198217
1615000 198206
1616000 198199
1617000 198192
1618000 198180
1619000 198168
1620000 198251
1621000 198242
1622000 198228
1623000 198218
1624000 198213
1625000 198206
1626000 198199
1627000 198191
1628000 198175
1629000 198166
1630000 198232
1631000 198221
1632000 198209
1633000 198205
1634000 198193
1635000 198181
1636000 198173
1637000 198157
1638000 198147
1639000 198131
1640000 198200
1641000 198190
1642000 198182
1643000 198175
1644000 198164
1645000 198158
1646000 198145
1647000 198135
1648000 198118
1649000 198106
1650000 198170
1651000 198153
1652000 198146
1653000 198131
1654000 198121
1655000 198110
1656000 198096
1657000 198088
1658000 198074
1659000 198061
1660000 198134
1661000 198124
1662000 198116
1663000 198106
1664000 198090
1665000 198082
1666000 198074
1667000 198063
1668000 198053
1669000 198040
1670000 198106
1671000 198091
1672000 198075
1673000 198066
1674000 198053
1675000 198044
1676000 198038
1677000 198023
1678000 198016
1679000 198003
1680000 198067
1681000 198063
1682000 198048
1683000 198034
1684000 198024
1685000 198013
1686000 198009
1687000 197992
1688000 197982
1689000 197970
1690000 198034
1691000 198024
1692000 198008
1693000 197993
1694000 197986
1695000 197975
1696000 197965
1697000 197954
1698000 197942
1699000 197935
1700000 197996
1701000 197985
1702000 197979
1703000 197968
1704000 197958
1705000 197952
1706000 197943
1707000 197930
1708000 197919
1709000 197911
1710000 197983
1711000 197977
1712000 197965
1713000 197952
1714000 197941
1715000 197926
1716000 197914
1717000 197905
1718000 197894
1719000 197885
1720000 197970
1721000 197964
1722000 197950
1723000 197942
1724000 197932
1725000 197925
1726000 197914
1727000 197904
1728000 197886
1729000 197876
1730000 197947
1731000 197941
1732000 197931
1733000 197913
1734000 197902
1735000 197890
1736000 197875
1737000 197868
1738000 197848
1739000 197837
1740000 197919
1741000 197910
1742000 197900
1743000 197887
1744000 197881
1745000 197880
1746000 197874
1747000 197850
1748000 197838
1749000 197824
1750000 197885
1751000 197876
1752000 197868
1753000 197858
1754000 197850
1755000 197841
1756000 197835
1757000 197825
1758000 197815
1759000 197807
1760000 197876
1761000 197863
1762000 197849
1763000 197842
1764000 197837
1765000 197827
1766000 197816
1767000 197810
1768000 197798
1769000 197786
1770000 197845
1771000 197829
1772000 197812
1773000 197796
1774000 197787
1775000 197775
1776000 197763
1777000 197753
1778000 197744
1779000 197728
1780000 197784
1781000 197774
1782000 197767
1783000 197762
1784000 197750
1785000 197742
1786000 197736
1787000 197728
1788000 197719
1789000 197712
1790000 197786
1791000 197776
1792000 197766
1793000 197755
1794000 197749
1795000 197740
1796000 197729
1797000 197719
1798000 197705
1799000 197692
1800000 197752
1801000 197746
1802000 197740
1803000 197728
1804000 197720
1805000 197713
1806000 197703
1807000 197695
1808000 197685
1809000 197675
1810000 197748
1811000 197732
1812000 197726
1813000 197712
1814000 197697
1815000 197688
1816000 197675
1817000 197663
1818000 197648
1819000 197639
1820000 197703
1821000 197694
1822000 197688
1823000 197671
1824000 197662
1825000 197651
1826000 197643
1827000 197636
1828000 197616
1829000 197601
1830000 197676
1831000 197666
1832000 197655
1833000 197639
1834000 197630
1835000 197624
1836000 197608
1837000 197600
1838000 197589
1839000 197579
1840000 197655
1841000 197640
1842000 197624
1843000 197612
1844000 197600
1845000 197587
1846000 197579
1847000 197565
1848000 197556
1849000 197546
1850000 197614
1851000 197605
1852000 197593
1853000 197584
1854000 197574
1855000 197560
1856000 197543
1857000 197533
1858000 197526
1859000 197519
1860000 197580
1861000 197574
1862000 197563
1863000 197555
1864000 197541
1865000 197526
1866000 197516
1867000 197503
1868000 197488
1869000 197479
1870000 197551
1871000 197540
1872000 197518
1873000 197506
1874000 197497
1875000 197481
1876000 197472
1877000 197461
1878000 197448
1879000 197431
1880000 197503
1881000 197494
1882000 197488
1883000 197478
1884000 197463
1885000 197455
1886000 197450
1887000 197435
1888000 197427
1889000 197413
1890000 197466
1891000 197457
1892000 197450
1893000 197437
1894000 197426
1895000 197420
1896000 197407
1897000 197393
1898000 197384
1899000 197372
1900000 197446
1901000 197433
1902000 197421
1903000 197415
1904000 197409
1905000 197392
1906000 197380
1907000 197368
1908000 197362
1909000 197350
1910000 197417
1911000 197406
1912000 197397
1913000 197386
1914000 197378
1915000 197369
1916000 197358
1917000 197348
1918000 197334
1919000 197326
1920000 197404
1921000 197395
1922000 197383
1923000 197372
1924000 197365
1925000 197354
1926000 197347
1927000 197335
1928000 197322
1929000 197308
1930000 197388
1931000 197376
1932000 197368
1933000 197358
1934000 197339
1935000 197328
1936000 197316
1937000 197307
1938000 197298
1939000 197293
1940000 197365
1941000 197354
1942000 197344
1943000 197336
1944000 197328
1945000 197320
1946000 197307
1947000 197295
1948000 197285
1949000 197271
1950000 197336
1951000 197326
1952000 197319
1953000 197308
1954000 197300
1955000 197287
1956000 197278
1957000 197263
1958000 197253
1959000 197242
1960000 197288
1961000 197280
1962000 197268
1963000 197256
1964000 197247
1965000 197234
1966000 197224
1967000 197211
1968000 197198
1969000 197189
1970000 197260
1971000 197249
1972000 197240
1973000 197227
1974000 197212
1975000 197201
1976000 197187
1977000 197179
1978000 197170
1979000 197161
1980000 197212
1981000 197202
1982000 197192
1983000 197183
1984000 197169
1985000 197155
1986000 197146
1987000 197136
1988000 197130
1989000 197113
1990000 197179
1991000 197170
1992000 197156
1993000 197143
1994000 197137
1995000 197130
1996000 197122
1997000 197111
1998000 197095
1999000 197085
2000000 197168
2001000 197152
2002000 197140
2003000 197131
2004000 197121
2005000 197110
2006000 197099
2007000 197088
2008000 197082
2009000 197073
2010000 197148
2011000 197139
2012000 197127
2013000 197116
2014000 197106
2015000 197094
2016000 197076
2017000 197067
2018000 197057
2019000 197051
2020000 197110
2021000 197101
2022000 197087
2023000 197075
2024000 197058
2025000 197049
2026000 197041
2027000 197034
2028000 197025
2029000 197011
2030000 197082
2031000 197067
2032000 197058
2033000 197040
2034000 197021
2035000 197013
2036000 196999
2037000 196991
2038000 196981
2039000 196970
2040000 197052
2041000 197044
2042000 197034
2043000 197024
2044000 197010
2045000 196999
2046000 196989
2047000 196977
2048000 196961
2049000 196952
2050000 197035
2051000 197026
2052000 197012
2053000 197000
2054000 196989
2055000 196970
2056000 196963
2057000 196955
2058000 196940
2059000 196930
2060000 196998
2061000 196985
2062000 196970
2063000 196962
2064000 196950
2065000 196939
2066000 196929
2067000 196919
2068000 196911
2069000 196898
2070000 196969
2071000 196954
2072000 196947
2073000 196935
2074000 196922
2075000 196905
2076000 196894
2077000 196884
2078000 196869
2079000 196862
2080000 196917
2081000 196909
2082000 196895
2083000 196887
2084000 196878
2085000 196868
2086000 196857
2087000 196844
2088000 196832
2089000 196818
2090000 196875
2091000 196862
2092000 196844
2093000 196834
2094000 196825
2095000 196814
2096000 196799
2097000 196787
2098000 196775
2099000 196762
2100000 196837
2101000 196826
2102000 196818
2103000 196809
2104000 196801
2105000 196788
2106000 196776
2107000 196769
2108000 196758
2109000 196745
2110000 196809
2111000 196799
2112000 196790
2113000 196783
2114000 196773
2115000 196766
2116000 196755
2117000 196748
2118000 196741
2119000 196733
2120000 196805
2121000 196791
2122000 196779
2123000 196774
2124000 196758
2125000 196751
2126000 196740
2127000 196732
2128000 196718
2129000 196712
2130000 196782
2131000 196761
2132000 196752
2133000 196746
2134000 196739
2135000 196738
2136000 196727
2137000 196721
2138000 196706
2139000 196697
2140000 196770
2141000 196760
2142000 196754
2143000 196745
2144000 196730
2145000 196717
2146000 196709
2147000 196698
2148000 196687
2149000 196677
2150000 196750
2151000 196738
2152000 196731
2153000 196720
2154000 196711
2155000 196693
2156000 196680
2157000 196668
2158000 196656
2159000 196649
2160000 196726
2161000 196712
2162000 196703
2163000 196693
2164000 196686
2165000 196681
2166000 196668
2167000 196658
2168000 196648
2169000 196633
2170000 196688
2171000 196677
2172000 196670
2173000 196655
2174000 196648
2175000 196634
2176000 196620
2177000 196609
2178000 196599
2179000 196587
2180000 196643
2181000 196631
2182000 196620
2183000 196613
2184000 196607
2185000 196597
2186000 196580
2187000 196570
2188000 196553
2189000 196538
2190000 196608
2191000 196596
2192000 196587
2193000 196573
2194000 196562
2195000 196555
2196000 196545
2197000 196529
2198000 196517
2199000 196506
2200000 196569
2201000 196561
2202000 196554
2203000 196546
2204000 196536
2205000 196522
2206000 196512
2207000 196497
2208000 196486
2209000 196483
2210000 196554
2211000 196547
2212000 196537
2213000 196527
2214000 196516
2215000 196504
2216000 196493
2217000 196478
2218000 196471
2219000 196462
2220000 196530
2221000 196515
2222000 196505
2223000 196497
2224000 196482
2225000 196475
2226000 196459
2227000 196445
2228000 196435
2229000 196424
2230000 196493
2231000 196484
2232000 196474
2233000 196463
2234000 196452
2235000 196444
2236000 196428
2237000 196418
2238000 196408
2239000 196401
2240000 196466
2241000 196456
2242000 196447
2243000 196439
2244000 196432
2245000 196417
2246000 196408
2247000 196403
2248000 196393
2249000 196382
2250000 196458
2251000 196440
2252000 196428
2253000 196420
2254000 196412
2255000 196401
2256000 196391
2257000 196381
2258000 196364
2259000 196355
2260000 196418
2261000 196404
2262000 196389
2263000 196372
2264000 196366
2265000 196351
2266000 196341
2267000 196323
2268000 196311
2269000 196299
2270000 196361
2271000 196355
2272000 196342
2273000 196330
2274000 196320
2275000 196308
2276000 196299
2277000 196288
2278000 196279
2279000 196270
2280000 196333
2281000 196318
2282000 196307
2283000 196295
2284000 196283
2285000 196275
2286000 196262
2287000 196244
2288000 196230
2289000 196220
2290000 196294
2291000 196285
2292000 196270
2293000 196261
2294000 196250
2295000 196233
2296000 196223
2297000 196211
2298000 196202
2299000 196192
2300000 196248
2301000 196237
2302000 196232
2303000 196223
2304000 196216
2305000 196210
2306000 196200
2307000 196192
2308000 196181
2309000 196176
2310000 196250
2311000 196245
2312000 196237
2313000 196229
2314000 196220
2315000 196207
2316000 196192
2317000 196178
2318000 196163
2319000 196155
2320000 196216
2321000 196207
2322000 196198
2323000 196189
2324000 196178
2325000 196152
2326000 196145
2327000 196137
2328000 196128
2329000 196122
2330000 196211
2331000 196201
2332000 196196
2333000 196181
2334000 196167
2335000 196160
2336000 196147
2337000 196139
2338000 196129
2339000 196116
2340000 196187
2341000 196174
2342000 196164
2343000 196145
2344000 196135
2345000 196120
2346000 196110
2347000 196103
2348000 196096
2349000 196083
2350000 196160
2351000 196148
2352000 196132
2353000 196123
2354000 196113
2355000 196105
2356000 196097
2357000 196080
2358000 196066
2359000 196060
2360000 196130
2361000 196121
2362000 196109
2363000 196099
2364000 196087
2365000 196078
2366000 196071
2367000 196060
2368000 196050
2369000 196034
2370000 196106
2371000 196089
2372000 196078
2373000 196069
2374000 196059
2375000 196047
2376000 196040
2377000 196035
2378000 196023
2379000 196012
2380000 196075
2381000 196067
2382000 196058
2383000 196045
2384000 196035
2385000 196028
2386000 196006
2387000 195990
2388000 195978
2389000 195971
2390000 196038
2391000 196025
2392000 196008
2393000 195996
2394000 195987
2395000 195978
2396000 195971
2397000 195961
2398000 195956
2399000 195946
2400000 196024
2401000 196018
2402000 196012
2403000 196002
2404000 195991
2405000 195983
2406000 195974
2407000 195961
2408000 195948
2409000 195937
2410000 196003
2411000 195988
2412000 195969
2413000 195959
2414000 195945
2415000 195935
2416000 195927
2417000 195918
2418000 195912
2419000 195903
2420000 195979
2421000 195972
2422000 195963
2423000 195952
2424000 195942
2425000 195934
2426000 195925
2427000 195913
2428000 195903
2429000 195890
2430000 195971
2431000 195964
2432000 195958
2433000 195942
2434000 195933
2435000 195916
2436000 195905
2437000 195892
2438000 195880
2439000 195869
2440000 195945
2441000 195935
2442000 195923
2443000 195914
2444000 195895
2445000 195884
2446000 195873
2447000 195862
2448000 195851
2449000 195837
2450000 195906
2451000 195896
2452000 195887
2453000 195877
2454000 195868
2455000 195857
2456000 195838
2457000 195828
2458000 195816
2459000 195807
2460000 195883
2461000 195869
2462000 195859
2463000 195851
2464000 195840
2465000 195833
2466000 195825
2467000 195813
2468000 195799
2469000 195792
2470000 195855
2471000 195845
2472000 195839
2473000 195832
2474000 195820
2475000 195811
2476000 195799
2477000 195791
2478000 195781
2479000 195767
2480000 195834
2481000 195827
2482000 195816
2483000 195797
2484000 195789
2485000 195779
2486000 195768
2487000 195759
2488000 195750
2489000 195735
2490000 195796
2491000 195791
2492000 195777
2493000 195761
2494000 195749
2495000 195740
2496000 195726
2497000 195719
2498000 195711
2499000 195702
2500000 195786
2501000 195780
2502000 195767
2503000 195754
2504000 195747
2505000 195735
2506000 195720
2507000 195711
2508000 195698
2509000 195692
2510000 195777
2511000 195763
2512000 195750
2513000 195739
2514000 195727
2515000 195718
2516000 195713
2517000 195704
2518000 195697
2519000 195689
2520000 195757
2521000 195743
2522000 195734
2523000 195719
2524000 195710
2525000 195692
2526000 195683
2527000 195674
2528000 195665
2529000 195653
2530000 195725
2531000 195708
2532000 195694
2533000 195684
2534000 195673
2535000 195655
2536000 195642
2537000 195625
2538000 195611
2539000 195601
2540000 195686
2541000 195672
2542000 195661
2543000 195651
2544000 195645
2545000 195633
2546000 195614
2547000 195603
2548000 195592
2549000 195585
2550000 195650
2551000 195644
2552000 195626
2553000 195613
2554000 195606
2555000 195593
2556000 195583
2557000 195571
2558000 195565
2559000 195554
2560000 195634
2561000 195624
2562000 195617
2563000 195607
2564000 195595
2565000 195583
2566000 195572
2567000 195559
2568000 195540
2569000 195532
2570000 195602
2571000 195589
2572000 195583
2573000 195569
2574000 195561
2575000 195549
2576000 195541
2577000 195533
2578000 195527
2579000 195517
2580000 195574
2581000 195564
2582000 195551
2583000 195536
2584000 195525
2585000 195514
2586000 195499
2587000 195485
2588000 195477
2589000 195464
2590000 195546
2591000 195539
2592000 195529
2593000 195519
2594000 195503
2595000 195494
2596000 195483
2597000 195475
2598000 195460
2599000 195442
2600000 195496
2601000 195485
2602000 195472
2603000 195464
2604000 195452
2605000 195442
2606000 195424
2607000 195417
2608000 195409
2609000 195398
2610000 195455
2611000 195442
2612000 195433
2613000 195418
2614000 195408
2615000 195399
2616000 195391
2617000 195379
2618000 195376
2619000 195363
2620000 195442
2621000 195434
2622000 195429
2623000 195414
2624000 195402
2625000 195391
2626000 195377
2627000 195367
2628000 195355
2629000 195342
2630000 195416
2631000 195397
2632000 195385
2633000 195373
2634000 195365
2635000 195357
2636000 195348
2637000 195339
2638000 195330
2639000 195318
2640000 195387
2641000 195380
2642000 195367
2643000 195357
2644000 195343
2645000 195336
2646000 195326
2647000 195315
2648000 195303
2649000 195294
2650000 195365
2651000 195357
2652000 195350
2653000 195342
2654000 195336
2655000 195330
2656000 195315
2657000 195303
2658000 195293
2659000 195284
2660000 195363
2661000 195355
2662000 195340
2663000 195334
2664000 195316
2665000 195299
2666000 195285
2667000 195270
2668000 195266
2669000 195261
2670000 195332
2671000 195319
2672000 195304
2673000 195297
2674000 195283
2675000 195276
2676000 195261
2677000 195249
2678000 195242
2679000 195223
2680000 195281
2681000 195269
2682000 195259
2683000 195244
2684000 195231
2685000 195221
2686000 195214
2687000 195199
2688000 195188
2689000 195175
2690000 195253
2691000 195241
2692000 195229
2693000 195211
2694000 195203
2695000 195185
2696000 195175
2697000 195165
2698000 195156
2699000 195150
2700000 195225
2701000 195214
2702000 195208
2703000 195199
2704000 195186
2705000 195178
2706000 195167
2707000 195155
2708000 195145
2709000 195132
2710000 195203
2711000 195188
2712000 195178
2713000 195170
2714000 195165
2715000 195153
2716000 195141
2717000 195130
2718000 195118
2719000 195112
2720000 195152
2721000 195142
2722000 195128
2723000 195119
2724000 195112
2725000 195102
2726000 195092
2727000 195081
2728000 195072
2729000 195059
2730000 195141
2731000 195126
2732000 195117
2733000 195109
2734000 195099
2735000 195082
2736000 195064
2737000 195052
2738000 195039
2739000 195029
2740000 195102
2741000 195097
2742000 195091
2743000 195077
2744000 195068
2745000 195056
2746000 195044
2747000 195039
2748000 195029
2749000 195023
2750000 195101
2751000 195092
2752000 195082
2753000 195071
2754000 195062
2755000 195054
2756000 195043
2757000 195035
2758000 195025
2759000 195016
2760000 195079
2761000 195070
2762000 195058
2763000 195050
2764000 195041
2765000 195029
2766000 195014
2767000 195005
2768000 194999
2769000 194990
2770000 195067
2771000 195055
2772000 195046
2773000 195033
2774000 195019
2775000 195009
2776000 194998
2777000 194987
2778000 194976
2779000 194963
2780000 195029
2781000 195018
2782000 195002
2783000 194996
2784000 194984
2785000 194971
2786000 194958
2787000 194948
2788000 194936
2789000 194919
2790000 195000
2791000 194985
2792000 194975
2793000 194973
2794000 194966
2795000 194950
2796000 194939
2797000 194933
2798000 194923
2799000 194912
2800000 194967
2801000 194956
2802000 194948
2803000 194936
2804000 194929
2805000 194919
2806000 194915
2807000 194907
2808000 194895
2809000 194886
2810000 194966
2811000 194957
2812000 194950
2813000 194942
2814000 194933
2815000 194921
2816000 194911
2817000 194901
2818000 194891
2819000 194881
2820000 194947
2821000 194940
2822000 194935
2823000 194916
2824000 194906
2825000 194897
2826000 194889
2827000 194885
2828000 194874
2829000 194868
2830000 194937
2831000 194931
2832000 194923
2833000 194911
2834000 194899
2835000 194892
2836000 194885
2837000 194872
2838000 194859
2839000 194851
2840000 194913
2841000 194906
2842000 194896
2843000 194885
2844000 194871
2845000 194861
2846000 194846
2847000 194836
2848000 194826
2849000 194814
2850000 194903
2851000 194891
2852000 194873
2853000 194862
2854000 194846
2855000 194837
2856000 194825
2857000 194819
2858000 194805
2859000 194797
2860000 194872
2861000 194861
2862000 194854
2863000 194844
2864000 194827
2865000 194819
2866000 194809
2867000 194793
2868000 194784
2869000 194778
2870000 194842
2871000 194831
2872000 194817
2873000 194805
2874000 194788
2875000 194777
2876000 194764
2877000 194751
2878000 194741
2879000 194727
2880000 194784
2881000 194775
2882000 194760
2883000 194751
2884000 194737
2885000 194723
2886000 194709
2887000 194703
2888000 194690
2889000 194679
2890000 194741
2891000 194734
2892000 194726
2893000 194718
2894000 194708
2895000 194691
2896000 194684
2897000 194667
2898000 194653
2899000 194644
2900000 194714
2901000 194706
2902000 194691
2903000 194683
2904000 194673
2905000 194659
2906000 194646
2907000 194637
2908000 194625
2909000 194613
2910000 194684
2911000 194675
2912000 194667
2913000 194652
2914000 194645
2915000 194632
2916000 194624
2917000 194612
2918000 194602
2919000 194594
2920000 194651
2921000 194642
2922000 194636
2923000 194627
2924000 194612
2925000 194604
2926000 194591
2927000 194582
2928000 194572
2929000 194562
2930000 194646
2931000 194638
2932000 194625
2933000 194619
2934000 194609
2935000 194594
2936000 194583
2937000 194568
2938000 194559
2939000 194544
2940000 194625
2941000 194617
2942000 194604
2943000 194590
2944000 194575
2945000 194562
2946000 194549
2947000 194541
2948000 194527
2949000 194519
2950000 194576
2951000 194562
2952000 194550
2953000 194541
2954000 194527
2955000 194515
2956000 194504
2957000 194497
2958000 194486
2959000 194478
2960000 194553
2961000 194542
2962000 194529
2963000 194517
2964000 194508
2965000 194500
2966000 194486
2967000 194476
2968000 194465
2969000 194454
2970000 194535
2971000 194526
2972000 194508
2973000 194494
2974000 194484
2975000 194475
2976000 194461
2977000 194447
2978000 194434
2979000 194421
2980000 194476
2981000 194469
2982000 194458
2983000 194446
2984000 194437
2985000 194425
2986000 194413
2987000 194408
2988000 194397
2989000 194387
2990000 194458
2991000 194447
2992000 194435
2993000 194424
2994000 194408
2995000 194403
2996000 194393
2997000 194387
2998000 194378
2999000 194367
3000000 194420
3001000 194412
3002000 194399
3003000 194383
3004000 194375
3005000 194368
3006000 194357
3007000 194346
3008000 194337
3009000 194318
3010000 194404
3011000 194393
3012000 194381
3013000 194375
3014000 194363
3015000 194354
3016000 194346
3017000 194339
3018000 194326
3019000 194314
3020000 194378
3021000 194367
3022000 194355
3023000 194345
3024000 194334
3025000 194324
3026000 194313
3027000 194303
3028000 194292
3029000 194285
3030000 194368
3031000 194359
3032000 194350
3033000 194337
3034000 194328
3035000 194315
3036000 194304
3037000 194294
3038000 194281
3039000 194267
3040000 194333
3041000 194315
3042000 194303
3043000 194298
3044000 194288
3045000 194274
3046000 194263
3047000 194254
3048000 194242
3049000 194226
3050000 194300
3051000 194293
3052000 194281
3053000 194266
3054000 194252
3055000 194243
3056000 194231
3057000 194216
3058000 194198
3059000 194192
3060000 194265
3061000 194257
3062000 194248
3063000 194240
3064000 194229
3065000 194217
3066000 194207
3067000 194190
3068000 194177
3069000 194164
3070000 194222
3071000 194213
3072000 194194
3073000 194182
3074000 194173
3075000 194164
3076000 194158
3077000 194145
3078000 194134
3079000 194128
3080000 194198
3081000 194188
3082000 194178
3083000 194163
3084000 194152
3085000 194143
3086000 194136
3087000 194123
3088000 194117
3089000 194100
3090000 194179
3091000 194164
3092000 194154
3093000 194143
3094000 194132
3095000 194119
3096000 194108
3097000 194098
3098000 194087
3099000 194073
3100000 194158
3101000 194145
3102000 194132
3103000 194121
3104000 194111
3105000 194098
3106000 194089
3107000 194085
3108000 194077
3109000 194063
3110000 194121
3111000 194114
3112000 194099
3113000 194092
3114000 194083
3115000 194072
3116000 194061
3117000 194052
3118000 194045
3119000 194033
3120000 194088
3121000 194080
3122000 194062
3123000 194051
3124000 194043
3125000 194033
3126000 194025
3127000 194019
3128000 194005
3129000 193993
3130000 194067
3131000 194059
3132000 194045
3133000 194038
3134000 194023
3135000 194009
3136000 194003
3137000 193998
3138000 193985
3139000 193974
3140000 194053
3141000 194044
3142000 194033
3143000 194026
3144000 194009
3145000 193998
3146000 193985
3147000 193974
3148000 193964
3149000 193943
3150000 194022
3151000 194007
3152000 194000
3153000 193991
3154000 193983
3155000 193972
3156000 193966
3157000 193956
3158000 193944
3159000 193936
3160000 194009
3161000 193993
3162000 193980
3163000 193971
3164000 193960
3165000 193944
3166000 193937
3167000 193923
3168000 193913
3169000 193907
3170000 193981
3171000 193970
3172000 193961
3173000 193951
3174000 193937
3175000 193926
3176000 193917
3177000 193909
3178000 193897
3179000 193888
3180000 193952
3181000 193941
3182000 193934
3183000 193920
3184000 193908
3185000 193898
3186000 193882
3187000 193867
3188000 193854
3189000 193841
3190000 193893
3191000 193879
3192000 193868
3193000 193861
3194000 193844
3195000 193838
3196000 193822
3197000 193809
3198000 193795
3199000 193789
3200000 193859
3201000 193849
3202000 193844
3203000 193831
3204000 193825
3205000 193817
3206000 193806
3207000 193797
3208000 193783
3209000 193771
3210000 193843
3211000 193831
3212000 193823
3213000 193817
3214000 193808
3215000 193789
3216000 193781
3217000 193771
3218000 193754
3219000 193740
3220000 193821
3221000 193812
3222000 193795
3223000 193788
3224000 193778
3225000 193769
3226000 193757
3227000 193754
3228000 193743
3229000 193731
3230000 193806
3231000 193795
3232000 193782
3233000 193773
3234000 193761
3235000 193752
3236000 193745
3237000 193735
3238000 193719
3239000 193705
3240000 193762
3241000 193751
3242000 193737
3243000 193730
3244000 193719
3245000 193714
3246000 193705
3247000 193696
3248000 193686
3249000 193677
3250000 193742
3251000 193728
3252000 193716
3253000 193702
3254000 193692
3255000 193679
3256000 193668
3257000 193656
3258000 193647
3259000 193633
3260000 193698
3261000 193692
3262000 193682
3263000 193674
3264000 193664
3265000 193658
3266000 193652
3267000 193644
3268000 193635
3269000 193627
3270000 193696
3271000 193687
3272000 193678
3273000 193669
3274000 193651
3275000 193640
3276000 193629
3277000 193618
3278000 193608
3279000 193602
3280000 193653
3281000 193640
3282000 193633
3283000 193624
3284000 193614
3285000 193603
3286000 193590
3287000 193582
3288000 193570
3289000 193564
3290000 193630
3291000 193616
3292000 193601
3293000 193590
3294000 193574
3295000 193567
3296000 193553
3297000 193549
3298000 193536
3299000 193526
3300000 193587
3301000 193582
3302000 193575
3303000 193567
3304000 193558
3305000 193549
3306000 193542
3307000 193531
3308000 193518
3309000 193511
3310000 193586
3311000 193573
3312000 193563
3313000 193548
3314000 193535
3315000 193524
3316000 193509
3317000 193490
3318000 193480
3319000 193468
3320000 193532
3321000 193523
3322000 193511
3323000 193501
3324000 193493
3325000 193480
3326000 193472
3327000 193463
3328000 193452
3329000 193443
3330000 193526
3331000 193512
3332000 193502
3333000 193487
3334000 193479
3335000 193473
3336000 193459
3337000 193451
3338000 193443
3339000 193434
3340000 193506
3341000 193494
3342000 193486
3343000 193477
3344000 193462
3345000 193449
3346000 193438
3347000 193431
3348000 193420
3349000 193410
3350000 193477
3351000 193471
3352000 193464
3353000 193451
3354000 193436
3355000 193426
3356000 193417
3357000 193407
3358000 193390
3359000 193376
3360000 193451
3361000 193438
3362000 193419
3363000 193408
3364000 193400
3365000 193389
3366000 193382
3367000 193369
3368000 193357
3369000 193353
3370000 193403
3371000 193396
3372000 193385
3373000 193375
3374000 193368
3375000 193360
3376000 193349
3377000 193331
3378000 193320
3379000 193307
3380000 193371
3381000 193360
3382000 193353
3383000 193344
3384000 193329
3385000 193319
3386000 193309
3387000 193297
3388000 193288
3389000 193275
3390000 193337
3391000 193323
3392000 193305
3393000 193296
3394000 193284
3395000 193273
3396000 193262
3397000 193246
3398000 193237
3399000 193230
3400000 193293
3401000 193287
3402000 193276
3403000 193267
3404000 193251
3405000 193244
3406000 193233
3407000 193224
3408000 193216
3409000 193207
3410000 193268
3411000 193258
3412000 193243
3413000 193234
3414000 193226
3415000 193211
3416000 193198
3417000 193186
3418000 193172
3419000 193166
3420000 193252
3421000 193241
3422000 193226
3423000 193216
3424000 193207
3425000 193193
3426000 193183
3427000 193176
3428000 193162
3429000 193153
3430000 193214
3431000 193208
3432000 193198
3433000 193189
3434000 193175
3435000 193166
3436000 193160
3437000 193154
3438000 193141
3439000 193133
3440000 193221
3441000 193212
3442000 193203
3443000 193191
3444000 193177
3445000 193166
3446000 193156
3447000 193138
3448000 193125
3449000 193110
3450000 193185
3451000 193178
3452000 193172
3453000 193159
3454000 193154
3455000 193145
3456000 193134
3457000 193126
3458000 193117
3459000 193106
3460000 193192
3461000 193180
3462000 193172
3463000 193158
3464000 193147
3465000 193132
3466000 193127
3467000 193117
3468000 193109
3469000 193097
3470000 193162
3471000 193153
3472000 193145
3473000 193128
3474000 193124
3475000 193116
3476000 193099
3477000 193090
3478000 193081
3479000 193071
3480000 193142
3481000 193127
3482000 193114
3483000 193103
3484000 193092
3485000 193084
3486000 193067
3487000 193059
3488000 193050
3489000 193042
3490000 193133
3491000 193120
3492000 193102
3493000 193095
3494000 193085
3495000 193072
3496000 193060
3497000 193049
3498000 193043
3499000 193033
3500000 193119
3501000 193107
3502000 193096
3503000 193086
3504000 193079
3505000 193074
3506000 193063
3507000 193051
3508000 193039
3509000 193030
3510000 193096
3511000 193086
3512000 193071
3513000 193061
3514000 193053
3515000 193044
3516000 193038
3517000 193023
3518000 193010
3519000 192998
3520000 193070
3521000 193064
3522000 193051
3523000 193038
3524000 193023
3525000 193013
3526000 193003
3527000 192993
3528000 192978
3529000 192971
3530000 193031
3531000 193025
3532000 193019
3533000 193008
3534000 193000
3535000 192990
3536000 192973
3537000 192961
3538000 192944
3539000 192930
3540000 192992
3541000 192988
3542000 192980
3543000 192972
3544000 192964
3545000 192962
3546000 192953
3547000 192941
3548000 192927
3549000 192918
3550000 192987
3551000 192979
3552000 192965
3553000 192954
3554000 192942
3555000 192931
3556000 192922
3557000 192908
3558000 192903
3559000 192890
3560000 192962
3561000 192951
3562000 192943
3563000 192931
3564000 192924
3565000 192917
3566000 192908
3567000 192893
3568000 192881
3569000 192867
3570000 192940
3571000 192933
3572000 192923
3573000 192909
3574000 192898
3575000 192878
3576000 192871
3577000 192866
3578000 192857
3579000 192845
3580000 192905
3581000 192899
3582000 192886
3583000 192876
3584000 192869
3585000 192862
3586000 192852
3587000 192838
3588000 192824
3589000 192817
3590000 192881
3591000 192874
3592000 192856
3593000 192844
3594000 192835
3595000 192824
3596000 192811
3597000 192794
3598000 192780
3599000 192771
3600000 192861
3601000 192852
3602000 192842
3603000 192825
3604000 192813
3605000 192799
3606000 192783
3607000 192773
3608000 192767
3609000 192756
3610000 192828
3611000 192822
3612000 192806
3613000 192798
3614000 192791
3615000 192783
3616000 192777
3617000 192761
3618000 192750
3619000 192737
3620000 192812
3621000 192800
3622000 192793
3623000 192784
3624000 192775
3625000 192768
3626000 192755
3627000 192745
3628000 192732
3629000 192718
3630000 192782
3631000 192776
3632000 192769
3633000 192759
3634000 192746
3635000 192733
3636000 192723
3637000 192710
3638000 192698
3639000 192687
3640000 192758
3641000 192747
3642000 192741
3643000 192729
3644000 192721
3645000 192712
3646000 192696
3647000 192683
3648000 192669
3649000 192662
3650000 192735
3651000 192728
3652000 192718
3653000 192709
3654000 192695
3655000 192686
3656000 192674
3657000 192669
3658000 192657
3659000 192649
3660000 192720
3661000 192712
3662000 192700
3663000 192694
3664000 192685
3665000 192674
3666000 192663
3667000 192653
3668000 192639
3669000 192630
3670000 192727
3671000 192718
3672000 192700
3673000 192692
3674000 192681
3675000 192669
3676000 192658
3677000 192646
3678000 192634
3679000 192620
3680000 192689
3681000 192680
3682000 192668
3683000 192658
3684000 192652
3685000 192647
3686000 192636
3687000 192626
3688000 192616
3689000 192606
3690000 192682
3691000 192673
3692000 192659
3693000 192645
3694000 192630
3695000 192622
3696000 192614
3697000 192605
3698000 192592
3699000 192585
3700000 192643
3701000 192626
3702000 192619
3703000 192611
3704000 192599
3705000 192585
3706000 192573
3707000 192568
3708000 192558
3709000 192549
3710000 192607
3711000 192600
3712000 192591
3713000 192584
3714000 192576
3715000 192565
3716000 192555
3717000 192545
3718000 192529
3719000 192520
3720000 192585
3721000 192578
3722000 192569
3723000 192557
3724000 192538
3725000 192526
3726000 192517
3727000 192512
3728000 192506
3729000 192496
3730000 192573
3731000 192559
3732000 192551
3733000 192542
3734000 192530
3735000 192519
3736000 192516
3737000 192501
3738000 192490
3739000 192479
3740000 192544
3741000 192537
3742000 192527
3743000 192520
3744000 192514
3745000 192504
3746000 192492
3747000 192484
3748000 192472
3749000 192465
3750000 192531
3751000 192519
3752000 192508
3753000 192499
3754000 192485
3755000 192475
3756000 192459
3757000 192453
3758000 192446
3759000 192427
3760000 192498
3761000 192489
3762000 192475
3763000 192463
3764000 192456
3765000 192445
3766000 192440
3767000 192429
3768000 192418
3769000 192408
3770000 192472
3771000 192457
3772000 192448
3773000 192443
3774000 192436
3775000 192426
3776000 192410
3777000 192397
3778000 192388
3779000 192377
3780000 192450
3781000 192435
3782000 192424
3783000 192419
3784000 192409
3785000 192400
3786000 192390
3787000 192375
3788000 192357
3789000 192348
3790000 192425
3791000 192413
3792000 192408
3793000 192400
3794000 192393
3795000 192381
3796000 192368
3797000 192355
3798000 192346
3799000 192337
3800000 192403
3801000 192387
3802000 192374
3803000 192368
3804000 192358
3805000 192351
3806000 192342
3807000 192330
3808000 192321
3809000 192312
3810000 192388
3811000 192376
3812000 192370
3813000 192359
3814000 192350
3815000 192335
3816000 192325
3817000 192313
3818000 192305
3819000 192298
3820000 192383
3821000 192377
3822000 192368
3823000 192359
3824000 192348
3825000 192335
3826000 192321
3827000 192309
3828000 192298
3829000 192283
3830000 192352
3831000 192337
3832000 192331
3833000 192324
3834000 192313
3835000 192309
3836000 192302
3837000 192292
3838000 192281
3839000 192272
3840000 192337
3841000 192328
3842000 192318
3843000 192307
3844000 192296
3845000 192289
3846000 192277
3847000 192269
3848000 192261
3849000 192247
3850000 192308
3851000 192292
3852000 192287
3853000 192275
3854000 192268
3855000 192261
3856000 192247
3857000 192238
3858000 192224
3859000 192217
3860000 192293
3861000 192287
3862000 192276
3863000 192266
3864000 192258
3865000 192239
3866000 192232
3867000 192224
3868000 192210
3869000 192200
3870000 192286
3871000 192278
3872000 192266
3873000 192250
3874000 192239
3875000 192227
3876000 192220
3877000 192207
3878000 192195
3879000 192185
3880000 192263
3881000 192254
3882000 192244
3883000 192234
3884000 192227
3885000 192221
3886000 192209
3887000 192198
3888000 192192
3889000 192185
3890000 192248
3891000 192239
3892000 192230
3893000 192224
3894000 192214
3895000 192202
3896000 192195
3897000 192182
3898000 192169
3899000 192152
3900000 192228
3901000 192219
3902000 192211
3903000 192200
3904000 192188
3905000 192176
3906000 192170
3907000 192156
3908000 192140
3909000 192132
3910000 192212
3911000 192204
3912000 192190
3913000 192183
3914000 192173
3915000 192168
3916000 192158
3917000 192149
3918000 192144
3919000 192135
3920000 192199
3921000 192190
3922000 192169
3923000 192163
3924000 192153
3925000 192140
3926000 192126
3927000 192116
3928000 192106
3929000 192097
3930000 192170
3931000 192165
3932000 192153
3933000 192146
3934000 192136
3935000 192126
3936000 192111
3937000 192095
3938000 192086
3939000 192078
3940000 192139
3941000 192128
3942000 192119
3943000 192109
3944000 192097
3945000 192086
3946000 192078
3947000 192068
3948000 192059
3949000 192044
3950000 192095
3951000 192088
3952000 192074
3953000 192065
3954000 192061
3955000 192051
3956000 192042
3957000 192029
3958000 192016
3959000 192009
3960000 192075
3961000 192060
3962000 192046
3963000 192036
3964000 192031
3965000 192021
3966000 192011
3967000 191997
3968000 191981
3969000 191974
3970000 192053
3971000 192043
3972000 192034
3973000 192023
3974000 192006
3975000 191993
3976000 191979
3977000 191969
3978000 191956
3979000 191945
3980000 192003
3981000 191992
3982000 191986
3983000 191973
3984000 191962
3985000 191950
3986000 191947
3987000 191937
3988000 191926
3989000 191918
3990000 191996
3991000 191988
3992000 191975
3993000 191966
3994000 191953
3995000 191942
3996000 191933
3997000 191922
3998000 191911
3999000 191897
4000000 191976
4001000 191968
4002000 191959
4003000 191950
4004000 191940
4005000 191932
4006000 191922
4007000 191907
4008000 191894
4009000 191884
4010000 191943
4011000 191931
4012000 191920
4013000 191914
4014000 191905
4015000 191890
4016000 191878
4017000 191870
4018000 191859
4019000 191846
4020000 191935
4021000 191924
4022000 191915
4023000 191902
4024000 191891
4025000 191885
4026000 191876
4027000 191864
4028000 191856
4029000 191849
4030000 191916
4031000 191907
4032000 191896
4033000 191886
4034000 191875
4035000 191859
4036000 191846
4037000 191834
4038000 191824
4039000 191813
4040000 191898
4041000 191884
4042000 191873
4043000 191868
4044000 191858
4045000 191849
4046000 191840
4047000 191830
4048000 191821
4049000 191814
4050000 191888
4051000 191878
4052000 191873
4053000 191859
4054000 191854
4055000 191844
4056000 191835
4057000 191828
4058000 191815
4059000 191802
4060000 191883
4061000 191877
4062000 191865
4063000 191854
4064000 191849
4065000 191843
4066000 191833
4067000 191823
4068000 191818
4069000 191809
4070000 191878
4071000 191869
4072000 191861
4073000 191854
4074000 191837
4075000 191828
4076000 191814
4077000 191804
4078000 191786
4079000 191779
4080000 191873
4081000 191853
4082000 191841
4083000 191828
4084000 191821
4085000 191806
4086000 191796
4087000 191788
4088000 191777
4089000 191765
4090000 191845
4091000 191838
4092000 191828
4093000 191815
4094000 191802
4095000 191787
4096000 191779
4097000 191769
4098000 191755
4099000 191743
4100000 191817
4101000 191805
4102000 191793
4103000 191780
4104000 191770
4105000 191764
4106000 191758
4107000 191746
4108000 191733
4109000 191721
4110000 191772
4111000 191764
4112000 191755
4113000 191742
4114000 191736
4115000 191726
4116000 191709
4117000 191699
4118000 191683
4119000 191677
4120000 191738
4121000 191722
4122000 191714
4123000 191703
4124000 191687
4125000 191676
4126000 191669
4127000 191653
4128000 191641
4129000 191632
4130000 191738
4131000 191721
4132000 191713
4133000 191703
4134000 191691
4135000 191682
4136000 191671
4137000 191666
4138000 191657
4139000 191644
4140000 191721
4141000 191712
4142000 191705
4143000 191697
4144000 191687
4145000 191678
4146000 191672
4147000 191659
4148000 191653
4149000 191642
4150000 191714
4151000 191696
4152000 191684
4153000 191664
4154000 191645
4155000 191635
4156000 191623
4157000 191610
4158000 191599
4159000 191584
4160000 191663
4161000 191656
4162000 191645
4163000 191635
4164000 191620
4165000 191615
4166000 191604
4167000 191596
4168000 191584
4169000 191576
4170000 191658
4171000 191650
4172000 191639
4173000 191632
4174000 191626
4175000 191617
4176000 191608
4177000 191595
4178000 191580
4179000 191570
4180000 191650
4181000 191640
4182000 191631
4183000 191621
4184000 191615
4185000 191605
4186000 191591
4187000 191578
4188000 191563
4189000 191551
4190000 191623
4191000 191607
4192000 191599
4193000 191589
4194000 191585
4195000 191574
4196000 191562
4197000 191548
4198000 191541
4199000 191528
4200000 191610
4201000 191604
4202000 191592
4203000 191578
4204000 191571
4205000 191562
4206000 191551
4207000 191540
4208000 191526
4209000 191518
4210000 191593
4211000 191586
4212000 191577
4213000 191566
4214000 191561
4215000 191554
4216000 191541
4217000 191527
4218000 191518
4219000 191508
4220000 191569
4221000 191558
4222000 191546
4223000 191540
4224000 191534
4225000 191524
4226000 191513
4227000 191499
4228000 191483
4229000 191469
4230000 191551
4231000 191533
4232000 191522
4233000 191511
4234000 191502
4235000 191490
4236000 191482
4237000 191471
4238000 191455
4239000 191440
4240000 191498
4241000 191492
4242000 191484
4243000 191473
4244000 191464
4245000 191447
4246000 191444
4247000 191431
4248000 191424
4249000 191409
4250000 191479
4251000 191468
4252000 191456
4253000 191440
4254000 191426
4255000 191414
4256000 191405
4257000 191397
4258000 191387
4259000 191379
4260000 191449
4261000 191435
4262000 191426
4263000 191410
4264000 191399
4265000 191394
4266000 191383
4267000 191374
4268000 191366
4269000 191358
4270000 191426
4271000 191418
4272000 191411
4273000 191401
4274000 191398
4275000 191383
4276000 191374
4277000 191358
4278000 191339
4279000 191326
4280000 191402
4281000 191388
4282000 191379
4283000 191369
4284000 191362
4285000 191341
4286000 191329
4287000 191319
4288000 191313
4289000 191300
4290000 191382
4291000 191373
4292000 191366
4293000 191348
4294000 191336
4295000 191320
4296000 191308
4297000 191299
4298000 191285
4299000 191273
4300000 191337
4301000 191331
4302000 191323
4303000 191317
4304000 191312
4305000 191308
4306000 191299
4307000 191290
4308000 191282
4309000 191276
4310000 191362
4311000 191346
4312000 191334
4313000 191322
4314000 191312
4315000 191301
4316000 191293
4317000 191283
4318000 191273
4319000 191259
4320000 191344
4321000 191334
4322000 191324
4323000 191310
4324000 191301
4325000 191288
4326000 191276
4327000 191266
4328000 191256
4329000 191243
4330000 191345
4331000 191330
4332000 191322
4333000 191313
4334000 191306
4335000 191293
4336000 191285
4337000 191277
4338000 191271
4339000 191258
4340000 191314
4341000 191306
4342000 191298
4343000 191286
4344000 191275
4345000 191269
4346000 191258
4347000 191252
4348000 191243
4349000 191231
4350000 191308
4351000 191295
4352000 191281
4353000 191270
4354000 191253
4355000 191236
4356000 191224
4357000 191212
4358000 191200
4359000 191186
4360000 191265
4361000 191246
4362000 191237
4363000 191224
4364000 191215
4365000 191208
4366000 191197
4367000 191184
4368000 191174
4369000 191165
4370000 191248
4371000 191235
4372000 191226
4373000 191212
4374000 191206
4375000 191193
4376000 191186
4377000 191176
4378000 191166
4379000 191156
4380000 191245
4381000 191236
4382000 191227
4383000 191216
4384000 191201
4385000 191192
4386000 191181
4387000 191169
4388000 191156
4389000 191139
4390000 191204
4391000 191192
4392000 191180
4393000 191163
4394000 191149
4395000 191143
4396000 191141
4397000 191128
4398000 191116
4399000 191104
4400000 191180
4401000 191174
4402000 191166
4403000 191150
4404000 191143
4405000 191133
4406000 191124
4407000 191118
4408000 191112
4409000 191103
4410000 191181
4411000 191172
4412000 191161
4413000 191143
4414000 191136
4415000 191127
4416000 191118
4417000 191104
4418000 191091
4419000 191080
4420000 191168
4421000 191154
4422000 191148
4423000 191137
4424000 191129
4425000 191118
4426000 191108
4427000 191100
4428000 191086
4429000 191078
4430000 191165
4431000 191158
4432000 191151
4433000 191142
4434000 191132
4435000 191118
4436000 191107
4437000 191095
4438000 191087
4439000 191072
4440000 191161
4441000 191149
4442000 191140
4443000 191127
4444000 191118
4445000 191102
4446000 191093
4447000 191082
4448000 191074
4449000 191061
4450000 191125
4451000 191109
4452000 191094
4453000 191080
4454000 191062
4455000 191053
4456000 191039
4457000 191031
4458000 191023
4459000 191015
4460000 191090
4461000 191082
4462000 191073
4463000 191064
4464000 191050
4465000 191034
4466000 191023
4467000 191008
4468000 190997
4469000 190985
4470000 191052
4471000 191039
4472000 191028
4473000 191016
4474000 191006
4475000 190993
4476000 190986
4477000 190969
4478000 190961
4479000 190951
4480000 191032
4481000 191022
4482000 191009
4483000 190999
4484000 190985
4485000 190978
4486000 190964
4487000 190955
4488000 190950
4489000 190939
4490000 191019
4491000 191008
4492000 190996
4493000 190987
4494000 190976
4495000 190965
4496000 190953
4497000 190935
4498000 190916
4499000 190898
4500000 190973
4501000 190962
4502000 190952
4503000 190945
4504000 190934
4505000 190926
4506000 190918
4507000 190908
4508000 190901
4509000 190893
4510000 190983
4511000 190971
4512000 190961
4513000 190950
4514000 190931
4515000 190920
4516000 190912
4517000 190898
4518000 190883
4519000 190876
4520000 190949
4521000 190943
4522000 190928
4523000 190918
4524000 190908
4525000 190900
4526000 190891
4527000 190878
4528000 190870
4529000 190862
4530000 190953
4531000 190949
4532000 190938
4533000 190928
4534000 190922
4535000 190911
4536000 190900
4537000 190884
4538000 190872
4539000 190863
4540000 190931
4541000 190915
4542000 190906
4543000 190900
4544000 190886
4545000 190878
4546000 190866
4547000 190860
4548000 190843
4549000 190834
4550000 190910
4551000 190903
4552000 190893
4553000 190886
4554000 190877
4555000 190869
4556000 190862
4557000 190852
4558000 190842
4559000 190826
4560000 190897
4561000 190886
4562000 190879
4563000 190867
4564000 190855
4565000 190844
4566000 190837
4567000 190817
4568000 190810
4569000 190799
4570000 190866
4571000 190853
4572000 190844
4573000 190837
4574000 190828
4575000 190821
4576000 190810
4577000 190796
4578000 190781
4579000 190771
4580000 190850
4581000 190842
4582000 190835
4583000 190823
4584000 190818
4585000 190811
4586000 190798
4587000 190788
4588000 190777
4589000 190765
4590000 190840
4591000 190831
4592000 190818
4593000 190809
4594000 190800
4595000 190786
4596000 190778
4597000 190763
4598000 190755
4599000 190747
4600000 190818
4601000 190809
4602000 190798
4603000 190789
4604000 190776
4605000 190767
4606000 190757
4607000 190749
4608000 190739
4609000 190725
4610000 190791
4611000 190783
4612000 190771
4613000 190757
4614000 190747
4615000 190737
4616000 190726
4617000 190716
4618000 190708
4619000 190698
4620000 190771
4621000 190761
4622000 190749
4623000 190737
4624000 190727
4625000 190715
4626000 190705
4627000 190694
4628000 190679
4629000 190669
4630000 190740
4631000 190724
4632000 190715
4633000 190704
4634000 190694
4635000 190687
4636000 190683
4637000 190665
4638000 190657
4639000 190647
4640000 190715
4641000 190706
4642000 190693
4643000 190686
4644000 190674
4645000 190668
4646000 190652
4647000 190636
4648000 190624
4649000 190613
4650000 190686
4651000 190676
4652000 190665
4653000 190656
4654000 190646
4655000 190631
4656000 190623
4657000 190617
4658000 190605
4659000 190595
4660000 190666
4661000 190660
4662000 190652
4663000 190645
4664000 190633
4665000 190625
4666000 190606
4667000 190593
4668000 190586
4669000 190574
4670000 190653
4671000 190645
4672000 190631
4673000 190621
4674000 190614
4675000 190603
4676000 190592
4677000 190583
4678000 190573
4679000 190559
4680000 190646
4681000 190637
4682000 190629
4683000 190623
4684000 190614
4685000 190610
4686000 190602
4687000 190591
4688000 190583
4689000 190575
4690000 190668
4691000 190655
4692000 190644
4693000 190630
4694000 190613
4695000 190602
4696000 190590
4697000 190577
4698000 190568
4699000 190557
4700000 190614
4701000 190602
4702000 190598
4703000 190583
4704000 190574
4705000 190560
4706000 190554
4707000 190544
4708000 190536
4709000 190524
4710000 190592
4711000 190584
4712000 190576
4713000 190571
4714000 190565
4715000 190557
4716000 190547
4717000 190538
4718000 190531
4719000 190519
4720000 190595
4721000 190587
4722000 190574
4723000 190558
4724000 190547
4725000 190535
4726000 190526
4727000 190517
4728000 190507
4729000 190499
4730000 190572
4731000 190561
4732000 190552
4733000 190545
4734000 190536
4735000 190523
4736000 190516
4737000 190510
4738000 190504
4739000 190495
4740000 190561
4741000 190551
4742000 190548
4743000 190532
4744000 190520
4745000 190513
4746000 190499
4747000 190489
4748000 190476
4749000 190467
4750000 190561
4751000 190557
4752000 190544
4753000 190530
4754000 190516
4755000 190507
4756000 190501
4757000 190492
4758000 190485
4759000 190471
4760000 190541
4761000 190527
4762000 190514
4763000 190496
4764000 190484
4765000 190475
4766000 190467
4767000 190461
4768000 190451
4769000 190441
4770000 190521
4771000 190506
4772000 190500
4773000 190488
4774000 190474
4775000 190465
4776000 190452
4777000 190443
4778000 190430
4779000 190420
4780000 190515
4781000 190507
4782000 190498
4783000 190481
4784000 190463
4785000 190454
4786000 190448
4787000 190435
4788000 190430
4789000 190419
4790000 190494
4791000 190483
4792000 190470
4793000 190459
4794000 190450
4795000 190436
4796000 190428
4797000 190416
4798000 190407
4799000 190401
4800000 190483
4801000 190471
4802000 190463
4803000 190447
4804000 190438
4805000 190428
4806000 190421
4807000 190409
4808000 190396
4809000 190385
4810000 190464
4811000 190454
4812000 190445
4813000 190436
4814000 190422
4815000 190410
4816000 190398
4817000 190387
4818000 190375
4819000 190369
4820000 190442
4821000 190432
4822000 190419
4823000 190414
4824000 190405
4825000 190398
4826000 190387
4827000 190379
4828000 190373
4829000 190353
4830000 190415
4831000 190405
4832000 190397
4833000 190389
4834000 190379
4835000 190370
4836000 190361
4837000 190348
4838000 190334
4839000 190322
4840000 190396
4841000 190387
4842000 190375
4843000 190369
4844000 190351
4845000 190341
4846000 190328
4847000 190319
4848000 190313
4849000 190303
4850000 190385
4851000 190374
4852000 190363
4853000 190346
4854000 190342
4855000 190335
4856000 190319
4857000 190307
4858000 190292
4859000 190290
4860000 190384
4861000 190372
4862000 190364
4863000 190350
4864000 190342
4865000 190327
4866000 190315
4867000 190308
4868000 190297
4869000 190285
4870000 190352
4871000 190344
4872000 190335
4873000 190326
4874000 190312
4875000 190304
4876000 190290
4877000 190281
4878000 190268
4879000 190259
4880000 190334
4881000 190329
4882000 190320
4883000 190313
4884000 190300
4885000 190291
4886000 190282
4887000 190268
4888000 190258
4889000 190243
4890000 190317
4891000 190304
4892000 190297
4893000 190287
4894000 190275
4895000 190268
4896000 190261
4897000 190254
4898000 190240
4899000 190227
4900000 190310
4901000 190299
4902000 190279
4903000 190272
4904000 190262
4905000 190247
4906000 190235
4907000 190227
4908000 190221
4909000 190211
4910000 190272
4911000 190264
4912000 190253
4913000 190245
4914000 190236
4915000 190222
4916000 190214
4917000 190206
4918000 190202
4919000 190187
4920000 190265
4921000 190252
4922000 190240
4923000 190233
4924000 190222
4925000 190215
4926000 190208
4927000 190202
4928000 190191
4929000 190183
4930000 190270
4931000 190263
4932000 190250
4933000 190240
4934000 190228
4935000 190221
4936000 190212
4937000 190200
4938000 190195
4939000 190185
4940000 190257
4941000 190246
4942000 190238
4943000 190229
4944000 190218
4945000 190212
4946000 190207
4947000 190197
4948000 190180
4949000 190173
4950000 190254
4951000 190244
4952000 190237
4953000 190223
4954000 190215
4955000 190204
4956000 190193
4957000 190184
4958000 190168
4959000 190155
4960000 190235
4961000 190222
4962000 190208
4963000 190194
4964000 190182
4965000 190173
4966000 190165
4967000 190150
4968000 190141
4969000 190133
4970000 190209
4971000 190199
4972000 190190
4973000 190183
4974000 190168
4975000 190149
4976000 190142
4977000 190129
4978000 190115
4979000 190107
4980000 190201
4981000 190189
4982000 190179
4983000 190161
4984000 190152
4985000 190142
4986000 190133
4987000 190123
4988000 190113
4989000 190102
4990000 190180
4991000 190169
4992000 190160
4993000 190150
4994000 190143
4995000 190133
4996000 190125
4997000 190113
4998000 190106
4999000 190099
5000000 190168
5001000 190160
5002000 190145
5003000 190133
5004000 190118
5005000 190110
5006000 190102
5007000 190091
5008000 190081
5009000 190071
5010000 190147
5011000 190138
5012000 190131
5013000 190121
5014000 190108
5015000 190100
5016000 190089
5017000 190073
5018000 190065
5019000 190053
5020000 190134
5021000 190123
5022000 190111
5023000 190104
5024000 190092
5025000 190082
5026000 190071
5027000 190061
5028000 190050
5029000 190041
5030000 190117
5031000 190107
5032000 190097
5033000 190091
5034000 190081
5035000 190070
5036000 190059
5037000 190047
5038000 190034
5039000 190024
5040000 190091
5041000 190078
5042000 190071
5043000 190066
5044000 190050
5045000 190043
5046000 190029
5047000 190020
5048000 190012
5049000 190000
5050000 190098
5051000 190086
5052000 190070
5053000 190062
5054000 190056
5055000 190047
5056000 190037
5057000 190027
5058000 190017
5059000 190006
5060000 190088
5061000 190081
5062000 190077
5063000 190066
5064000 190060
5065000 190045
5066000 190033
5067000 190019
5068000 190005
5069000 189993
5070000 190078
5071000 190070
5072000 190060
5073000 190046
5074000 190036
5075000 190022
5076000 190009
5077000 189996
5078000 189986
5079000 189977
5080000 190054
5081000 190047
5082000 190041
5083000 190028
5084000 190019
5085000 190011
5086000 189994
5087000 189981
5088000 189966
5089000 189959
5090000 190032
5091000 190025
5092000 190017
5093000 189994
5094000 189986
5095000 189975
5096000 189971
5097000 189962
5098000 189950
5099000 189939
5100000 189991
5101000 189979
5102000 189971
5103000 189960
5104000 189946
5105000 189940
5106000 189934
5107000 189929
5108000 189921
5109000 189913
5110000 189998
5111000 189994
5112000 189982
5113000 189967
5114000 189959
5115000 189949
5116000 189939
5117000 189927
5118000 189913
5119000 189903
5120000 189988
5121000 189979
5122000 189964
5123000 189955
5124000 189944
5125000 189935
5126000 189925
5127000 189909
5128000 189900
5129000 189891
5130000 189978
5131000 189967
5132000 189956
5133000 189947
5134000 189937
5135000 189927
5136000 189913
5137000 189901
5138000 189891
5139000 189876
5140000 189950
5141000 189937
5142000 189928
5143000 189914
5144000 189905
5145000 189896
5146000 189884
5147000 189873
5148000 189861
5149000 189849
5150000 189939
5151000 189926
5152000 189918
5153000 189907
5154000 189895
5155000 189884
5156000 189870
5157000 189855
5158000 189845
5159000 189829
5160000 189917
5161000 189907
5162000 189901
5163000 189893
5164000 189877
5165000 189871
5166000 189863
5167000 189848
5168000 189839
5169000 189829
5170000 189902
5171000 189890
5172000 189871
5173000 189859
5174000 189850
5175000 189836
5176000 189823
5177000 189810
5178000 189804
5179000 189794
5180000 189888
5181000 189877
5182000 189866
5183000 189853
5184000 189843
5185000 189833
5186000 189823
5187000 189810
5188000 189800
5189000 189790
5190000 189858
5191000 189845
5192000 189841
5193000 189829
5194000 189819
5195000 189804
5196000 189797
5197000 189790
5198000 189770
5199000 189759
5200000 189850
5201000 189846
5202000 189837
5203000 189828
5204000 189820
5205000 189810
5206000 189802
5207000 189796
5208000 189785
5209000 189775
5210000 189856
5211000 189842
5212000 189834
5213000 189828
5214000 189814
5215000 189804
5216000 189795
5217000 189781
5218000 189771
5219000 189765
5220000 189841
5221000 189832
5222000 189824
5223000 189818
5224000 189806
5225000 189798
5226000 189790
5227000 189780
5228000 189770
5229000 189765
5230000 189838
5231000 189830
5232000 189818
5233000 189809
5234000 189797
5235000 189779
5236000 189771
5237000 189762
5238000 189753
5239000 189738
5240000 189828
5241000 189817
5242000 189809
5243000 189795
5244000 189784
5245000 189775
5246000 189763
5247000 189755
5248000 189742
5249000 189728
5250000 189800
5251000 189795
5252000 189785
5253000 189779
5254000 189772
5255000 189760
5256000 189750
5257000 189740
5258000 189735
5259000 189725
5260000 189824
5261000 189809
5262000 189801
5263000 189784
5264000 189775
5265000 189761
5266000 189752
5267000 189736
5268000 189723
5269000 189709
5270000 189792
5271000 189786
5272000 189771
5273000 189763
5274000 189753
5275000 189738
5276000 189729
5277000 189719
5278000 189710
5279000 189700
5280000 189777
5281000 189771
5282000 189759
5283000 189750
5284000 189728
5285000 189719
5286000 189712
5287000 189707
5288000 189701
5289000 189692
5290000 189779
5291000 189769
5292000 189762
5293000 189746
5294000 189726
5295000 189721
5296000 189712
5297000 189703
5298000 189687
5299000 189674
5300000 189749
5301000 189738
5302000 189721
5303000 189710
5304000 189700
5305000 189692
5306000 189682
5307000 189673
5308000 189666
5309000 189650
5310000 189743
5311000 189734
5312000 189725
5313000 189716
5314000 189705
5315000 189697
5316000 189682
5317000 189670
5318000 189661
5319000 189653
5320000 189741
5321000 189737
5322000 189725
5323000 189717
5324000 189706
5325000 189696
5326000 189688
5327000 189672
5328000 189662
5329000 189651
5330000 189732
5331000 189726
5332000 189720
5333000 189706
5334000 189696
5335000 189684
5336000 189674
5337000 189663
5338000 189652
5339000 189640
5340000 189726
5341000 189716
5342000 189706
5343000 189691
5344000 189680
5345000 189674
5346000 189665
5347000 189657
5348000 189645
5349000 189636
5350000 189707
5351000 189692
5352000 189687
5353000 189678
5354000 189664
5355000 189657
5356000 189644
5357000 189632
5358000 189627
5359000 189619
5360000 189700
5361000 189687
5362000 189674
5363000 189662
5364000 189656
5365000 189648
5366000 189631
5367000 189621
5368000 189616
5369000 189604
5370000 189687
5371000 189670
5372000 189654
5373000 189643
5374000 189633
5375000 189619
5376000 189611
5377000 189598
5378000 189586
5379000 189578
5380000 189660
5381000 189654
5382000 189648
5383000 189639
5384000 189632
5385000 189625
5386000 189614
5387000 189596
5388000 189579
5389000 189567
5390000 189641
5391000 189625
5392000 189617
5393000 189604
5394000 189596
5395000 189580
5396000 189570
5397000 189562
5398000 189553
5399000 189539
5400000 189619
5401000 189610
5402000 189601
5403000 189595
5404000 189584
5405000 189570
5406000 189562
5407000 189552
5408000 189538
5409000 189530
5410000 189609
5411000 189601
5412000 189593
5413000 189586
5414000 189571
5415000 189564
5416000 189559
5417000 189550
5418000 189541
5419000 189530
5420000 189628
5421000 189617
5422000 189609
5423000 189596
5424000 189591
5425000 189580
5426000 189569
5427000 189555
5428000 189544
5429000 189534
5430000 189602
5431000 189592
5432000 189579
5433000 189572
5434000 189561
5435000 189553
5436000 189549
5437000 189540
5438000 189530
5439000 189521
5440000 189596
5441000 189585
5442000 189576
5443000 189565
5444000 189549
5445000 189536
5446000 189532
5447000 189516
5448000 189502
5449000 189490
5450000 189558
5451000 189550
5452000 189542
5453000 189526
5454000 189516
5455000 189508
5456000 189497
5457000 189490
5458000 189476
5459000 189464
5460000 189535
5461000 189527
5462000 189513
5463000 189504
5464000 189490
5465000 189482
5466000 189473
5467000 189464
5468000 189448
5469000 189437
5470000 189502
5471000 189493
5472000 189484
5473000 189475
5474000 189465
5475000 189456
5476000 189442
5477000 189428
5478000 189419
5479000 189408
5480000 189487
5481000 189479
5482000 189468
5483000 189459
5484000 189444
5485000 189437
5486000 189425
5487000 189413
5488000 189396
5489000 189386
5490000 189454
5491000 189441
5492000 189427
5493000 189418
5494000 189406
5495000 189392
5496000 189380
5497000 189368
5498000 189354
5499000 189339
5500000 189412
5501000 189406
5502000 189400
5503000 189394
5504000 189384
5505000 189377
5506000 189366
5507000 189354
5508000 189344
5509000 189333
5510000 189409
5511000 189402
5512000 189390
5513000 189379
5514000 189368
5515000 189361
5516000 189354
5517000 189342
5518000 189337
5519000 189330
5520000 189400
5521000 189389
5522000 189379
5523000 189366
5524000 189355
5525000 189344
5526000 189336
5527000 189326
5528000 189313
5529000 189298
5530000 189378
5531000 189365
5532000 189352
5533000 189346
5534000 189335
5535000 189327
5536000 189313
5537000 189302
5538000 189289
5539000 189277
5540000 189360
5541000 189354
5542000 189340
5543000 189326
5544000 189316
5545000 189304
5546000 189291
5547000 189280
5548000 189267
5549000 189261
5550000 189343
5551000 189333
5552000 189320
5553000 189313
5554000 189303
5555000 189297
5556000 189286
5557000 189275
5558000 189258
5559000 189246
5560000 189330
5561000 189318
5562000 189308
5563000 189304
5564000 189292
5565000 189285
5566000 189270
5567000 189259
5568000 189252
5569000 189241
5570000 189306
5571000 189302
5572000 189288
5573000 189279
5574000 189272
5575000 189265
5576000 189251
5577000 189236
5578000 189224
5579000 189213
5580000 189294
5581000 189283
5582000 189275
5583000 189267
5584000 189256
5585000 189246
5586000 189235
5587000 189222
5588000 189217
5589000 189201
5590000 189287
5591000 189274
5592000 189265
5593000 189257
5594000 189248
5595000 189235
5596000 189221
5597000 189212
5598000 189202
5599000 189192
5600000 189273
5601000 189265
5602000 189255
5603000 189246
5604000 189238
5605000 189230
5606000 189223
5607000 189213
5608000 189200
5609000 189187
5610000 189288
5611000 189284
5612000 189271
5613000 189264
5614000 189251
5615000 189241
5616000 189232
5617000 189221
5618000 189212
5619000 189200
5620000 189294
5621000 189280
5622000 189271
5623000 189260
5624000 189252
5625000 189242
5626000 189233
5627000 189226
5628000 189217
5629000 189210
5630000 189280
5631000 189268
5632000 189264
5633000 189257
5634000 189241
5635000 189233
5636000 189226
5637000 189215
5638000 189206
5639000 189198
5640000 189266
5641000 189254
5642000 189241
5643000 189223
5644000 189213
5645000 189204
5646000 189194
5647000 189182
5648000 189168
5649000 189160
5650000 189252
5651000 189240
5652000 189227
5653000 189210
5654000 189196
5655000 189193
5656000 189182
5657000 189177
5658000 189166
5659000 189158
5660000 189245
5661000 189233
5662000 189218
5663000 189205
5664000 189197
5665000 189177
5666000 189170
5667000 189160
5668000 189153
5669000 189140
5670000 189214
5671000 189197
5672000 189189
5673000 189175
5674000 189163
5675000 189151
5676000 189137
5677000 189126
5678000 189110
5679000 189097
5680000 189177
5681000 189169
5682000 189155
5683000 189146
5684000 189136
5685000 189126
5686000 189112
5687000 189100
5688000 189093
5689000 189084
5690000 189162
5691000 189157
5692000 189145
5693000 189140
5694000 189128
5695000 189111
5696000 189104
5697000 189089
5698000 189081
5699000 189070
5700000 189140
5701000 189132
5702000 189118
5703000 189109
5704000 189096
5705000 189087
5706000 189074
5707000 189067
5708000 189058
5709000 189051
5710000 189146
5711000 189136
5712000 189133
5713000 189121
5714000 189110
5715000 189098
5716000 189083
5717000 189076
5718000 189068
5719000 189056
5720000 189122
5721000 189112
5722000 189100
5723000 189092
5724000 189084
5725000 189072
5726000 189063
5727000 189055
5728000 189048
5729000 189033
5730000 189125
5731000 189110
5732000 189101
5733000 189090
5734000 189079
5735000 189071
5736000 189065
5737000 189055
5738000 189042
5739000 189028
5740000 189100
5741000 189088
5742000 189081
5743000 189073
5744000 189063
5745000 189057
5746000 189046
5747000 189038
5748000 189029
5749000 189015
5750000 189104
5751000 189095
5752000 189086
5753000 189080
5754000 189073
5755000 189060
5756000 189048
5757000 189035
5758000 189025
5759000 189008
5760000 189087
5761000 189079
5762000 189070
5763000 189052
5764000 189038
5765000 189031
5766000 189021
5767000 189009
5768000 188995
5769000 188988
5770000 189065
5771000 189050
5772000 189040
5773000 189027
5774000 189016
5775000 188998
5776000 188986
5777000 188975
5778000 188969
5779000 188961
5780000 189038
5781000 189023
5782000 189015
5783000 189004
5784000 188985
5785000 188973
5786000 188963
5787000 188953
5788000 188944
5789000 188937
5790000 189009
5791000 189001
5792000 188996
5793000 188980
5794000 188971
5795000 188958
5796000 188937
5797000 188930
5798000 188920
5799000 188909
5800000 188988
5801000 188981
5802000 188970
5803000 188958
5804000 188949
5805000 188936
5806000 188923
5807000 188911
5808000 188896
5809000 188891
5810000 188991
5811000 188984
5812000 188973
5813000 188958
5814000 188948
5815000 188937
5816000 188926
5817000 188917
5818000 188906
5819000 188893
5820000 188974
5821000 188968
5822000 188958
5823000 188952
5824000 188933
5825000 188920
5826000 188915
5827000 188908
5828000 188897
5829000 188888
5830000 188969
5831000 188959
5832000 188946
5833000 188939
5834000 188924
5835000 188912
5836000 188902
5837000 188892
5838000 188885
5839000 188878
5840000 188955
5841000 188946
5842000 188936
5843000 188919
5844000 188904
5845000 188895
5846000 188886
5847000 188877
5848000 188866
5849000 188855
5850000 188914
5851000 188896
5852000 188886
5853000 188876
5854000 188867
5855000 188861
5856000 188849
5857000 188832
5858000 188824
5859000 188813
5860000 188897
5861000 188885
5862000 188873
5863000 188857
5864000 188845
5865000 188829
5866000 188820
5867000 188810
5868000 188799
5869000 188781
5870000 188857
5871000 188848
5872000 188837
5873000 188822
5874000 188814
5875000 188804
5876000 188794
5877000 188789
5878000 188781
5879000 188772
5880000 188855
5881000 188844
5882000 188832
5883000 188826
5884000 188822
5885000 188813
5886000 188806
5887000 188798
5888000 188782
5889000 188771
5890000 188860
5891000 188849
5892000 188839
5893000 188833
5894000 188823
5895000 188807
5896000 188792
5897000 188779
5898000 188769
5899000 188760
5900000 188846
5901000 188836
5902000 188830
5903000 188824
5904000 188814
5905000 188806
5906000 188799
5907000 188790
5908000 188779
5909000 188769
5910000 188846
5911000 188835
5912000 188827
5913000 188822
5914000 188815
5915000 188806
5916000 188789
5917000 188775
5918000 188767
5919000 188756
5920000 188845
5921000 188838
5922000 188829
5923000 188822
5924000 188807
5925000 188797
5926000 188784
5927000 188776
5928000 188768
5929000 188759
5930000 188845
5931000 188833
5932000 188820
5933000 188809
5934000 188801
5935000 188790
5936000 188779
5937000 188770
5938000 188762
5939000 188750
5940000 188831
5941000 188823
5942000 188812
5943000 188798
5944000 188791
5945000 188784
5946000 188773
5947000 188758
5948000 188746
5949000 188738
5950000 188824
5951000 188812
5952000 188805
5953000 188797
5954000 188793
5955000 188781
5956000 188774
5957000 188768
5958000 188755
5959000 188745
5960000 188825
5961000 188817
5962000 188805
5963000 188795
5964000 188783
5965000 188770
5966000 188761
5967000 188747
5968000 188737
5969000 188728
5970000 188817
5971000 188809
5972000 188800
5973000 188791
5974000 188785
5975000 188776
5976000 188764
5977000 188755
5978000 188746
5979000 188735
5980000 188826
5981000 188812
5982000 188801
5983000 188791
5984000 188783
5985000 188770
5986000 188758
5987000 188752
5988000 188739
5989000 188729
5990000 188812
5991000 188802
5992000 188789
5993000 188776
5994000 188764
5995000 188753
5996000 188741
5997000 188727
5998000 188713
5999000 188703
6000000 188797
6001000 188788
6002000 188775
6003000 188760
6004000 188746
6005000 188742
6006000 188732
6007000 188722
6008000 188710
6009000 188695
6010000 188791
6011000 188778
6012000 188765
6013000 188752
6014000 188743
6015000 188727
6016000 188724
6017000 188712
6018000 188702
6019000 188691
6020000 188781
6021000 188774
6022000 188765
6023000 188757
6024000 188749
6025000 188738
6026000 188730
6027000 188720
6028000 188706
6029000 188697
6030000 188772
6031000 188761
6032000 188755
6033000 188743
6034000 188732
6035000 188718
6036000 188707
6037000 188699
6038000 188679
6039000 188668
6040000 188761
6041000 188748
6042000 188738
6043000 188727
6044000 188718
6045000 188714
6046000 188704
6047000 188690
6048000 188676
6049000 188664
6050000 188720
6051000 188713
6052000 188700
6053000 188694
6054000 188685
6055000 188672
6056000 188659
6057000 188652
6058000 188638
6059000 188630
6060000 188715
6061000 188707
6062000 188701
6063000 188695
6064000 188685
6065000 188674
6066000 188660
6067000 188654
6068000 188641
6069000 188634
6070000 188711
6071000 188704
6072000 188688
6073000 188670
6074000 188663
6075000 188654
6076000 188633
6077000 188626
6078000 188611
6079000 188598
6080000 188675
6081000 188668
6082000 188661
6083000 188654
6084000 188645
6085000 188632
6086000 188623
6087000 188607
6088000 188589
6089000 188582
6090000 188665
6091000 188652
6092000 188646
6093000 188632
6094000 188625
6095000 188615
6096000 188604
6097000 188597
6098000 188588
6099000 188574
6100000 188649
6101000 188641
6102000 188632
6103000 188627
6104000 188614
6105000 188603
6106000 188588
6107000 188581
6108000 188573
6109000 188561
6110000 188646
6111000 188639
6112000 188633
6113000 188623
6114000 188607
6115000 188598
6116000 188588
6117000 188575
6118000 188562
6119000 188556
6120000 188631
6121000 188623
6122000 188614
6123000 188609
6124000 188596
6125000 188582
6126000 188574
6127000 188562
6128000 188551
6129000 188543
6130000 188618
6131000 188610
6132000 188599
6133000 188590
6134000 188577
6135000 188562
6136000 188556
6137000 188545
6138000 188540
6139000 188526
6140000 188601
6141000 188585
6142000 188580
6143000 188573
6144000 188560
6145000 188551
6146000 188546
6147000 188535
6148000 188526
6149000 188514
6150000 188595
6151000 188587
6152000 188578
6153000 188571
6154000 188560
6155000 188553
6156000 188546
6157000 188535
6158000 188526
6159000 188515
6160000 188589
6161000 188578
6162000 188570
6163000 188557
6164000 188545
6165000 188535
6166000 188528
6167000 188519
6168000 188506
6169000 188496
6170000 188570
6171000 188561
6172000 188552
6173000 188536
6174000 188529
6175000 188517
6176000 188506
6177000 188494
6178000 188485
6179000 188475
6180000 188557
6181000 188550
6182000 188539
6183000 188531
6184000 188519
6185000 188509
6186000 188500
6187000 188492
6188000 188481
6189000 188466
6190000 188548
6191000 188532
6192000 188521
6193000 188507
6194000 188497
6195000 188481
6196000 188468
6197000 188459
6198000 188453
6199000 188436
6200000 188530
6201000 188522
6202000 188517
6203000 188507
6204000 188497
6205000 188489
6206000 188481
6207000 188470
6208000 188459
6209000 188450
6210000 188530
6211000 188519
6212000 188509
6213000 188501
6214000 188489
6215000 188473
6216000 188467
6217000 188463
6218000 188452
6219000 188438
6220000 188514
6221000 188505
6222000 188493
6223000 188483
6224000 188469
6225000 188456
6226000 188449
6227000 188436
6228000 188425
6229000 188415
6230000 188493
6231000 188484
6232000 188481
6233000 188471
6234000 188462
6235000 188454
6236000 188446
6237000 188440
6238000 188428
6239000 188422
6240000 188535
6241000 188527
6242000 188517
6243000 188510
6244000 188500
6245000 188489
6246000 188478
6247000 188467
6248000 188457
6249000 188452
6250000 188524
6251000 188516
6252000 188501
6253000 188489
6254000 188485
6255000 188476
6256000 188463
6257000 188448
6258000 188437
6259000 188425
6260000 188502
6261000 188494
6262000 188490
6263000 188478
6264000 188468
6265000 188461
6266000 188453
6267000 188439
6268000 188428
6269000 188418
6270000 188502
6271000 188490
6272000 188482
6273000 188473
6274000 188463
6275000 188449
6276000 188441
6277000 188432
6278000 188416
6279000 188408
6280000 188490
6281000 188484
6282000 188468
6283000 188457
6284000 188449
6285000 188434
6286000 188422
6287000 188413
6288000 188407
6289000 188396
6290000 188477
6291000 188470
6292000 188464
6293000 188453
6294000 188447
6295000 188438
6296000 188425
6297000 188413
6298000 188406
6299000 188391
6300000 188451
6301000 188443
6302000 188431
6303000 188420
6304000 188406
6305000 188400
6306000 188386
6307000 188381
6308000 188371
6309000 188362
6310000 188465
6311000 188457
6312000 188444
6313000 188431
6314000 188423
6315000 188417
6316000 188409
6317000 188400
6318000 188394
6319000 188385
6320000 188481
6321000 188470
6322000 188462
6323000 188453
6324000 188438
6325000 188424
6326000 188417
6327000 188404
6328000 188391
6329000 188385
6330000 188472
6331000 188467
6332000 188455
6333000 188445
6334000 188432
6335000 188416
6336000 188405
6337000 188393
6338000 188382
6339000 188364
6340000 188446
6341000 188437
6342000 188426
6343000 188414
6344000 188406
6345000 188393
6346000 188385
6347000 188374
6348000 188360
6349000 188351
6350000 188438
6351000 188433
6352000 188419
6353000 188408
6354000 188395
6355000 188387
6356000 188376
6357000 188371
6358000 188360
6359000 188352
6360000 188437
6361000 188425
6362000 188413
6363000 188403
6364000 188394
6365000 188380
6366000 188368
6367000 188363
6368000 188353
6369000 188349
6370000 188429
6371000 188419
6372000 188413
6373000 188400
6374000 188387
6375000 188379
6376000 188369
6377000 188353
6378000 188347
6379000 188340
6380000 188416
6381000 188397
6382000 188393
6383000 188383
6384000 188375
6385000 188367
6386000 188347
6387000 188340
6388000 188334
6389000 188321
6390000 188392
6391000 188384
6392000 188372
6393000 188359
6394000 188353
6395000 188337
6396000 188331
6397000 188323
6398000 188314
6399000 188304
6400000 188378
6401000 188368
6402000 188361
6403000 188353
6404000 188340
6405000 188334
6406000 188325
6407000 188317
6408000 188310
6409000 188303
6410000 188381
6411000 188372
6412000 188359
6413000 188350
6414000 188339
6415000 188332
6416000 188315
6417000 188295
6418000 188286
6419000 188273
6420000 188370
6421000 188367
6422000 188358
6423000 188347
6424000 188339
6425000 188331
6426000 188320
6427000 188312
6428000 188301
6429000 188293
6430000 188367
6431000 188358
6432000 188346
6433000 188340
6434000 188335
6435000 188329
6436000 188317
6437000 188304
6438000 188296
6439000 188284
6440000 188378
6441000 188375
6442000 188370
6443000 188359
6444000 188345
6445000 188333
6446000 188323
6447000 188310
6448000 188304
6449000 188297
6450000 188377
6451000 188361
6452000 188352
6453000 188337
6454000 188324
6455000 188305
6456000 188294
6457000 188285
6458000 188280
