1000   8
2000   3
3000   8
4000   1
5000   7
6000   6
7000   8
8000   3
9000   8
10000   5
11000   7
12000   4
13000   5
14000   5
15000   8
16000   8
17000   5
18000   3
19000   4
20000   8
21000   5
22000   5
23000   4
24000   3
25000   5
26000   4
27000   12
28000   3
29000   7
30000   4
31000   4
32000   5
33000   3
34000   5
35000   4
36000   5
37000   4
38000   5
39000   8
40000   7
41000   11
42000   7
43000   2
44000   6
45000   9
46000   5
47000   12
48000   6
49000   3
50000   7
51000   2
52000   5
53000   12
54000   3
55000   5
56000   7
57000   5
58000   15
59000   4
60000   7
61000   5
62000   9
63000   7
64000   3
65000   7
66000   7
67000   6
68000   7
69000   7
70000   2
71000   6
72000   5
73000   14
74000   6
75000   12
76000   9
77000   7
78000   7
79000   8
80000   7
81000   9
82000   9
83000   14
84000   7
85000   3
86000   6
87000   8
88000   1
89000   12
90000   12
91000   15
92000   2
93000   8
94000   11
95000   3
96000   6
97000   7
98000   14
99000   6
100000   5
101000   2
102000   5
103000   12
104000   7
105000   3
106000   5
107000   9
108000   7
109000   12
110000   7
111000   7
112000   4
113000   5
114000   4
115000   13
116000   9
117000   4
118000   9
119000   8
120000   4
121000   11
122000   13
123000   7
124000   7
125000   3
126000   9
127000   6
128000   11
129000   7
130000   4
131000   9
132000   8
133000   8
134000   8
135000   8
136000   11
137000   9
138000   6
139000   9
140000   5
141000   11
142000   5
143000   6
144000   5
145000   5
146000   9
147000   13
148000   3
149000   8
150000   6
151000   9
152000   11
153000   8
154000   7
155000   8
156000   14
157000   9
158000   5
159000   8
160000   6
161000   11
162000   15
163000   5
164000   12
165000   7
166000   3
167000   3
168000   6
169000   8
170000   8
171000   7
172000   7
173000   5
174000   8
175000   3
176000   7
177000   4
178000   6
179000   9
180000   1
181000   8
182000   3
183000   4
184000   5
185000   3
186000   7
187000   8
188000   5
189000   4
190000   5
191000   11
192000   2
193000   7
194000   7
195000   13
196000   6
197000   6
198000   5
199000   6
200000   2
201000   5
202000   7
203000   3
204000   3
205000   14
206000   6
207000   11
208000   7
209000   5
210000   6
211000   4
212000   9
213000   6
214000   6
215000   4
216000   7
217000   4
218000   6
219000   4
220000   2
221000   5
222000   8
223000   7
224000   11
225000   11
226000   9
227000   4
228000   6
229000   12
230000   6
231000   5
232000   4
233000   6
234000   4
235000   1
236000   4
237000   3
238000   11
239000   9
240000   3
241000   6
242000   5
243000   7
244000   6
245000   5
246000   7
247000   9
248000   2
249000   6
250000   7
251000   3
252000   6
253000   6
254000   8
255000   6
256000   5
257000   2
258000   11
259000   7
260000   4
261000   5
262000   5
263000   5
264000   12
265000   8
266000   11
267000   8
268000   6
269000   8
270000   7
271000   6
272000   7
273000   4
274000   2
275000   8
276000   4
277000   9
278000   6
279000   7
280000   4
281000   5
282000   6
283000   5
284000   9
285000   6
286000   3
287000   8
288000   3
289000   2
290000   6
291000   7
292000   9
293000   13
294000   4
295000   7
296000   6
297000   11
298000   4
299000   7
300000   4
301000   11
302000   11
303000   6
304000   6
305000   8
306000   5
307000   6
308000   3
309000   8
310000   5
311000   4
312000   6
313000   3
314000   8
315000   6
316000   13
317000   12
318000   4
319000   6
320000   7
321000   12
322000   5
323000   5
324000   7
325000   4
326000   7
327000   5
328000   4
329000   4
330000   6
331000   4
332000   4
333000   5
334000   6
335000   6
336000   4
337000   11
338000   8
339000   2
340000   3
341000   3
342000   7
343000   6
344000   8
345000   11
346000   1
347000   8
348000   12
349000   9
350000   5
351000   5
352000   6
353000   5
354000   4
355000   9
356000   4
357000   4
358000   5
359000   4
360000   7
361000   11
362000   7
363000   9
364000   7
365000   3
366000   9
367000   8
368000   3
369000   3
370000   2
371000   2
372000   4
373000   5
374000   7
375000   11
376000   3
377000   7
378000   7
379000   8
380000   12
381000   8
382000   7
383000   7
384000   7
385000   4
386000   6
387000   6
388000   4
389000   3
390000   7
391000   9
392000   2
393000   6
394000   7
395000   6
396000   4
397000   5
398000   3
399000   7
400000   9
401000   3
402000   3
403000   4
404000   2
405000   2
406000   8
407000   8
408000   7
409000   9
410000   4
411000   9
412000   6
413000   0
414000   12
415000   2
416000   1
417000   6
418000   8
419000   4
420000   5
421000   5
422000   5
423000   9
424000   11
425000   3
426000   4
427000   5
428000   6
429000   3
430000   4
431000   4
432000   0
433000   3
434000   6
435000   4
436000   4
437000   4
438000   11
439000   6
440000   6
441000   6
442000   5
443000   5
444000   7
445000   7
446000   3
447000   3
448000   6
449000   6
450000   4
451000   7
452000   5
453000   5
454000   7
455000   9
456000   2
457000   7
458000   6
459000   7
460000   11
461000   6
462000   4
463000   4
464000   2
465000   5
466000   7
467000   8
468000   13
469000   7
470000   6
471000   4
472000   5
473000   4
474000   17
475000   5
476000   6
477000   6
478000   1
479000   4
480000   7
481000   5
482000   4
483000   4
484000   9
485000   5
486000   3
487000   6
488000   6
489000   5
490000   2
491000   5
492000   7
493000   3
494000   4
495000   7
496000   7
497000   6
498000   2
499000   6
500000   6
501000   4
502000   6
503000   8
504000   6
505000   6
506000   1
507000   6
508000   5
509000   5
510000   6
511000   5
512000   2
513000   7
514000   8
515000   6
516000   7
517000   3
518000   4
519000   6
520000   5
521000   4
522000   3
523000   8
524000   6
525000   5
526000   12
527000   2
528000   5
529000   12
530000   7
531000   9
532000   4
533000   1
534000   4
535000   4
536000   6
537000   6
538000   4
539000   7
540000   9
541000   7
542000   5
543000   1
544000   1
545000   6
546000   2
547000   6
548000   3
549000   2
550000   2
551000   5
552000   7
553000   4
554000   7
555000   7
556000   7
557000   11
558000   8
559000   4
560000   6
561000   1
562000   8
563000   4
564000   3
565000   5
566000   4
567000   4
568000   9
569000   6
570000   3
571000   4
572000   7
573000   9
574000   6
575000   4
576000   1
577000   4
578000   4
579000   6
580000   6
581000   3
582000   5
583000   8
584000   7
585000   9
586000   9
587000   5
588000   13
589000   4
590000   5
591000   3
592000   5
593000   9
594000   4
595000   6
596000   4
597000   3
598000   3
599000   3
600000   2
601000   7
602000   4
603000   7
604000   5
605000   3
606000   6
607000   4
608000   5
609000   4
610000   4
611000   13
612000   4
613000   4
614000   6
615000   2
616000   5
617000   6
618000   4
619000   8
620000   3
621000   4
622000   6
623000   8
624000   2
625000   5
626000   3
627000   8
628000   4
629000   3
630000   5
631000   5
632000   6
633000   6
634000   4
635000   4
636000   6
637000   6
638000   8
639000   4
640000   2
641000   7
642000   4
643000   3
644000   6
645000   9
646000   7
647000   6
648000   3
649000   5
650000   5
651000   5
652000   5
653000   4
654000   3
655000   8
656000   5
657000   2
658000   6
659000   5
660000   6
661000   3
662000   8
663000   6
664000   9
665000   5
666000   6
667000   5
668000   8
669000   5
670000   9
671000   8
672000   9
673000   6
674000   5
675000   5
676000   6
677000   5
678000   3
679000   4
680000   5
681000   6
682000   5
683000   9
684000   5
685000   1
686000   14
687000   2
688000   11
689000   7
690000   7
691000   5
692000   7
693000   3
694000   4
695000   5
696000   4
697000   4
698000   4
699000   4
700000   3
701000   12
702000   11
703000   3
704000   8
705000   4
706000   5
707000   5
708000   5
709000   8
710000   5
711000   4
712000   7
713000   2
714000   3
715000   5
716000   3
717000   5
718000   5
719000   3
720000   7
721000   4
722000   2
723000   5
724000   6
725000   6
726000   2
727000   5
728000   5
729000   5
730000   5
731000   6
732000   6
733000   7
734000   5
735000   7
736000   6
737000   7
738000   5
739000   1
740000   5
741000   6
742000   6
743000   4
744000   6
745000   3
746000   5
747000   2
748000   7
749000   7
750000   9
751000   5
752000   5
753000   6
754000   4
755000   7
756000   5
757000   8
758000   9
759000   6
760000   8
761000   4
762000   4
763000   3
764000   6
765000   8
766000   3
767000   6
768000   5
769000   4
770000   8
771000   4
772000   2
773000   4
774000   3
775000   1
776000   6
777000   7
778000   2
779000   5
780000   8
781000   8
782000   4
783000   2
784000   8
785000   6
786000   7
787000   5
788000   5
789000   4
790000   4
791000   6
792000   4
793000   3
794000   9
795000   5
796000   3
797000   8
798000   4
799000   9
800000   1
801000   4
802000   5
803000   2
804000   5
805000   6
806000   5
807000   1
808000   7
809000   7
810000   5
811000   2
812000   8
813000   7
814000   4
815000   2
816000   7
817000   2
818000   5
819000   6
820000   6
821000   5
822000   1
823000   7
824000   2
825000   7
826000   8
827000   5
828000   7
829000   3
830000   1
831000   11
832000   6
833000   2
834000   6
835000   7
836000   6
837000   3
838000   12
839000   3
840000   5
841000   7
842000   6
843000   9
844000   4
845000   5
846000   3
847000   7
848000   3
849000   7
850000   6
851000   6
852000   4
853000   4
854000   4
855000   7
856000   8
857000   1
858000   6
859000   8
860000   3
861000   4
862000   5
863000   3
864000   5
865000   4
866000   3
867000   6
868000   6
869000   7
870000   5
871000   8
872000   4
873000   4
874000   1
875000   12
876000   3
877000   3
878000   4
879000   7
880000   4
881000   7
882000   3
883000   5
884000   5
885000   4
886000   7
887000   6
888000   5
889000   6
890000   6
891000   4
892000   9
893000   5
894000   3
895000   6
896000   7
897000   6
898000   2
899000   3
900000   4
901000   6
902000   7
903000   2
904000   3
905000   5
906000   2
907000   4
908000   7
909000   1
910000   4
911000   2
912000   11
913000   5
914000   4
915000   5
916000   7
917000   5
918000   3
919000   1
920000   7
921000   3
922000   7
923000   2
924000   2
925000   4
926000   5
927000   3
928000   1
929000   2
930000   9
931000   4
932000   3
933000   9
934000   4
935000   6
936000   4
937000   4
938000   3
939000   4
940000   4
941000   9
942000   4
943000   6
944000   6
945000   1
946000   2
947000   6
948000   9
949000   1
950000   4
951000   8
952000   7
953000   6
954000   6
955000   4
956000   2
957000   4
958000   5
959000   4
960000   5
961000   3
962000   5
963000   6
964000   5
965000   8
966000   5
967000   9
968000   4
969000   13
970000   8
971000   9
972000   5
973000   8
974000   2
975000   2
976000   7
977000   11
978000   4
979000   3
980000   5
981000   4
982000   3
983000   9
984000   9
985000   4
986000   4
987000   8
988000   4
989000   3
990000   6
991000   3
992000   8
993000   4
994000   2
995000   5
996000   7
997000   7
998000   6
999000   7
1000000   4
1001000   4
1002000   4
1003000   4
1004000   2
1005000   5
1006000   4
1007000   4
1008000   1
1009000   1
1010000   6
1011000   2
1012000   4
1013000   5
1014000   4
1015000   4
1016000   3
1017000   4
1018000   3
1019000   9
1020000   4
1021000   3
1022000   7
1023000   7
1024000   6
1025000   7
1026000   5
1027000   4
1028000   2
1029000   2
1030000   7
1031000   7
1032000   6
1033000   7
1034000   4
1035000   5
1036000   4
1037000   5
1038000   6
1039000   7
1040000   3
1041000   7
1042000   4
1043000   4
1044000   3
1045000   5
1046000   5
1047000   1
1048000   7
1049000   7
1050000   2
1051000   9
1052000   6
1053000   6
1054000   2
1055000   8
1056000   4
1057000   6
1058000   4
1059000   4
1060000   4
1061000   9
1062000   6
1063000   3
1064000   4
1065000   9
1066000   5
1067000   5
1068000   5
1069000   4
1070000   5
1071000   6
1072000   5
1073000   7
1074000   5
1075000   4
1076000   4
1077000   2
1078000   4
1079000   7
1080000   4
1081000   7
1082000   12
1083000   4
1084000   3
1085000   9
1086000   4
1087000   6
1088000   8
1089000   5
1090000   1
1091000   6
1092000   9
1093000   2
1094000   7
1095000   2
1096000   3
1097000   5
1098000   6
1099000   2
1100000   7
1101000   4
1102000   1
1103000   3
1104000   6
1105000   5
1106000   5
1107000   4
1108000   4
1109000   7
1110000   2
1111000   3
1112000   11
1113000   3
1114000   6
1115000   5
1116000   8
1117000   4
1118000   2
1119000   7
1120000   4
1121000   3
1122000   4
1123000   5
1124000   3
1125000   6
1126000   2
1127000   6
1128000   5
1129000   5
1130000   8
1131000   7
1132000   2
1133000   5
1134000   5
1135000   8
1136000   4
1137000   11
1138000   5
1139000   3
1140000   7
1141000   4
1142000   3
1143000   5
1144000   6
1145000   6
1146000   3
1147000   4
1148000   3
1149000   5
1150000   2
1151000   3
1152000   5
1153000   8
1154000   2
1155000   4
1156000   4
1157000   6
1158000   6
1159000   2
1160000   6
1161000   4
1162000   7
1163000   8
1164000   5
1165000   2
1166000   5
1167000   3
1168000   7
1169000   1
1170000   3
1171000   3
1172000   4
1173000   4
1174000   8
1175000   3
1176000   5
1177000   1
1178000   5
1179000   2
1180000   6
1181000   9
1182000   3
1183000   3
1184000   7
1185000   2
1186000   6
1187000   7
1188000   6
1189000   7
1190000   6
1191000   8
1192000   5
1193000   8
1194000   5
1195000   4
1196000   6
1197000   5
1198000   6
1199000   4
1200000   12
1201000   5
1202000   7
1203000   4
1204000   4
1205000   5
1206000   4
1207000   3
1208000   1
1209000   2
1210000   1
1211000   4
1212000   7
1213000   7
1214000   8
1215000   11
1216000   3
1217000   7
1218000   11
1219000   6
1220000   4
1221000   6
1222000   9
1223000   3
1224000   5
1225000   5
1226000   7
1227000   3
1228000   6
1229000   6
1230000   4
1231000   4
1232000   5
1233000   4
1234000   3
1235000   6
1236000   3
1237000   3
1238000   5
1239000   3
1240000   4
1241000   3
1242000   6
1243000   5
1244000   5
1245000   7
1246000   6
1247000   7
1248000   5
1249000   6
1250000   6
1251000   4
1252000   7
1253000   2
1254000   4
1255000   2
1256000   11
1257000   3
1258000   5
1259000   7
1260000   6
1261000   4
1262000   8
1263000   7
1264000   3
1265000   4
1266000   6
1267000   5
1268000   3
1269000   6
1270000   6
1271000   3
1272000   6
1273000   8
1274000   6
1275000   6
1276000   6
1277000   5
1278000   6
1279000   3
1280000   6
1281000   5
1282000   6
1283000   4
1284000   6
1285000   2
1286000   4
1287000   4
1288000   6
1289000   4
1290000   5
1291000   8
1292000   5
1293000   2
1294000   7
1295000   2
1296000   3
1297000   2
1298000   3
1299000   5
1300000   2
1301000   1
1302000   7
1303000   1
1304000   5
1305000   6
1306000   5
1307000   1
1308000   5
1309000   2
1310000   6
1311000   6
1312000   4
1313000   5
1314000   2
1315000   0
1316000   4
1317000   5
1318000   6
1319000   2
1320000   3
1321000   7
1322000   3
1323000   13
1324000   3
1325000   3
1326000   8
1327000   3
1328000   6
1329000   4
1330000   7
1331000   4
1332000   7
1333000   5
1334000   3
1335000   5
1336000   8
1337000   6
1338000   5
1339000   3
1340000   4
1341000   8
1342000   8
1343000   2
1344000   3
1345000   4
1346000   1
1347000   3
1348000   7
1349000   7
1350000   4
1351000   2
1352000   2
1353000   1
1354000   6
1355000   3
1356000   3
1357000   5
1358000   6
1359000   8
1360000   5
1361000   5
1362000   7
1363000   3
1364000   7
1365000   7
1366000   4
1367000   7
1368000   2
1369000   9
1370000   6
1371000   3
1372000   5
1373000   12
1374000   5
1375000   2
1376000   6
1377000   7
1378000   4
1379000   8
1380000   5
1381000   4
1382000   3
1383000   4
1384000   8
1385000   6
1386000   3
1387000   6
1388000   5
1389000   3
1390000   5
1391000   6
1392000   7
1393000   6
1394000   6
1395000   2
1396000   3
1397000   9
1398000   2
1399000   9
1400000   3
1401000   7
1402000   4
1403000   6
1404000   2
1405000   4
1406000   5
1407000   7
1408000   3
1409000   3
1410000   8
1411000   4
1412000   2
1413000   3
1414000   3
1415000   6
1416000   6
1417000   4
1418000   4
1419000   3
1420000   0
1421000   6
1422000   4
1423000   8
1424000   6
1425000   5
1426000   8
1427000   3
1428000   3
1429000   3
1430000   5
1431000   8
1432000   2
1433000   3
1434000   5
1435000   3
1436000   1
1437000   6
1438000   7
1439000   7
1440000   6
1441000   8
1442000   6
1443000   3
1444000   9
1445000   7
1446000   6
1447000   3
1448000   3
1449000   2
1450000   4
1451000   8
1452000   5
1453000   8
1454000   7
1455000   9
1456000   3
1457000   14
1458000   3
1459000   6
1460000   8
1461000   5
1462000   6
1463000   4
1464000   3
1465000   4
1466000   6
1467000   6
1468000   4
1469000   4
1470000   5
1471000   5
1472000   2
1473000   7
1474000   1
1475000   11
1476000   5
1477000   2
1478000   4
1479000   8
1480000   7
1481000   4
1482000   5
1483000   8
1484000   5
1485000   3
1486000   3
1487000   11
1488000   2
1489000   7
1490000   4
1491000   8
1492000   4
1493000   4
1494000   6
1495000   3
1496000   7
1497000   6
1498000   4
1499000   4
1500000   5
1501000   5
1502000   8
1503000   6
1504000   6
1505000   9
1506000   6
1507000   3
1508000   8
1509000   7
1510000   9
1511000   6
1512000   8
1513000   3
1514000   3
1515000   8
1516000   1
1517000   5
1518000   5
1519000   4
1520000   8
1521000   8
1522000   1
1523000   3
1524000   3
1525000   5
1526000   4
1527000   5
1528000   5
1529000   6
1530000   4
1531000   4
1532000   8
1533000   6
1534000   7
1535000   3
1536000   11
1537000   6
1538000   6
1539000   6
1540000   8
1541000   4
1542000   6
1543000   3
1544000   2
1545000   3
1546000   4
1547000   4
1548000   2
1549000   4
1550000   5
1551000   4
1552000   0
1553000   2
1554000   4
1555000   8
1556000   3
1557000   2
1558000   9
1559000   4
1560000   3
1561000   5
1562000   3
1563000   2
1564000   5
1565000   5
1566000   4
1567000   7
1568000   4
1569000   6
1570000   6
1571000   3
1572000   13
1573000   6
1574000   5
1575000   3
1576000   8
1577000   5
1578000   11
1579000   3
1580000   9
1581000   5
1582000   6
1583000   6
1584000   4
1585000   13
1586000   6
1587000   8
1588000   5
1589000   5
1590000   8
1591000   7
1592000   7
1593000   7
1594000   7
1595000   4
1596000   9
1597000   6
1598000   5
1599000   5
1600000   5
1601000   3
1602000   8
1603000   7
1604000   1
1605000   5
1606000   5
1607000   3
1608000   5
1609000   7
1610000   3
1611000   5
1612000   5
1613000   6
1614000   4
1615000   11
1616000   4
1617000   3
1618000   6
1619000   7
1620000   3
1621000   4
1622000   9
1623000   3
1624000   3
1625000   4
1626000   7
1627000   6
1628000   11
1629000   6
1630000   6
1631000   6
1632000   8
1633000   2
1634000   8
1635000   6
1636000   3
1637000   6
1638000   5
1639000   8
1640000   6
1641000   3
1642000   6
1643000   5
1644000   6
1645000   1
1646000   8
1647000   4
1648000   7
1649000   4
1650000   7
1651000   8
1652000   3
1653000   7
1654000   4
1655000   5
1656000   6
1657000   1
1658000   9
1659000   9
1660000   4
1661000   7
1662000   4
1663000   3
1664000   8
1665000   5
1666000   2
1667000   6
1668000   3
1669000   2
1670000   5
1671000   8
1672000   5
1673000   3
1674000   4
1675000   6
1676000   3
1677000   5
1678000   3
1679000   8
1680000   6
1681000   3
1682000   11
1683000   9
1684000   4
1685000   4
1686000   2
1687000   14
1688000   4
1689000   7
1690000   4
1691000   5
1692000   7
1693000   3
1694000   2
1695000   6
1696000   4
1697000   6
1698000   4
1699000   2
1700000   7
1701000   9
1702000   3
1703000   6
1704000   6
1705000   1
1706000   5
1707000   3
1708000   5
1709000   6
1710000   5
1711000   4
1712000   4
1713000   5
1714000   4
1715000   6
1716000   6
1717000   5
1718000   9
1719000   3
1720000   4
1721000   5
1722000   9
1723000   2
1724000   4
1725000   3
1726000   3
1727000   8
1728000   7
1729000   6
1730000   2
1731000   2
1732000   6
1733000   9
1734000   5
1735000   6
1736000   5
1737000   3
1738000   9
1739000   8
1740000   5
1741000   6
1742000   8
1743000   5
1744000   0
1745000   0
1746000   3
1747000   13
1748000   1
1749000   5
1750000   8
1751000   7
1752000   4
1753000   3
1754000   1
1755000   7
1756000   4
1757000   3
1758000   6
1759000   4
1760000   6
1761000   3
1762000   11
1763000   1
1764000   1
1765000   6
1766000   3
1767000   2
1768000   6
1769000   5
1770000   3
1771000   7
1772000   4
1773000   9
1774000   5
1775000   5
1776000   5
1777000   2
1778000   6
1779000   13
1780000   5
1781000   6
1782000   2
1783000   3
1784000   9
1785000   5
1786000   2
1787000   4
1788000   2
1789000   3
1790000   5
1791000   3
1792000   6
1793000   4
1794000   4
1795000   4
1796000   6
1797000   4
1798000   8
1799000   8
1800000   5
1801000   1
1802000   2
1803000   8
1804000   2
1805000   5
1806000   8
1807000   3
1808000   6
1809000   8
1810000   3
1811000   9
1812000   1
1813000   6
1814000   7
1815000   4
1816000   9
1817000   9
1818000   9
1819000   6
1820000   4
1821000   3
1822000   3
1823000   13
1824000   6
1825000   5
1826000   3
1827000   4
1828000   11
1829000   6
1830000   4
1831000   5
1832000   6
1833000   5
1834000   8
1835000   1
1836000   12
1837000   4
1838000   5
1839000   6
1840000   1
1841000   8
1842000   8
1843000   6
1844000   4
1845000   5
1846000   5
1847000   6
1848000   4
1849000   3
1850000   7
1851000   5
1852000   9
1853000   2
1854000   1
1855000   8
1856000   7
1857000   5
1858000   3
1859000   5
1860000   7
1861000   4
1862000   3
1863000   2
1864000   8
1865000   5
1866000   3
1867000   6
1868000   7
1869000   3
1870000   4
1871000   2
1872000   15
1873000   6
1874000   4
1875000   7
1876000   4
1877000   3
1878000   7
1879000   7
1880000   6
1881000   4
1882000   1
1883000   6
1884000   3
1885000   3
1886000   1
1887000   5
1888000   2
1889000   11
1890000   4
1891000   4
1892000   4
1893000   6
1894000   4
1895000   2
1896000   6
1897000   9
1898000   7
1899000   5
1900000   8
1901000   4
1902000   5
1903000   5
1904000   2
1905000   11
1906000   8
1907000   6
1908000   1
1909000   6
1910000   2
1911000   7
1912000   5
1913000   7
1914000   4
1915000   4
1916000   2
1917000   6
1918000   6
1919000   4
1920000   1
1921000   4
1922000   5
1923000   6
1924000   3
1925000   6
1926000   4
1927000   6
1928000   6
1929000   4
1930000   2
1931000   6
1932000   5
1933000   4
1934000   8
1935000   7
1936000   5
1937000   4
1938000   2
1939000   3
1940000   9
1941000   3
1942000   3
1943000   4
1944000   4
1945000   4
1946000   5
1947000   5
1948000   5
1949000   7
1950000   8
1951000   4
1952000   5
1953000   4
1954000   5
1955000   9
1956000   5
1957000   5
1958000   5
1959000   4
1960000   4
1961000   4
1962000   8
1963000   4
1964000   5
1965000   7
1966000   3
1967000   8
1968000   7
1969000   7
1970000   11
1971000   3
1972000   5
1973000   6
1974000   8
1975000   6
1976000   6
1977000   4
1978000   8
1979000   1
1980000   5
1981000   3
1982000   4
1983000   4
1984000   7
1985000   7
1986000   3
1987000   4
1988000   3
1989000   9
1990000   7
1991000   7
1992000   7
1993000   6
1994000   3
1995000   4
1996000   2
1997000   5
1998000   6
1999000   5
2000000   4
2001000   5
2002000   7
2003000   3
2004000   4
2005000   6
2006000   7
2007000   3
2008000   2
2009000   7
2010000   7
2011000   4
2012000   3
2013000   5
2014000   4
2015000   7
2016000   9
2017000   5
2018000   5
2019000   3
2020000   4
2021000   4
2022000   12
2023000   7
2024000   5
2025000   5
2026000   4
2027000   6
2028000   5
2029000   7
2030000   9
2031000   7
2032000   3
2033000   5
2034000   9
2035000   4
2036000   6
2037000   6
2038000   7
2039000   3
2040000   4
2041000   4
2042000   4
2043000   8
2044000   4
2045000   4
2046000   6
2047000   6
2048000   12
2049000   5
2050000   0
2051000   6
2052000   4
2053000   4
2054000   7
2055000   8
2056000   5
2057000   2
2058000   5
2059000   3
2060000   5
2061000   7
2062000   8
2063000   1
2064000   8
2065000   4
2066000   2
2067000   2
2068000   6
2069000   3
2070000   5
2071000   9
2072000   4
2073000   4
2074000   3
2075000   8
2076000   7
2077000   5
2078000   6
2079000   3
2080000   3
2081000   4
2082000   7
2083000   4
2084000   3
2085000   6
2086000   4
2087000   6
2088000   5
2089000   4
2090000   5
2091000   11
2092000   8
2093000   4
2094000   5
2095000   2
2096000   8
2097000   6
2098000   4
2099000   5
2100000   5
2101000   4
2102000   6
2103000   5
2104000   3
2105000   9
2106000   5
2107000   3
2108000   6
2109000   7
2110000   6
2111000   2
2112000   6
2113000   5
2114000   7
2115000   3
2116000   4
2117000   5
2118000   2
2119000   3
2120000   4
2121000   7
2122000   8
2123000   2
2124000   11
2125000   5
2126000   6
2127000   3
2128000   6
2129000   5
2130000   3
2131000   8
2132000   5
2133000   5
2134000   2
2135000   0
2136000   5
2137000   4
2138000   8
2139000   4
2140000   4
2141000   7
2142000   3
2143000   4
2144000   5
2145000   5
2146000   4
2147000   7
2148000   3
2149000   4
2150000   4
2151000   8
2152000   5
2153000   4
2154000   4
2155000   7
2156000   5
2157000   3
2158000   5
2159000   3
2160000   5
2161000   7
2162000   2
2163000   6
2164000   4
2165000   3
2166000   7
2167000   3
2168000   5
2169000   4
2170000   7
2171000   4
2172000   5
2173000   9
2174000   3
2175000   7
2176000   9
2177000   4
2178000   5
2179000   7
2180000   6
2181000   2
2182000   5
2183000   5
2184000   3
2185000   5
2186000   7
2187000   6
2188000   6
2189000   7
2190000   6
2191000   8
2192000   3
2193000   7
2194000   7
2195000   2
2196000   7
2197000   7
2198000   7
2199000   6
2200000   4
2201000   3
2202000   2
2203000   5
2204000   2
2205000   5
2206000   5
2207000   11
2208000   6
2209000   1
2210000   5
2211000   3
2212000   5
2213000   5
2214000   2
2215000   4
2216000   6
2217000   7
2218000   4
2219000   3
2220000   5
2221000   12
2222000   3
2223000   4
2224000   5
2225000   2
2226000   8
2227000   9
2228000   5
2229000   4
2230000   5
2231000   4
2232000   3
2233000   8
2234000   8
2235000   4
2236000   8
2237000   5
2238000   5
2239000   4
2240000   4
2241000   2
2242000   6
2243000   1
2244000   5
2245000   8
2246000   5
2247000   3
2248000   5
2249000   6
2250000   6
2251000   8
2252000   6
2253000   7
2254000   6
2255000   6
2256000   5
2257000   8
2258000   8
2259000   3
2260000   5
2261000   9
2262000   4
2263000   8
2264000   4
2265000   8
2266000   2
2267000   7
2268000   5
2269000   7
2270000   6
2271000   3
2272000   4
2273000   5
2274000   1
2275000   5
2276000   2
2277000   4
2278000   6
2279000   5
2280000   9
2281000   5
2282000   1
2283000   5
2284000   3
2285000   3
2286000   1
2287000   6
2288000   6
2289000   3
2290000   5
2291000   5
2292000   9
2293000   7
2294000   7
2295000   12
2296000   5
2297000   5
2298000   5
2299000   3
2300000   5
2301000   7
2302000   4
2303000   5
2304000   2
2305000   4
2306000   3
2307000   4
2308000   4
2309000   3
2310000   6
2311000   1
2312000   5
2313000   4
2314000   5
2315000   6
2316000   6
2317000   6
2318000   9
2319000   6
2320000   3
2321000   3
2322000   7
2323000   4
2324000   8
2325000   14
2326000   2
2327000   5
2328000   3
2329000   3
2330000   4
2331000   4
2332000   1
2333000   8
2334000   8
2335000   1
2336000   7
2337000   2
2338000   5
2339000   6
2340000   7
2341000   7
2342000   5
2343000   5
2344000   4
2345000   11
2346000   6
2347000   2
2348000   4
2349000   8
2350000   7
2351000   6
2352000   11
2353000   5
2354000   3
2355000   2
2356000   4
2357000   9
2358000   6
2359000   3
2360000   8
2361000   3
2362000   3
2363000   7
2364000   8
2365000   4
2366000   5
2367000   8
2368000   6
2369000   11
2370000   9
2371000   9
2372000   5
2373000   7
2374000   2
2375000   4
2376000   4
2377000   3
2378000   7
2379000   8
2380000   5
2381000   5
2382000   3
2383000   6
2384000   4
2385000   4
2386000   13
2387000   8
2388000   6
2389000   5
2390000   5
2391000   3
2392000   7
2393000   6
2394000   5
2395000   4
2396000   2
2397000   3
2398000   1
2399000   2
2400000   5
2401000   2
2402000   3
2403000   2
2404000   3
2405000   4
2406000   3
2407000   4
2408000   9
2409000   6
2410000   2
2411000   9
2412000   8
2413000   4
2414000   5
2415000   8
2416000   2
2417000   6
2418000   2
2419000   3
2420000   6
2421000   5
2422000   2
2423000   4
2424000   6
2425000   2
2426000   6
2427000   7
2428000   5
2429000   6
2430000   3
2431000   3
2432000   3
2433000   6
2434000   3
2435000   11
2436000   7
2437000   8
2438000   9
2439000   4
2440000   2
2441000   3
2442000   6
2443000   4
2444000   5
2445000   5
2446000   4
2447000   9
2448000   8
2449000   5
2450000   7
2451000   3
2452000   4
2453000   6
2454000   4
2455000   7
2456000   5
2457000   4
2458000   3
2459000   5
2460000   4
2461000   7
2462000   5
2463000   2
2464000   5
2465000   4
2466000   5
2467000   4
2468000   7
2469000   3
2470000   7
2471000   5
2472000   1
2473000   5
2474000   8
2475000   4
2476000   5
2477000   4
2478000   4
2479000   7
2480000   6
2481000   2
2482000   5
2483000   6
2484000   5
2485000   6
2486000   5
2487000   5
2488000   5
2489000   6
2490000   9
2491000   1
2492000   11
2493000   6
2494000   6
2495000   5
2496000   11
2497000   5
2498000   4
2499000   8
2500000   5
2501000   3
2502000   8
2503000   7
2504000   4
2505000   8
2506000   6
2507000   4
2508000   9
2509000   3
2510000   3
2511000   7
2512000   7
2513000   8
2514000   6
2515000   4
2516000   2
2517000   3
2518000   4
2519000   2
2520000   8
2521000   5
2522000   4
2523000   6
2524000   6
2525000   8
2526000   4
2527000   8
2528000   5
2529000   8
2530000   1
2531000   5
2532000   8
2533000   6
2534000   6
2535000   8
2536000   5
2537000   3
2538000   5
2539000   2
2540000   6
2541000   6
2542000   6
2543000   4
2544000   1
2545000   7
2546000   7
2547000   5
2548000   3
2549000   3
2550000   6
2551000   2
2552000   12
2553000   6
2554000   4
2555000   5
2556000   7
2557000   4
2558000   1
2559000   6
2560000   2
2561000   5
2562000   3
2563000   5
2564000   7
2565000   6
2566000   7
2567000   9
2568000   9
2569000   4
2570000   8
2571000   4
2572000   1
2573000   3
2574000   5
2575000   4
2576000   2
2577000   3
2578000   0
2579000   4
2580000   4
2581000   3
2582000   6
2583000   6
2584000   6
2585000   6
2586000   5
2587000   7
2588000   6
2589000   7
2590000   1
2591000   3
2592000   6
2593000   4
2594000   8
2595000   4
2596000   4
2597000   5
2598000   6
2599000   3
2600000   6
2601000   3
2602000   8
2603000   1
2604000   8
2605000   4
2606000   9
2607000   3
2608000   7
2609000   5
2610000   6
2611000   6
2612000   2
2613000   7
2614000   6
2615000   6
2616000   6
2617000   5
2618000   2
2619000   5
2620000   3
2621000   5
2622000   2
2623000   5
2624000   9
2625000   6
2626000   4
2627000   9
2628000   5
2629000   6
2630000   3
2631000   11
2632000   4
2633000   5
2634000   4
2635000   3
2636000   5
2637000   5
2638000   5
2639000   5
2640000   2
2641000   3
2642000   7
2643000   7
2644000   2
2645000   6
2646000   5
2647000   3
2648000   9
2649000   2
2650000   6
2651000   2
2652000   2
2653000   0
2654000   2
2655000   2
2656000   11
2657000   7
2658000   4
2659000   5
2660000   6
2661000   1
2662000   8
2663000   3
2664000   8
2665000   8
2666000   6
2667000   8
2668000   2
2669000   2
2670000   4
2671000   9
2672000   7
2673000   2
2674000   9
2675000   2
2676000   7
2677000   7
2678000   4
2679000   6
2680000   4
2681000   5
2682000   3
2683000   6
2684000   6
2685000   3
2686000   4
2687000   8
2688000   5
2689000   8
2690000   4
2691000   5
2692000   6
2693000   8
2694000   1
2695000   5
2696000   3
2697000   7
2698000   3
2699000   5
2700000   5
2701000   3
2702000   2
2703000   5
2704000   5
2705000   5
2706000   5
2707000   7
2708000   6
2709000   8
2710000   7
2711000   5
2712000   6
2713000   5
2714000   2
2715000   4
2716000   7
2717000   4
2718000   8
2719000   4
2720000   6
2721000   6
2722000   7
2723000   6
2724000   3
2725000   8
2726000   5
2727000   6
2728000   2
2729000   4
2730000   3
2731000   6
2732000   4
2733000   2
2734000   4
2735000   5
2736000   9
2737000   7
2738000   7
2739000   4
2740000   4
2741000   1
2742000   2
2743000   5
2744000   3
2745000   8
2746000   6
2747000   1
2748000   2
2749000   2
2750000   2
2751000   4
2752000   6
2753000   6
2754000   4
2755000   7
2756000   5
2757000   4
2758000   7
2759000   6
2760000   3
2761000   5
2762000   7
2763000   0
2764000   2
2765000   8
2766000   11
2767000   6
2768000   4
2769000   6
2770000   4
2771000   6
2772000   3
2773000   7
2774000   6
2775000   7
2776000   5
2777000   5
2778000   4
2779000   6
2780000   5
2781000   5
2782000   9
2783000   1
2784000   2
2785000   9
2786000   1
2787000   4
2788000   5
2789000   8
2790000   3
2791000   8
2792000   4
2793000   0
2794000   2
2795000   11
2796000   6
2797000   2
2798000   8
2799000   7
2800000   8
2801000   9
2802000   3
2803000   4
2804000   2
2805000   4
2806000   3
2807000   5
2808000   4
2809000   3
2810000   3
2811000   5
2812000   6
2813000   6
2814000   6
2815000   7
2816000   2
2817000   3
2818000   5
2819000   4
2820000   9
2821000   2
2822000   0
2823000   6
2824000   7
2825000   3
2826000   5
2827000   1
2828000   3
2829000   3
2830000   4
2831000   1
2832000   5
2833000   7
2834000   6
2835000   2
2836000   4
2837000   8
2838000   8
2839000   7
2840000   1
2841000   2
2842000   5
2843000   7
2844000   4
2845000   4
2846000   7
2847000   5
2848000   5
2849000   6
2850000   1
2851000   6
2852000   12
2853000   1
2854000   5
2855000   4
2856000   8
2857000   2
2858000   7
2859000   4
2860000   5
2861000   6
2862000   4
2863000   7
2864000   8
2865000   5
2866000   6
2867000   6
2868000   5
2869000   3
2870000   5
2871000   5
2872000   6
2873000   6
2874000   8
2875000   6
2876000   6
2877000   7
2878000   2
2879000   5
2880000   5
2881000   4
2882000   6
2883000   5
2884000   5
2885000   7
2886000   4
2887000   4
2888000   4
2889000   3
2890000   4
2891000   6
2892000   6
2893000   5
2894000   6
2895000   8
2896000   5
2897000   11
2898000   8
2899000   4
2900000   2
2901000   5
2902000   9
2903000   4
2904000   5
2905000   5
2906000   5
2907000   6
2908000   8
2909000   7
2910000   2
2911000   5
2912000   4
2913000   9
2914000   4
2915000   7
2916000   2
2917000   2
2918000   4
2919000   2
2920000   11
2921000   1
2922000   2
2923000   7
2924000   11
2925000   4
2926000   7
2927000   5
2928000   5
2929000   3
2930000   5
2931000   7
2932000   7
2933000   2
2934000   6
2935000   6
2936000   4
2937000   6
2938000   4
2939000   7
2940000   5
2941000   2
2942000   5
2943000   11
2944000   7
2945000   4
2946000   3
2947000   6
2948000   8
2949000   4
2950000   7
2951000   2
2952000   5
2953000   6
2954000   5
2955000   8
2956000   5
2957000   2
2958000   4
2959000   3
2960000   4
2961000   5
2962000   7
2963000   5
2964000   6
2965000   4
2966000   9
2967000   4
2968000   7
2969000   4
2970000   6
2971000   2
2972000   7
2973000   9
2974000   3
2975000   5
2976000   6
2977000   8
2978000   6
2979000   7
2980000   4
2981000   5
2982000   4
2983000   7
2984000   3
2985000   2
2986000   6
2987000   2
2988000   4
2989000   6
2990000   2
2991000   4
2992000   4
2993000   4
2994000   6
2995000   2
2996000   9
2997000   3
2998000   5
2999000   6
3000000   2
3001000   5
3002000   5
3003000   9
3004000   4
3005000   3
3006000   4
3007000   3
3008000   6
3009000   13
3010000   4
3011000   4
3012000   5
3013000   4
3014000   5
3015000   3
3016000   5
3017000   2
3018000   6
3019000   4
3020000   3
3021000   5
3022000   6
3023000   7
3024000   6
3025000   5
3026000   3
3027000   4
3028000   7
3029000   2
3030000   9
3031000   4
3032000   6
3033000   5
3034000   2
3035000   5
3036000   3
3037000   7
3038000   5
3039000   5
3040000   6
3041000   9
3042000   3
3043000   2
3044000   5
3045000   5
3046000   4
3047000   5
3048000   6
3049000   8
3050000   1
3051000   2
3052000   5
3053000   7
3054000   5
3055000   4
3056000   3
3057000   8
3058000   12
3059000   2
3060000   5
3061000   7
3062000   6
3063000   1
3064000   8
3065000   8
3066000   5
3067000   8
3068000   3
3069000   2
3070000   7
3071000   7
3072000   6
3073000   6
3074000   4
3075000   3
3076000   2
3077000   7
3078000   4
3079000   4
3080000   5
3081000   4
3082000   5
3083000   4
3084000   8
3085000   3
3086000   4
3087000   5
3088000   3
3089000   12
3090000   3
3091000   5
3092000   3
3093000   6
3094000   4
3095000   5
3096000   7
3097000   7
3098000   7
3099000   8
3100000   7
3101000   5
3102000   7
3103000   7
3104000   3
3105000   9
3106000   2
3107000   2
3108000   3
3109000   3
3110000   4
3111000   5
3112000   6
3113000   5
3114000   4
3115000   4
3116000   4
3117000   5
3118000   6
3119000   7
3120000   3
3121000   4
3122000   6
3123000   9
3124000   3
3125000   4
3126000   2
3127000   4
3128000   5
3129000   6
3130000   4
3131000   5
3132000   5
3133000   6
3134000   6
3135000   5
3136000   5
3137000   5
3138000   7
3139000   6
3140000   2
3141000   4
3142000   11
3143000   4
3144000   4
3145000   9
3146000   7
3147000   5
3148000   7
3149000   11
3150000   5
3151000   5
3152000   1
3153000   5
3154000   4
3155000   3
3156000   2
3157000   3
3158000   5
3159000   1
3160000   8
3161000   11
3162000   7
3163000   5
3164000   3
3165000   7
3166000   1
3167000   5
3168000   8
3169000   1
3170000   9
3171000   4
3172000   5
3173000   2
3174000   5
3175000   5
3176000   3
3177000   2
3178000   5
3179000   3
3180000   6
3181000   4
3182000   2
3183000   7
3184000   6
3185000   4
3186000   7
3187000   4
3188000   7
3189000   7
3190000   3
3191000   5
3192000   4
3193000   6
3194000   9
3195000   1
3196000   11
3197000   7
3198000   7
3199000   2
3200000   5
3201000   6
3202000   1
3203000   5
3204000   3
3205000   1
3206000   4
3207000   3
3208000   6
3209000   3
3210000   3
3211000   3
3212000   1
3213000   4
3214000   4
3215000   9
3216000   1
3217000   6
3218000   8
3219000   6
3220000   6
3221000   8
3222000   9
3223000   4
3224000   4
3225000   6
3226000   6
3227000   2
3228000   4
3229000   6
3230000   1
3231000   6
3232000   6
3233000   5
3234000   7
3235000   4
3236000   5
3237000   4
3238000   6
3239000   5
3240000   5
3241000   4
3242000   9
3243000   2
3244000   6
3245000   2
3246000   3
3247000   4
3248000   5
3249000   3
3250000   7
3251000   5
3252000   6
3253000   6
3254000   6
3255000   6
3256000   8
3257000   6
3258000   4
3259000   5
3260000   5
3261000   5
3262000   6
3263000   4
3264000   3
3265000   1
3266000   2
3267000   4
3268000   7
3269000   5
3270000   7
3271000   6
3272000   6
3273000   6
3274000   13
3275000   8
3276000   5
3277000   9
3278000   4
3279000   3
3280000   5
3281000   5
3282000   5
3283000   4
3284000   3
3285000   5
3286000   7
3287000   3
3288000   6
3289000   2
3290000   6
3291000   5
3292000   6
3293000   2
3294000   6
3295000   2
3296000   8
3297000   2
3298000   4
3299000   4
3300000   5
3301000   2
3302000   5
3303000   4
3304000   6
3305000   4
3306000   3
3307000   7
3308000   5
3309000   4
3310000   4
3311000   9
3312000   5
3313000   8
3314000   6
3315000   4
3316000   8
3317000   12
3318000   4
3319000   4
3320000   4
3321000   5
3322000   5
3323000   5
3324000   5
3325000   6
3326000   5
3327000   3
3328000   3
3329000   5
3330000   5
3331000   6
3332000   3
3333000   6
3334000   3
3335000   3
3336000   7
3337000   3
3338000   4
3339000   2
3340000   4
3341000   7
3342000   4
3343000   4
3344000   5
3345000   5
3346000   3
3347000   3
3348000   7
3349000   5
3350000   4
3351000   2
3352000   1
3353000   7
3354000   7
3355000   3
3356000   4
3357000   2
3358000   4
3359000   9
3360000   5
3361000   5
3362000   7
3363000   4
3364000   5
3365000   5
3366000   2
3367000   6
3368000   5
3369000   1
3370000   8
3371000   5
3372000   6
3373000   6
3374000   3
3375000   4
3376000   3
3377000   11
3378000   4
3379000   4
3380000   2
3381000   9
3382000   4
3383000   5
3384000   5
3385000   5
3386000   3
3387000   8
3388000   5
3389000   9
3390000   4
3391000   4
3392000   12
3393000   5
3394000   6
3395000   11
3396000   6
3397000   11
3398000   3
3399000   3
3400000   5
3401000   2
3402000   6
3403000   6
3404000   8
3405000   0
3406000   4
3407000   7
3408000   3
3409000   6
3410000   12
3411000   2
3412000   6
3413000   5
3414000   4
3415000   9
3416000   5
3417000   7
3418000   7
3419000   2
3420000   12
3421000   4
3422000   9
3423000   2
3424000   6
3425000   7
3426000   5
3427000   5
3428000   8
3429000   1
3430000   6
3431000   4
3432000   5
3433000   4
3434000   7
3435000   7
3436000   3
3437000   2
3438000   4
3439000   6
3440000   3
3441000   2
3442000   4
3443000   5
3444000   4
3445000   4
3446000   4
3447000   11
3448000   6
3449000   9
3450000   5
3451000   2
3452000   3
3453000   4
3454000   4
3455000   6
3456000   6
3457000   3
3458000   4
3459000   4
3460000   3
3461000   5
3462000   1
3463000   8
3464000   6
3465000   6
3466000   3
3467000   6
3468000   3
3469000   6
3470000   7
3471000   5
3472000   1
3473000   7
3474000   0
3475000   5
3476000   8
3477000   2
3478000   6
3479000   4
3480000   5
3481000   6
3482000   5
3483000   3
3484000   9
3485000   3
3486000   12
3487000   1
3488000   3
3489000   4
3490000   5
3491000   5
3492000   9
3493000   5
3494000   5
3495000   8
3496000   7
3497000   3
3498000   2
3499000   3
3500000   5
3501000   4
3502000   11
3503000   4
3504000   3
3505000   3
3506000   6
3507000   6
3508000   5
3509000   3
3510000   11
3511000   2
3512000   11
3513000   5
3514000   3
3515000   5
3516000   3
3517000   5
3518000   7
3519000   6
3520000   8
3521000   2
3522000   7
3523000   6
3524000   6
3525000   3
3526000   6
3527000   5
3528000   5
3529000   5
3530000   3
3531000   2
3532000   1
3533000   6
3534000   3
3535000   5
3536000   5
3537000   6
3538000   11
3539000   5
3540000   4
3541000   2
3542000   4
3543000   4
3544000   6
3545000   2
3546000   7
3547000   5
3548000   3
3549000   4
3550000   5
3551000   5
3552000   6
3553000   4
3554000   1
3555000   6
3556000   6
3557000   5
3558000   3
3559000   6
3560000   5
3561000   6
3562000   5
3563000   6
3564000   1
3565000   2
3566000   4
3567000   7
3568000   6
3569000   6
3570000   6
3571000   5
3572000   8
3573000   5
3574000   3
3575000   7
3576000   4
3577000   4
3578000   5
3579000   6
3580000   11
3581000   3
3582000   2
3583000   4
3584000   2
3585000   3
3586000   5
3587000   3
3588000   4
3589000   2
3590000   8
3591000   3
3592000   8
3593000   5
3594000   5
3595000   2
3596000   7
3597000   9
3598000   6
3599000   4
3600000   5
3601000   5
3602000   5
3603000   9
3604000   5
3605000   7
3606000   9
3607000   6
3608000   5
3609000   5
3610000   8
3611000   3
3612000   8
3613000   5
3614000   2
3615000   6
3616000   4
3617000   4
3618000   4
3619000   5
3620000   5
3621000   6
3622000   5
3623000   3
3624000   3
3625000   3
3626000   3
3627000   6
3628000   11
3629000   7
3630000   7
3631000   4
3632000   2
3633000   2
3634000   8
3635000   6
3636000   3
3637000   4
3638000   3
3639000   7
3640000   7
3641000   4
3642000   2
3643000   7
3644000   6
3645000   5
3646000   12
3647000   7
3648000   5
3649000   4
3650000   3
3651000   3
3652000   2
3653000   2
3654000   9
3655000   5
3656000   5
3657000   3
3658000   5
3659000   1
3660000   3
3661000   5
3662000   5
3663000   5
3664000   4
3665000   8
3666000   6
3667000   2
3668000   8
3669000   4
3670000   5
3671000   6
3672000   6
3673000   4
3674000   7
3675000   7
3676000   2
3677000   4
3678000   7
3679000   8
3680000   7
3681000   2
3682000   4
3683000   8
3684000   2
3685000   1
3686000   4
3687000   4
3688000   4
3689000   5
3690000   1
3691000   5
3692000   9
3693000   6
3694000   8
3695000   5
3696000   5
3697000   5
3698000   7
3699000   2
3700000   8
3701000   8
3702000   1
3703000   5
3704000   2
3705000   8
3706000   12
3707000   3
3708000   7
3709000   7
3710000   3
3711000   3
3712000   5
3713000   4
3714000   6
3715000   7
3716000   5
3717000   5
3718000   9
3719000   6
3720000   6
3721000   4
3722000   6
3723000   8
3724000   6
3725000   3
3726000   4
3727000   0
3728000   3
3729000   4
3730000   6
3731000   4
3732000   5
3733000   2
3734000   5
3735000   2
3736000   1
3737000   5
3738000   9
3739000   4
3740000   4
3741000   3
3742000   2
3743000   6
3744000   2
3745000   5
3746000   6
3747000   4
3748000   5
3749000   4
3750000   4
3751000   6
3752000   5
3753000   5
3754000   8
3755000   5
3756000   6
3757000   4
3758000   5
3759000   7
3760000   9
3761000   5
3762000   7
3763000   8
3764000   3
3765000   9
3766000   1
3767000   6
3768000   3
3769000   5
3770000   4
3771000   9
3772000   5
3773000   3
3774000   4
3775000   4
3776000   7
3777000   5
3778000   6
3779000   6
3780000   4
3781000   8
3782000   5
3783000   2
3784000   6
3785000   4
3786000   6
3787000   4
3788000   11
3789000   3
3790000   5
3791000   4
3792000   1
3793000   3
3794000   4
3795000   6
3796000   3
3797000   6
3798000   3
3799000   6
3800000   11
3801000   9
3802000   7
3803000   4
3804000   5
3805000   3
3806000   4
3807000   6
3808000   3
3809000   3
3810000   3
3811000   6
3812000   3
3813000   6
3814000   5
3815000   11
3816000   4
3817000   7
3818000   4
3819000   4
3820000   5
3821000   3
3822000   2
3823000   6
3824000   3
3825000   6
3826000   4
3827000   3
3828000   8
3829000   9
3830000   4
3831000   7
3832000   3
3833000   3
3834000   6
3835000   2
3836000   5
3837000   3
3838000   3
3839000   5
3840000   6
3841000   4
3842000   5
3843000   3
3844000   5
3845000   0
3846000   9
3847000   4
3848000   4
3849000   11
3850000   5
3851000   8
3852000   2
3853000   7
3854000   1
3855000   2
3856000   9
3857000   2
3858000   8
3859000   1
3860000   6
3861000   5
3862000   2
3863000   6
3864000   3
3865000   9
3866000   2
3867000   2
3868000   8
3869000   4
3870000   4
3871000   4
3872000   7
3873000   8
3874000   4
3875000   4
3876000   4
3877000   5
3878000   8
3879000   6
3880000   7
3881000   4
3882000   2
3883000   5
3884000   5
3885000   2
3886000   3
3887000   6
3888000   1
3889000   3
3890000   4
3891000   4
3892000   3
3893000   2
3894000   3
3895000   6
3896000   1
3897000   11
3898000   5
3899000   7
3900000   7
3901000   4
3902000   3
3903000   7
3904000   6
3905000   7
3906000   2
3907000   12
3908000   9
3909000   3
3910000   9
3911000   6
3912000   12
3913000   4
3914000   5
3915000   4
3916000   5
3917000   3
3918000   2
3919000   4
3920000   7
3921000   4
3922000   15
3923000   3
3924000   4
3925000   8
3926000   6
3927000   5
3928000   6
3929000   6
3930000   6
3931000   0
3932000   4
3933000   2
3934000   7
3935000   2
3936000   7
3937000   7
3938000   4
3939000   4
3940000   8
3941000   9
3942000   4
3943000   5
3944000   8
3945000   6
3946000   6
3947000   4
3948000   4
3949000   11
3950000   5
3951000   2
3952000   6
3953000   6
3954000   2
3955000   4
3956000   6
3957000   4
3958000   5
3959000   5
3960000   1
3961000   7
3962000   11
3963000   4
3964000   2
3965000   6
3966000   6
3967000   7
3968000   4
3969000   5
3970000   8
3971000   3
3972000   5
3973000   6
3974000   5
3975000   7
3976000   7
3977000   3
3978000   6
3979000   5
3980000   4
3981000   5
3982000   2
3983000   4
3984000   4
3985000   5
3986000   0
3987000   4
3988000   4
3989000   4
3990000   7
3991000   2
3992000   7
3993000   5
3994000   7
3995000   5
3996000   2
3997000   7
3998000   4
3999000   5
4000000   5
4001000   5
4002000   7
4003000   2
4004000   4
4005000   2
4006000   3
4007000   4
4008000   7
4009000   7
4010000   4
4011000   8
4012000   9
4013000   4
4014000   5
4015000   8
4016000   6
4017000   5
4018000   7
4019000   8
4020000   4
4021000   3
4022000   7
4023000   7
4024000   5
4025000   4
4026000   3
4027000   3
4028000   5
4029000   2
4030000   4
4031000   5
4032000   4
4033000   5
4034000   4
4035000   9
4036000   6
4037000   8
4038000   7
4039000   4
4040000   6
4041000   5
4042000   6
4043000   2
4044000   5
4045000   5
4046000   4
4047000   6
4048000   7
4049000   7
4050000   3
4051000   5
4052000   3
4053000   5
4054000   1
4055000   3
4056000   5
4057000   4
4058000   7
4059000   7
4060000   9
4061000   5
4062000   5
4063000   3
4064000   3
4065000   2
4066000   7
4067000   5
4068000   4
4069000   4
4070000   5
4071000   4
4072000   5
4073000   3
4074000   7
4075000   4
4076000   6
4077000   8
4078000   11
4079000   3
4080000   4
4081000   14
4082000   7
4083000   6
4084000   3
4085000   9
4086000   5
4087000   4
4088000   11
4089000   6
4090000   6
4091000   3
4092000   4
4093000   5
4094000   7
4095000   9
4096000   4
4097000   4
4098000   5
4099000   6
4100000   2
4101000   6
4102000   4
4103000   11
4104000   4
4105000   4
4106000   1
4107000   2
4108000   7
4109000   5
4110000   9
4111000   4
4112000   3
4113000   6
4114000   4
4115000   3
4116000   9
4117000   5
4118000   8
4119000   5
4120000   6
4121000   7
4122000   1
4123000   3
4124000   9
4125000   5
4126000   3
4127000   4
4128000   9
4129000   3
4130000   2
4131000   6
4132000   2
4133000   5
4134000   4
4135000   4
4136000   5
4137000   3
4138000   6
4139000   5
4140000   2
4141000   2
4142000   5
4143000   5
4144000   5
4145000   1
4146000   3
4147000   7
4148000   1
4149000   4
4150000   2
4151000   9
4152000   9
4153000   12
4154000   11
4155000   4
4156000   6
4157000   5
4158000   8
4159000   6
4160000   3
4161000   4
4162000   4
4163000   6
4164000   8
4165000   2
4166000   5
4167000   3
4168000   4
4169000   3
4170000   3
4171000   2
4172000   5
4173000   3
4174000   6
4175000   3
4176000   2
4177000   11
4178000   11
4179000   3
4180000   9
4181000   3
4182000   5
4183000   4
4184000   4
4185000   4
4186000   8
4187000   8
4188000   11
4189000   7
4190000   4
4191000   6
4192000   3
4193000   7
4194000   1
4195000   4
4196000   5
4197000   3
4198000   4
4199000   7
4200000   7
4201000   2
4202000   3
4203000   6
4204000   3
4205000   4
4206000   5
4207000   8
4208000   7
4209000   6
4210000   2
4211000   7
4212000   3
4213000   7
4214000   1
4215000   6
4216000   6
4217000   6
4218000   5
4219000   6
4220000   11
4221000   4
4222000   11
4223000   3
4224000   2
4225000   3
4226000   5
4227000   9
4228000   8
4229000   11
4230000   5
4231000   9
4232000   6
4233000   6
4234000   4
4235000   5
4236000   6
4237000   2
4238000   7
4239000   8
4240000   5
4241000   4
4242000   5
4243000   7
4244000   3
4245000   8
4246000   0
4247000   6
4248000   3
4249000   5
4250000   1
4251000   4
4252000   2
4253000   6
4254000   9
4255000   5
4256000   7
4257000   5
4258000   6
4259000   4
4260000   9
4261000   5
4262000   3
4263000   9
4264000   7
4265000   2
4266000   4
4267000   6
4268000   5
4269000   2
4270000   6
4271000   5
4272000   5
4273000   5
4274000   1
4275000   8
4276000   4
4277000   11
4278000   8
4279000   6
4280000   5
4281000   6
4282000   5
4283000   4
4284000   3
4285000   9
4286000   7
4287000   4
4288000   5
4289000   6
4290000   6
4291000   6
4292000   4
4293000   8
4294000   5
4295000   11
4296000   4
4297000   6
4298000   5
4299000   6
4300000   4
4301000   0
4302000   5
4303000   4
4304000   1
4305000   2
4306000   5
4307000   5
4308000   3
4309000   4
4310000   4
4311000   6
4312000   6
4313000   5
4314000   6
4315000   4
4316000   6
4317000   5
4318000   4
4319000   7
4320000   5
4321000   7
4322000   7
4323000   8
4324000   5
4325000   2
4326000   4
4327000   4
4328000   5
4329000   7
4330000   5
4331000   7
4332000   4
4333000   3
4334000   3
4335000   8
4336000   5
4337000   2
4338000   3
4339000   5
4340000   7
4341000   5
4342000   6
4343000   7
4344000   9
4345000   4
4346000   6
4347000   2
4348000   6
4349000   7
4350000   8
4351000   6
4352000   7
4353000   5
4354000   6
4355000   9
4356000   4
4357000   4
4358000   7
4359000   12
4360000   3
4361000   8
4362000   2
4363000   6
4364000   3
4365000   3
4366000   5
4367000   4
4368000   7
4369000   5
4370000   3
4371000   4
4372000   5
4373000   7
4374000   2
4375000   11
4376000   4
4377000   8
4378000   6
4379000   4
4380000   0
4381000   5
4382000   5
4383000   8
4384000   3
4385000   5
4386000   9
4387000   7
4388000   6
4389000   9
4390000   4
4391000   5
4392000   5
4393000   11
4394000   6
4395000   1
4396000   0
4397000   8
4398000   4
4399000   9
4400000   5
4401000   0
4402000   1
4403000   6
4404000   4
4405000   5
4406000   4
4407000   3
4408000   3
4409000   3
4410000   4
4411000   5
4412000   5
4413000   11
4414000   4
4415000   1
4416000   3
4417000   7
4418000   8
4419000   3
4420000   4
4421000   9
4422000   2
4423000   6
4424000   4
4425000   7
4426000   3
4427000   7
4428000   8
4429000   3
4430000   4
4431000   4
4432000   4
4433000   5
4434000   6
4435000   7
4436000   5
4437000   7
4438000   4
4439000   7
4440000   1
4441000   7
4442000   6
4443000   6
4444000   4
4445000   7
4446000   1
4447000   7
4448000   4
4449000   5
4450000   9
4451000   8
4452000   9
4453000   6
4454000   5
4455000   2
4456000   6
4457000   4
4458000   3
4459000   5
4460000   5
4461000   4
4462000   7
4463000   2
4464000   7
4465000   8
4466000   8
4467000   8
4468000   5
4469000   6
4470000   8
4471000   4
4472000   7
4473000   8
4474000   4
4475000   6
4476000   4
4477000   6
4478000   4
4479000   5
4480000   2
4481000   5
4482000   12
4483000   3
4484000   4
4485000   3
4486000   5
4487000   4
4488000   1
4489000   7
4490000   1
4491000   5
4492000   8
4493000   5
4494000   4
4495000   4
4496000   6
4497000   12
4498000   7
4499000   6
4500000   2
4501000   6
4502000   5
4503000   4
4504000   6
4505000   6
4506000   2
4507000   4
4508000   2
4509000   5
4510000   2
4511000   7
4512000   7
4513000   7
4514000   11
4515000   4
4516000   2
4517000   6
4518000   5
4519000   5
4520000   6
4521000   4
4522000   9
4523000   7
4524000   6
4525000   5
4526000   4
4527000   6
4528000   6
4529000   6
4530000   4
4531000   3
4532000   7
4533000   5
4534000   2
4535000   6
4536000   5
4537000   6
4538000   6
4539000   5
4540000   13
4541000   9
4542000   2
4543000   2
4544000   7
4545000   5
4546000   7
4547000   2
4548000   13
4549000   5
4550000   4
4551000   1
4552000   3
4553000   4
4554000   3
4555000   2
4556000   4
4557000   7
4558000   4
4559000   9
4560000   8
4561000   6
4562000   2
4563000   6
4564000   7
4565000   7
4566000   3
4567000   14
4568000   3
4569000   4
4570000   8
4571000   7
4572000   3
4573000   2
4574000   5
4575000   2
4576000   5
4577000   7
4578000   7
4579000   9
4580000   3
4581000   4
4582000   1
4583000   4
4584000   3
4585000   2
4586000   5
4587000   3
4588000   4
4589000   6
4590000   2
4591000   5
4592000   3
4593000   4
4594000   5
4595000   7
4596000   4
4597000   6
4598000   5
4599000   5
4600000   9
4601000   5
4602000   5
4603000   5
4604000   7
4605000   6
4606000   6
4607000   3
4608000   4
4609000   8
4610000   9
4611000   3
4612000   5
4613000   11
4614000   6
4615000   4
4616000   5
4617000   4
4618000   3
4619000   4
4620000   2
4621000   6
4622000   7
4623000   5
4624000   6
4625000   3
4626000   5
4627000   6
4628000   8
4629000   2
4630000   6
4631000   9
4632000   5
4633000   3
4634000   6
4635000   5
4636000   2
4637000   9
4638000   3
4639000   4
4640000   3
4641000   5
4642000   6
4643000   3
4644000   6
4645000   3
4646000   12
4647000   2
4648000   6
4649000   8
4650000   4
4651000   6
4652000   6
4653000   3
4654000   7
4655000   7
4656000   4
4657000   3
4658000   3
4659000   4
4660000   6
4661000   2
4662000   4
4663000   3
4664000   7
4665000   5
4666000   8
4667000   8
4668000   4
4669000   7
4670000   2
4671000   3
4672000   6
4673000   6
4674000   3
4675000   7
4676000   1
4677000   5
4678000   2
4679000   11
4680000   4
4681000   8
4682000   5
4683000   2
4684000   5
4685000   0
4686000   4
4687000   5
4688000   4
4689000   8
4690000   4
4691000   9
4692000   6
4693000   8
4694000   7
4695000   5
4696000   6
4697000   5
4698000   4
4699000   6
4700000   8
4701000   4
4702000   1
4703000   9
4704000   4
4705000   12
4706000   3
4707000   7
4708000   5
4709000   5
4710000   4
4711000   3
4712000   4
4713000   3
4714000   3
4715000   1
4716000   6
4717000   5
4718000   3
4719000   7
4720000   5
4721000   5
4722000   5
4723000   7
4724000   6
4725000   8
4726000   5
4727000   7
4728000   5
4729000   3
4730000   7
4731000   3
4732000   4
4733000   7
4734000   7
4735000   5
4736000   0
4737000   1
4738000   4
4739000   5
4740000   13
4741000   5
4742000   3
4743000   6
4744000   6
4745000   2
4746000   8
4747000   7
4748000   8
4749000   6
4750000   1
4751000   0
4752000   5
4753000   5
4754000   6
4755000   4
4756000   3
4757000   6
4758000   3
4759000   7
4760000   3
4761000   7
4762000   5
4763000   9
4764000   6
4765000   4
4766000   3
4767000   2
4768000   3
4769000   4
4770000   3
4771000   5
4772000   3
4773000   6
4774000   5
4775000   4
4776000   7
4777000   4
4778000   11
4779000   7
4780000   5
4781000   3
4782000   6
4783000   8
4784000   7
4785000   3
4786000   2
4787000   7
4788000   3
4789000   3
4790000   3
4791000   5
4792000   8
4793000   5
4794000   4
4795000   7
4796000   3
4797000   4
4798000   4
4799000   4
4800000   4
4801000   8
4802000   2
4803000   9
4804000   4
4805000   4
4806000   3
4807000   6
4808000   7
4809000   4
4810000   6
4811000   3
4812000   5
4813000   3
4814000   9
4815000   6
4816000   8
4817000   6
4818000   6
4819000   2
4820000   4
4821000   5
4822000   4
4823000   1
4824000   4
4825000   3
4826000   5
4827000   4
4828000   4
4829000   7
4830000   4
4831000   3
4832000   2
4833000   3
4834000   4
4835000   4
4836000   4
4837000   7
4838000   9
4839000   2
4840000   2
4841000   3
4842000   8
4843000   6
4844000   11
4845000   9
4846000   4
4847000   2
4848000   5
4849000   5
4850000   4
4851000   6
4852000   6
4853000   8
4854000   3
4855000   3
4856000   7
4857000   7
4858000   11
4859000   0
4860000   5
4861000   7
4862000   3
4863000   8
4864000   5
4865000   11
4866000   6
4867000   2
4868000   5
4869000   8
4870000   5
4871000   4
4872000   6
4873000   6
4874000   6
4875000   5
4876000   6
4877000   3
4878000   2
4879000   6
4880000   6
4881000   3
4882000   5
4883000   2
4884000   5
4885000   4
4886000   4
4887000   8
4888000   5
4889000   5
4890000   5
4891000   6
4892000   2
4893000   2
4894000   4
4895000   3
4896000   2
4897000   3
4898000   2
4899000   3
4900000   8
4901000   2
4902000   8
4903000   4
4904000   5
4905000   8
4906000   2
4907000   4
4908000   4
4909000   6
4910000   8
4911000   1
4912000   5
4913000   2
4914000   3
4915000   5
4916000   4
4917000   4
4918000   2
4919000   8
4920000   4
4921000   11
4922000   6
4923000   2
4924000   5
4925000   2
4926000   3
4927000   2
4928000   4
4929000   5
4930000   2
4931000   4
4932000   5
4933000   4
4934000   4
4935000   1
4936000   5
4937000   8
4938000   2
4939000   6
4940000   3
4941000   7
4942000   6
4943000   5
4944000   2
4945000   5
4946000   4
4947000   5
4948000   6
4949000   4
4950000   4
4951000   4
4952000   3
4953000   8
4954000   3
4955000   7
4956000   3
4957000   1
4958000   9
4959000   6
4960000   3
4961000   9
4962000   6
4963000   5
4964000   5
4965000   3
4966000   4
4967000   11
4968000   4
4969000   2
4970000   6
4971000   5
4972000   2
4973000   3
4974000   8
4975000   6
4976000   2
4977000   6
4978000   9
4979000   4
4980000   3
4981000   7
4982000   6
4983000   5
4984000   3
4985000   3
4986000   3
4987000   3
4988000   2
4989000   6
4990000   2
4991000   6
4992000   4
4993000   4
4994000   3
4995000   6
4996000   5
4997000   4
4998000   3
4999000   5
5000000   6
5001000   5
5002000   8
5003000   5
5004000   8
5005000   5
5006000   5
5007000   4
5008000   3
5009000   5
5010000   3
5011000   3
5012000   5
5013000   2
5014000   6
5015000   3
5016000   7
5017000   12
5018000   5
5019000   6
5020000   5
5021000   6
5022000   6
5023000   3
5024000   7
5025000   8
5026000   7
5027000   4
5028000   6
5029000   3
5030000   4
5031000   3
5032000   7
5033000   2
5034000   4
5035000   4
5036000   5
5037000   5
5038000   4
5039000   6
5040000   6
5041000   5
5042000   4
5043000   1
5044000   9
5045000   4
5046000   7
5047000   5
5048000   2
5049000   5
5050000   6
5051000   8
5052000   7
5053000   5
5054000   3
5055000   4
5056000   8
5057000   2
5058000   6
5059000   9
5060000   6
5061000   3
5062000   2
5063000   4
5064000   2
5065000   6
5066000   5
5067000   9
5068000   7
5069000   5
5070000   6
5071000   4
5072000   6
5073000   6
5074000   5
5075000   6
5076000   7
5077000   7
5078000   3
5079000   2
5080000   4
5081000   3
5082000   4
5083000   5
5084000   2
5085000   4
5086000   6
5087000   6
5088000   5
5089000   1
5090000   2
5091000   6
5092000   4
5093000   11
5094000   5
5095000   7
5096000   2
5097000   2
5098000   7
5099000   2
5100000   8
5101000   6
5102000   4
5103000   6
5104000   6
5105000   5
5106000   3
5107000   2
5108000   5
5109000   4
5110000   3
5111000   2
5112000   6
5113000   5
5114000   4
5115000   4
5116000   6
5117000   7
5118000   8
5119000   5
5120000   7
5121000   3
5122000   7
5123000   4
5124000   5
5125000   3
5126000   5
5127000   11
5128000   8
5129000   5
5130000   5
5131000   2
5132000   6
5133000   6
5134000   4
5135000   3
5136000   6
5137000   6
5138000   4
5139000   9
5140000   4
5141000   6
5142000   6
5143000   3
5144000   6
5145000   5
5146000   5
5147000   7
5148000   4
5149000   7
5150000   8
5151000   5
5152000   5
5153000   1
5154000   3
5155000   4
5156000   8
5157000   7
5158000   4
5159000   5
5160000   5
5161000   4
5162000   3
5163000   4
5164000   9
5165000   2
5166000   5
5167000   9
5168000   4
5169000   7
5170000   4
5171000   4
5172000   13
5173000   7
5174000   2
5175000   5
5176000   7
5177000   4
5178000   2
5179000   6
5180000   5
5181000   7
5182000   6
5183000   3
5184000   4
5185000   6
5186000   3
5187000   5
5188000   5
5189000   5
5190000   4
5191000   6
5192000   2
5193000   4
5194000   5
5195000   4
5196000   2
5197000   3
5198000   9
5199000   5
5200000   2
5201000   2
5202000   6
5203000   6
5204000   5
5205000   6
5206000   3
5207000   3
5208000   5
5209000   7
5210000   2
5211000   7
5212000   5
5213000   3
5214000   9
5215000   6
5216000   2
5217000   11
5218000   3
5219000   3
5220000   5
5221000   2
5222000   2
5223000   2
5224000   6
5225000   4
5226000   5
5227000   7
5228000   2
5229000   1
5230000   3
5231000   6
5232000   6
5233000   6
5234000   5
5235000   7
5236000   3
5237000   5
5238000   4
5239000   8
5240000   2
5241000   5
5242000   5
5243000   8
5244000   5
5245000   5
5246000   8
5247000   3
5248000   9
5249000   8
5250000   7
5251000   5
5252000   5
5253000   2
5254000   2
5255000   5
5256000   4
5257000   3
5258000   3
5259000   8
5260000   5
5261000   8
5262000   4
5263000   8
5264000   3
5265000   7
5266000   4
5267000   4
5268000   6
5269000   7
5270000   11
5271000   3
5272000   8
5273000   6
5274000   3
5275000   8
5276000   5
5277000   4
5278000   4
5279000   4
5280000   3
5281000   1
5282000   8
5283000   5
5284000   11
5285000   2
5286000   4
5287000   2
5288000   3
5289000   4
5290000   6
5291000   5
5292000   6
5293000   7
5294000   8
5295000   4
5296000   3
5297000   5
5298000   6
5299000   6
5300000   8
5301000   5
5302000   5
5303000   7
5304000   6
5305000   4
5306000   5
5307000   6
5308000   1
5309000   11
5310000   6
5311000   3
5312000   3
5313000   8
5314000   6
5315000   3
5316000   6
5317000   6
5318000   4
5319000   3
5320000   4
5321000   2
5322000   5
5323000   3
5324000   4
5325000   5
5326000   5
5327000   12
5328000   4
5329000   6
5330000   3
5331000   3
5332000   4
5333000   3
5334000   6
5335000   6
5336000   2
5337000   3
5338000   4
5339000   8
5340000   4
5341000   4
5342000   4
5343000   8
5344000   6
5345000   2
5346000   5
5347000   5
5348000   7
5349000   5
5350000   7
5351000   4
5352000   2
5353000   2
5354000   11
5355000   6
5356000   8
5357000   5
5358000   3
5359000   4
5360000   6
5361000   4
5362000   7
5363000   7
5364000   2
5365000   3
5366000   12
5367000   5
5368000   3
5369000   6
5370000   7
5371000   7
5372000   7
5373000   6
5374000   3
5375000   3
5376000   3
5377000   7
5378000   7
5379000   5
5380000   11
5381000   4
5382000   4
5383000   4
5384000   5
5385000   4
5386000   6
5387000   4
5388000   12
5389000   5
5390000   2
5391000   11
5392000   6
5393000   7
5394000   4
5395000   9
5396000   6
5397000   4
5398000   6
5399000   9
5400000   8
5401000   3
5402000   4
5403000   3
5404000   6
5405000   8
5406000   5
5407000   2
5408000   7
5409000   3
5410000   4
5411000   4
5412000   4
5413000   6
5414000   7
5415000   1
5416000   2
5417000   3
5418000   4
5419000   4
5420000   3
5421000   6
5422000   3
5423000   4
5424000   2
5425000   4
5426000   4
5427000   8
5428000   4
5429000   4
5430000   7
5431000   8
5432000   9
5433000   5
5434000   6
5435000   3
5436000   1
5437000   7
5438000   4
5439000   6
5440000   5
5441000   4
5442000   5
5443000   1
5444000   8
5445000   5
5446000   0
5447000   8
5448000   7
5449000   6
5450000   6
5451000   3
5452000   5
5453000   6
5454000   6
5455000   4
5456000   7
5457000   5
5458000   7
5459000   3
5460000   4
5461000   2
5462000   6
5463000   5
5464000   4
5465000   5
5466000   3
5467000   5
5468000   9
5469000   8
5470000   9
5471000   6
5472000   5
5473000   3
5474000   5
5475000   6
5476000   8
5477000   9
5478000   5
5479000   3
5480000   4
5481000   5
5482000   5
5483000   1
5484000   8
5485000   2
5486000   8
5487000   4
5488000   9
5489000   5
5490000   4
5491000   9
5492000   9
5493000   4
5494000   7
5495000   4
5496000   5
5497000   6
5498000   6
5499000   4
5500000   5
5501000   3
5502000   2
5503000   5
5504000   3
5505000   4
5506000   4
5507000   6
5508000   4
5509000   7
5510000   6
5511000   3
5512000   4
5513000   4
5514000   3
5515000   2
5516000   3
5517000   5
5518000   3
5519000   3
5520000   9
5521000   5
5522000   5
5523000   7
5524000   7
5525000   5
5526000   4
5527000   2
5528000   7
5529000   7
5530000   1
5531000   7
5532000   6
5533000   2
5534000   3
5535000   2
5536000   5
5537000   6
5538000   7
5539000   4
5540000   8
5541000   2
5542000   9
5543000   6
5544000   5
5545000   6
5546000   7
5547000   8
5548000   3
5549000   3
5550000   2
5551000   5
5552000   4
5553000   1
5554000   4
5555000   4
5556000   5
5557000   3
5558000   6
5559000   8
5560000   5
5561000   8
5562000   7
5563000   2
5564000   6
5565000   4
5566000   4
5567000   3
5568000   2
5569000   8
5570000   7
5571000   2
5572000   7
5573000   4
5574000   4
5575000   5
5576000   7
5577000   4
5578000   6
5579000   2
5580000   5
5581000   4
5582000   4
5583000   5
5584000   6
5585000   6
5586000   6
5587000   6
5588000   3
5589000   7
5590000   4
5591000   3
5592000   5
5593000   2
5594000   4
5595000   4
5596000   6
5597000   2
5598000   4
5599000   2
5600000   6
5601000   4
5602000   7
5603000   2
5604000   5
5605000   4
5606000   1
5607000   7
5608000   4
5609000   5
5610000   8
5611000   1
5612000   4
5613000   5
5614000   6
5615000   5
5616000   2
5617000   6
5618000   3
5619000   7
5620000   4
5621000   9
5622000   5
5623000   3
5624000   2
5625000   6
5626000   3
5627000   5
5628000   4
5629000   2
5630000   3
5631000   4
5632000   3
5633000   6
5634000   9
5635000   5
5636000   3
5637000   8
5638000   4
5639000   5
5640000   6
5641000   4
5642000   5
5643000   11
5644000   5
5645000   6
5646000   1
5647000   6
5648000   7
5649000   2
5650000   5
5651000   5
5652000   6
5653000   6
5654000   6
5655000   2
5656000   4
5657000   1
5658000   3
5659000   3
5660000   1
5661000   8
5662000   7
5663000   7
5664000   5
5665000   8
5666000   4
5667000   3
5668000   3
5669000   8
5670000   1
5671000   6
5672000   3
5673000   7
5674000   7
5675000   8
5676000   5
5677000   3
5678000   11
5679000   5
5680000   4
5681000   5
5682000   4
5683000   5
5684000   5
5685000   4
5686000   11
5687000   6
5688000   2
5689000   6
5690000   3
5691000   2
5692000   5
5693000   1
5694000   4
5695000   11
5696000   1
5697000   9
5698000   2
5699000   6
5700000   2
5701000   1
5702000   3
5703000   5
5704000   9
5705000   4
5706000   4
5707000   2
5708000   3
5709000   4
5710000   3
5711000   5
5712000   3
5713000   6
5714000   8
5715000   4
5716000   9
5717000   5
5718000   4
5719000   11
5720000   4
5721000   5
5722000   6
5723000   5
5724000   5
5725000   7
5726000   4
5727000   4
5728000   2
5729000   8
5730000   3
5731000   7
5732000   4
5733000   2
5734000   8
5735000   7
5736000   2
5737000   3
5738000   8
5739000   6
5740000   7
5741000   8
5742000   3
5743000   3
5744000   6
5745000   4
5746000   8
5747000   0
5748000   4
5749000   5
5750000   3
5751000   4
5752000   3
5753000   5
5754000   3
5755000   3
5756000   5
5757000   2
5758000   4
5759000   4
5760000   9
5761000   6
5762000   1
5763000   5
5764000   6
5765000   5
5766000   6
5767000   5
5768000   8
5769000   2
5770000   4
5771000   5
5772000   2
5773000   8
5774000   3
5775000   8
5776000   5
5777000   5
5778000   4
5779000   4
5780000   2
5781000   6
5782000   1
5783000   2
5784000   11
5785000   4
5786000   3
5787000   6
5788000   4
5789000   3
5790000   7
5791000   6
5792000   3
5793000   7
5794000   6
5795000   11
5796000   12
5797000   3
5798000   3
5799000   6
5800000   5
5801000   4
5802000   9
5803000   6
5804000   6
5805000   8
5806000   8
5807000   7
5808000   11
5809000   3
5810000   3
5811000   4
5812000   5
5813000   8
5814000   5
5815000   3
5816000   3
5817000   5
5818000   7
5819000   6
5820000   5
5821000   2
5822000   4
5823000   3
5824000   7
5825000   9
5826000   2
5827000   2
5828000   3
5829000   6
5830000   5
5831000   1
5832000   5
5833000   3
5834000   5
5835000   11
5836000   5
5837000   5
5838000   3
5839000   4
5840000   6
5841000   3
5842000   6
5843000   7
5844000   5
5845000   3
5846000   5
5847000   5
5848000   2
5849000   5
5850000   4
5851000   15
5852000   4
5853000   3
5854000   5
5855000   2
5856000   5
5857000   6
5858000   3
5859000   4
5860000   7
5861000   7
5862000   6
5863000   5
5864000   5
5865000   7
5866000   4
5867000   6
5868000   3
5869000   13
5870000   4
5871000   1
5872000   7
5873000   5
5874000   4
5875000   7
5876000   5
5877000   2
5878000   4
5879000   5
5880000   2
5881000   6
5882000   7
5883000   3
5884000   1
5885000   5
5886000   5
5887000   5
5888000   9
5889000   4
5890000   5
5891000   5
5892000   7
5893000   1
5894000   4
5895000   8
5896000   9
5897000   9
5898000   3
5899000   3
5900000   6
5901000   3
5902000   4
5903000   2
5904000   4
5905000   6
5906000   3
5907000   2
5908000   6
5909000   4
5910000   4
5911000   5
5912000   3
5913000   2
5914000   3
5915000   5
5916000   6
5917000   8
5918000   5
5919000   8
5920000   6
5921000   4
5922000   2
5923000   4
5924000   7
5925000   6
5926000   5
5927000   3
5928000   6
5929000   5
5930000   1
5931000   7
5932000   7
5933000   5
5934000   3
5935000   7
5936000   7
5937000   8
5938000   3
5939000   6
5940000   9
5941000   6
5942000   3
5943000   7
5944000   2
5945000   2
5946000   3
5947000   9
5948000   7
5949000   2
5950000   3
5951000   8
5952000   2
5953000   2
5954000   1
5955000   5
5956000   2
5957000   3
5958000   7
5959000   5
5960000   2
5961000   3
5962000   6
5963000   5
5964000   5
5965000   3
5966000   4
5967000   2
5968000   4
5969000   2
5970000   0
5971000   2
5972000   6
5973000   6
5974000   5
5975000   2
5976000   6
5977000   2
5978000   2
5979000   6
5980000   3
5981000   4
5982000   8
5983000   2
5984000   2
5985000   9
5986000   5
5987000   4
5988000   4
5989000   4
5990000   4
5991000   5
5992000   8
5993000   4
5994000   9
5995000   7
5996000   4
5997000   4
5998000   5
5999000   4
6000000   5
6001000   1
6002000   8
6003000   8
6004000   5
6005000   1
6006000   5
6007000   5
6008000   6
6009000   6
6010000   3
6011000   8
6012000   7
6013000   9
6014000   2
6015000   7
6016000   2
6017000   5
6018000   4
6019000   4
6020000   7
6021000   5
6022000   2
6023000   2
6024000   4
6025000   2
6026000   5
6027000   3
6028000   8
6029000   5
6030000   6
6031000   7
6032000   4
6033000   4
6034000   5
6035000   7
6036000   4
6037000   4
6038000   8
6039000   4
6040000   4
6041000   8
6042000   6
6043000   7
6044000   2
6045000   2
6046000   2
6047000   8
6048000   6
6049000   5
6050000   5
6051000   3
6052000   4
6053000   4
6054000   5
6055000   6
6056000   4
6057000   2
6058000   6
6059000   3
6060000   2
6061000   6
6062000   3
6063000   3
6064000   5
6065000   7
6066000   7
6067000   4
6068000   8
6069000   2
6070000   6
6071000   5
6072000   9
6073000   5
6074000   4
6075000   3
6076000   11
6077000   4
6078000   8
6079000   5
6080000   5
6081000   6
6082000   3
6083000   4
6084000   5
6085000   6
6086000   3
6087000   6
6088000   8
6089000   3
6090000   3
6091000   4
6092000   3
6093000   7
6094000   4
6095000   5
6096000   7
6097000   3
6098000   2
6099000   8
6100000   8
6101000   4
6102000   7
6103000   3
6104000   6
6105000   8
6106000   11
6107000   4
6108000   4
6109000   6
6110000   8
6111000   3
6112000   3
6113000   4
6114000   5
6115000   4
6116000   5
6117000   4
6118000   7
6119000   4
6120000   7
6121000   4
6122000   4
6123000   0
6124000   5
6125000   4
6126000   4
6127000   2
6128000   4
6129000   4
6130000   9
6131000   3
6132000   6
6133000   2
6134000   5
6135000   5
6136000   1
6137000   7
6138000   4
6139000   5
6140000   8
6141000   11
6142000   2
6143000   2
6144000   5
6145000   5
6146000   2
6147000   4
6148000   4
6149000   4
6150000   11
6151000   6
6152000   3
6153000   3
6154000   7
6155000   2
6156000   2
6157000   5
6158000   3
6159000   1
6160000   3
6161000   3
6162000   4
6163000   5
6164000   6
6165000   3
6166000   4
6167000   4
6168000   7
6169000   6
6170000   2
6171000   7
6172000   7
6173000   7
6174000   5
6175000   5
6176000   5
6177000   6
6178000   4
6179000   1
6180000   2
6181000   5
6182000   2
6183000   6
6184000   5
6185000   4
6186000   3
6187000   2
6188000   5
6189000   6
6190000   5
6191000   11
6192000   6
6193000   5
6194000   5
6195000   9
6196000   9
6197000   2
6198000   3
6199000   13
6200000   5
6201000   6
6202000   1
6203000   5
6204000   6
6205000   5
6206000   4
6207000   6
6208000   7
6209000   6
6210000   6
6211000   5
6212000   4
6213000   3
6214000   5
6215000   6
6216000   2
6217000   1
6218000   6
6219000   4
6220000   7
6221000   5
6222000   8
6223000   5
6224000   5
6225000   3
6226000   3
6227000   4
6228000   6
6229000   3
6230000   6
6231000   8
6232000   2
6233000   3
6234000   5
6235000   3
6236000   4
6237000   1
6238000   7
6239000   4
6240000   3
6241000   3
6242000   5
6243000   3
6244000   5
6245000   6
6246000   3
6247000   4
6248000   5
6249000   4
6250000   3
6251000   4
6252000   9
6253000   6
6254000   1
6255000   3
6256000   6
6257000   6
6258000   6
6259000   8
6260000   5
6261000   2
6262000   0
6263000   7
6264000   2
6265000   4
6266000   3
6267000   5
6268000   2
6269000   6
6270000   5
6271000   6
6272000   6
6273000   4
6274000   5
6275000   11
6276000   5
6277000   3
6278000   8
6279000   5
6280000   8
6281000   3
6282000   9
6283000   7
6284000   7
6285000   9
6286000   9
6287000   4
6288000   2
6289000   5
6290000   4
6291000   2
6292000   3
6293000   8
6294000   3
6295000   2
6296000   8
6297000   6
6298000   4
6299000   6
6300000   4
6301000   1
6302000   7
6303000   6
6304000   5
6305000   1
6306000   6
6307000   2
6308000   5
6309000   4
6310000   6
6311000   3
6312000   4
6313000   6
6314000   6
6315000   2
6316000   4
6317000   5
6318000   4
6319000   4
6320000   4
6321000   7
6322000   4
6323000   4
6324000   9
6325000   8
6326000   3
6327000   6
6328000   7
6329000   2
6330000   4
6331000   3
6332000   5
6333000   2
6334000   7
6335000   14
6336000   4
6337000   7
6338000   4
6339000   5
6340000   4
6341000   4
6342000   5
6343000   4
6344000   5
6345000   8
6346000   3
6347000   2
6348000   8
6349000   4
6350000   2
6351000   4
6352000   6
6353000   6
6354000   8
6355000   3
6356000   4
6357000   3
6358000   3
6359000   5
6360000   6
6361000   3
6362000   3
6363000   4
6364000   8
6365000   7
6366000   3
6367000   2
6368000   4
6369000   4
6370000   7
6371000   4
6372000   2
6373000   6
6374000   4
6375000   4
6376000   3
6377000   11
6378000   3
6379000   3
6380000   5
6381000   9
6382000   1
6383000   3
6384000   6
6385000   5
6386000   5
6387000   3
6388000   1
6389000   7
6390000   9
6391000   5
6392000   5
6393000   4
6394000   2
6395000   7
6396000   2
6397000   5
6398000   3
6399000   5
6400000   7
6401000   5
6402000   2
6403000   5
6404000   12
6405000   4
6406000   2
6407000   2
6408000   2
6409000   3
6410000   4
6411000   5
6412000   5
6413000   5
6414000   9
6415000   2
6416000   6
6417000   9
6418000   5
6419000   8
6420000   6
6421000   2
6422000   5
6423000   5
6424000   4
6425000   2
6426000   6
6427000   4
6428000   3
6429000   5
6430000   8
6431000   5
6432000   8
6433000   2
6434000   2
6435000   3
6436000   3
6437000   6
6438000   5
6439000   6
6440000   5
6441000   1
6442000   2
6443000   6
6444000   8
6445000   7
6446000   3
6447000   7
6448000   3
6449000   3
6450000   5
6451000   7
6452000   4
6453000   8
6454000   6
6455000   9
6456000   5
6457000   2
6458000   2
