0 54279
1000 54286
2000 54289
3000 54300
4000 54303
5000 54321
6000 54331
7000 54338
8000 54348
9000 54359
10000 54368
11000 54374
12000 54381
13000 54383
14000 54387
15000 54392
16000 54400
17000 54407
18000 54411
19000 54419
20000 54421
21000 54435
22000 54444
23000 54457
24000 54463
25000 54473
26000 54488
27000 54497
28000 54500
29000 54503
30000 54513
31000 54521
32000 54524
33000 54536
34000 54545
35000 54551
36000 54561
37000 54572
38000 54585
39000 54598
40000 54607
41000 54618
42000 54620
43000 54627
44000 54641
45000 54645
46000 54649
47000 54661
48000 54669
49000 54674
50000 54686
51000 54697
52000 54710
53000 54720
54000 54728
55000 54737
56000 54755
57000 54767
58000 54772
59000 54787
60000 54795
61000 54806
62000 54812
63000 54825
64000 54830
65000 54843
66000 54846
67000 54856
68000 54874
69000 54886
70000 54890
71000 54904
72000 54911
73000 54918
74000 54931
75000 54945
76000 54961
77000 54974
78000 54986
79000 55000
80000 55014
81000 55025
82000 55036
83000 55036
84000 55048
85000 55056
86000 55068
87000 55073
88000 55080
89000 55086
90000 55094
91000 55107
92000 55111
93000 55122
94000 55134
95000 55147
96000 55153
97000 55170
98000 55179
99000 55186
100000 55192
101000 55197
102000 55201
103000 55209
104000 55226
105000 55229
106000 55236
107000 55250
108000 55264
109000 55268
110000 55275
111000 55280
112000 55285
113000 55293
114000 55296
115000 55314
116000 55323
117000 55324
118000 55337
119000 55350
120000 55364
121000 55373
122000 55383
123000 55396
124000 55410
125000 55418
126000 55427
127000 55443
128000 55458
129000 55466
130000 55483
131000 55489
132000 55501
133000 55506
134000 55515
135000 55521
136000 55529
137000 55539
138000 55552
139000 55552
140000 55555
141000 55569
142000 55579
143000 55578
144000 55589
145000 55601
146000 55609
147000 55614
148000 55628
149000 55638
150000 55653
151000 55667
152000 55680
153000 55682
154000 55696
155000 55706
156000 55716
157000 55730
158000 55739
159000 55753
160000 55761
161000 55769
162000 55777
163000 55783
164000 55790
165000 55798
166000 55814
167000 55823
168000 55836
169000 55853
170000 55872
171000 55884
172000 55896
173000 55905
174000 55913
175000 55925
176000 55931
177000 55939
178000 55952
179000 55958
180000 55974
181000 55982
182000 55992
183000 55999
184000 56004
185000 56009
186000 56024
187000 56037
188000 56053
189000 56066
190000 56078
191000 56082
192000 56095
193000 56096
194000 56104
195000 56114
196000 56130
197000 56142
198000 56147
199000 56157
200000 56171
201000 56182
202000 56195
203000 56206
204000 56213
205000 56226
206000 56237
207000 56252
208000 56263
209000 56272
210000 56290
211000 56297
212000 56309
213000 56317
214000 56329
215000 56336
216000 56340
217000 56350
218000 56355
219000 56364
220000 56370
221000 56376
222000 56381
223000 56396
224000 56405
225000 56412
226000 56420
227000 56430
228000 56438
229000 56454
230000 56471
231000 56483
232000 56494
233000 56502
234000 56517
235000 56531
236000 56544
237000 56561
238000 56575
239000 56589
240000 56601
241000 56619
242000 56629
243000 56636
244000 56649
245000 56667
246000 56680
247000 56692
248000 56700
249000 56710
250000 56722
251000 56734
252000 56747
253000 56763
254000 56775
255000 56782
256000 56789
257000 56799
258000 56805
259000 56825
260000 56837
261000 56845
262000 56853
263000 56856
264000 56865
265000 56871
266000 56884
267000 56898
268000 56910
269000 56929
270000 56938
271000 56954
272000 56960
273000 56975
274000 56975
275000 56987
276000 57005
277000 57019
278000 57029
279000 57050
280000 57071
281000 57080
282000 57098
283000 57107
284000 57118
285000 57136
286000 57150
287000 57163
288000 57188
289000 57197
290000 57214
291000 57223
292000 57239
293000 57253
294000 57262
295000 57265
296000 57267
297000 57280
298000 57292
299000 57308
300000 57321
301000 57326
302000 57354
303000 57362
304000 57381
305000 57390
306000 57405
307000 57414
308000 57431
309000 57447
310000 57465
311000 57477
312000 57495
313000 57511
314000 57531
315000 57551
316000 57566
317000 57582
318000 57596
319000 57617
320000 57640
321000 57654
322000 57664
323000 57681
324000 57692
325000 57707
326000 57727
327000 57736
328000 57750
329000 57769
330000 57782
331000 57794
332000 57812
333000 57825
334000 57844
335000 57865
336000 57870
337000 57882
338000 57886
339000 57901
340000 57920
341000 57931
342000 57943
343000 57954
344000 57966
345000 57977
346000 57994
347000 58012
348000 58028
349000 58043
350000 58045
351000 58054
352000 58066
353000 58079
354000 58096
355000 58109
356000 58137
357000 58155
358000 58164
359000 58177
360000 58200
361000 58216
362000 58230
363000 58255
364000 58269
365000 58284
366000 58300
367000 58307
368000 58324
369000 58339
370000 58348
371000 58362
372000 58375
373000 58387
374000 58394
375000 58407
376000 58421
377000 58446
378000 58464
379000 58484
380000 58499
381000 58514
382000 58525
383000 58538
384000 58552
385000 58573
386000 58594
387000 58605
388000 58618
389000 58628
390000 58647
391000 58661
392000 58674
393000 58683
394000 58695
395000 58707
396000 58727
397000 58737
398000 58753
399000 58763
400000 58779
401000 58800
402000 58810
403000 58827
404000 58840
405000 58850
406000 58862
407000 58880
408000 58904
409000 58924
410000 58947
411000 58956
412000 58971
413000 58978
414000 58990
415000 59001
416000 59014
417000 59026
418000 59044
419000 59061
420000 59084
421000 59101
422000 59115
423000 59131
424000 59154
425000 59169
426000 59178
427000 59194
428000 59212
429000 59235
430000 59244
431000 59249
432000 59262
433000 59272
434000 59291
435000 59305
436000 59339
437000 59359
438000 59369
439000 59390
440000 59407
441000 59428
442000 59447
443000 59458
444000 59472
445000 59488
446000 59504
447000 59521
448000 59532
449000 59559
450000 59581
451000 59596
452000 59618
453000 59641
454000 59661
455000 59686
456000 59704
457000 59726
458000 59756
459000 59773
460000 59791
461000 59807
462000 59821
463000 59845
464000 59865
465000 59895
466000 59904
467000 59918
468000 59944
469000 59951
470000 59970
471000 59989
472000 60008
473000 60026
474000 60049
475000 60070
476000 60089
477000 60097
478000 60122
479000 60142
480000 60161
481000 60174
482000 60195
483000 60209
484000 60234
485000 60255
486000 60269
487000 60288
488000 60299
489000 60325
490000 60357
491000 60380
492000 60402
493000 60427
494000 60436
495000 60452
496000 60475
497000 60495
498000 60508
499000 60524
500000 60544
501000 60579
502000 60591
503000 60615
504000 60631
505000 60653
506000 60669
507000 60682
508000 60706
509000 60722
510000 60754
511000 60775
512000 60788
513000 60814
514000 60838
515000 60866
516000 60889
517000 60903
518000 60932
519000 60950
520000 60968
521000 60979
522000 61000
523000 61017
524000 61036
525000 61071
526000 61094
527000 61122
528000 61137
529000 61162
530000 61188
531000 61213
532000 61243
533000 61268
534000 61297
535000 61334
536000 61356
537000 61371
538000 61386
539000 61408
540000 61435
541000 61449
542000 61468
543000 61492
544000 61514
545000 61530
546000 61559
547000 61576
548000 61598
549000 61626
550000 61651
551000 61680
552000 61692
553000 61713
554000 61737
555000 61765
556000 61793
557000 61813
558000 61840
559000 61873
560000 61891
561000 61919
562000 61944
563000 61976
564000 62003
565000 62025
566000 62051
567000 62081
568000 62110
569000 62138
570000 62164
571000 62190
572000 62208
573000 62226
574000 62255
575000 62285
576000 62314
577000 62344
578000 62376
579000 62400
580000 62424
581000 62456
582000 62494
583000 62517
584000 62540
585000 62574
586000 62600
587000 62631
588000 62657
589000 62686
590000 62718
591000 62754
592000 62779
593000 62801
594000 62834
595000 62874
596000 62905
597000 62942
598000 62977
599000 63009
600000 63031
601000 63052
602000 63080
603000 63111
604000 63148
605000 63177
606000 63207
607000 63238
608000 63274
609000 63297
610000 63335
611000 63372
612000 63403
613000 63430
614000 63459
615000 63483
616000 63509
617000 63538
618000 63563
619000 63596
620000 63630
621000 63656
622000 63678
623000 63704
624000 63734
625000 63766
626000 63798
627000 63834
628000 63863
629000 63893
630000 63936
631000 63966
632000 63999
633000 64041
634000 64075
635000 64112
636000 64152
637000 64186
638000 64221
639000 64270
640000 64310
641000 64344
642000 64382
643000 64418
644000 64454
645000 64489
646000 64525
647000 64561
648000 64597
649000 64625
650000 64649
651000 64693
652000 64730
653000 64767
654000 64797
655000 64833
656000 64878
657000 64918
658000 64957
659000 64999
660000 65036
661000 65072
662000 65099
663000 65135
664000 65168
665000 65216
666000 65254
667000 65281
668000 65329
669000 65377
670000 65405
671000 65450
672000 65478
673000 65509
674000 65545
675000 65588
676000 65620
677000 65682
678000 65717
679000 65763
680000 65799
681000 65839
682000 65881
683000 65927
684000 65980
685000 66036
686000 66071
687000 66130
688000 66164
689000 66212
690000 66248
691000 66291
692000 66320
693000 66366
694000 66417
695000 66467
696000 66520
697000 66573
698000 66626
699000 66669
700000 66723
701000 66767
702000 66819
703000 66879
704000 66927
705000 66980
706000 67030
707000 67080
708000 67133
709000 67187
710000 67245
711000 67295
712000 67343
713000 67394
714000 67466
715000 67511
716000 67560
717000 67627
718000 67679
719000 67726
720000 67767
721000 67817
722000 67856
723000 67911
724000 67978
725000 68022
726000 68073
727000 68126
728000 68188
729000 68253
730000 68315
731000 68381
732000 68447
733000 68514
734000 68569
735000 68626
736000 68695
737000 68742
738000 68806
739000 68880
740000 68952
741000 69015
742000 69085
743000 69141
744000 69198
745000 69271
746000 69327
747000 69391
748000 69452
749000 69505
750000 69573
751000 69638
752000 69709
753000 69778
754000 69845
755000 69930
756000 70014
757000 70102
758000 70178
759000 70264
760000 70344
761000 70412
762000 70484
763000 70563
764000 70637
765000 70708
766000 70794
767000 70883
768000 70971
769000 71047
770000 71163
771000 71256
772000 71357
773000 71447
774000 71538
775000 71634
776000 71730
777000 71826
778000 71943
779000 72058
780000 72179
781000 72312
782000 72471
783000 72615
784000 72782
785000 72924
786000 73082
787000 73239
788000 73416
789000 73599
790000 73791
791000 73974
792000 74179
793000 74372
794000 74553
795000 74781
796000 74997
797000 75200
798000 75422
799000 75635
800000 75838
801000 76071
802000 76292
803000 76522
804000 76744
805000 76983
806000 77202
807000 77413
808000 77649
809000 77864
810000 78079
811000 78313
812000 78534
813000 78795
814000 79063
815000 79307
816000 79561
817000 79818
818000 80078
819000 80340
820000 80627
821000 80885
822000 81146
823000 81434
824000 81719
825000 82021
826000 82302
827000 82588
828000 82933
829000 83257
830000 83559
831000 83861
832000 84172
833000 84464
834000 84801
835000 85086
836000 85400
837000 85712
838000 86045
839000 86359
840000 86693
841000 87030
842000 87388
843000 87765
844000 88113
845000 88459
846000 88829
847000 89205
848000 89572
849000 89926
850000 90300
851000 90673
852000 91048
853000 91415
854000 91803
855000 92182
856000 92561
857000 92966
858000 93367
859000 93785
860000 94221
861000 94602
862000 95075
863000 95518
864000 95920
865000 96332
866000 96748
867000 97200
868000 97629
869000 98105
870000 98584
871000 99043
872000 99545
873000 99982
874000 100460
875000 100938
876000 101400
877000 101893
878000 102351
879000 102859
880000 103364
881000 103850
882000 104371
883000 104856
884000 105380
885000 105984
886000 106524
887000 107064
888000 107621
889000 108154
890000 108726
891000 109355
892000 109925
893000 110508
894000 111088
895000 111722
896000 112343
897000 112982
898000 113571
899000 114220
900000 114866
901000 115532
902000 116181
903000 116818
904000 117502
905000 118176
906000 118889
907000 119555
908000 120198
909000 120910
910000 121569
911000 122284
912000 123037
913000 123715
914000 124424
915000 125127
916000 125869
917000 126604
918000 127415
919000 128216
920000 129026
921000 129894
922000 130777
923000 131616
924000 132486
925000 133406
926000 134371
927000 135286
928000 136201
929000 137162
930000 138148
931000 139182
932000 140243
933000 141329
934000 142397
935000 143510
936000 144629
937000 145722
938000 146848
939000 148009
940000 149252
941000 150438
942000 151688
943000 152883
944000 154089
945000 155296
946000 156506
947000 157839
948000 159107
949000 160419
950000 161719
951000 163057
952000 164459
953000 165798
954000 167158
955000 168579
956000 170076
957000 171533
958000 173053
959000 174590
960000 176239
961000 177848
962000 179554
963000 181181
964000 182929
965000 184760
966000 186506
967000 188381
968000 190414
969000 192544
970000 194629
971000 196700
972000 198795
973000 200871
974000 203003
975000 205219
976000 207497
977000 209630
978000 211909
979000 214086
980000 216294
981000 218572
982000 220940
983000 223293
984000 225780
985000 228228
986000 230615
987000 233046
988000 235471
989000 238000
990000 240474
991000 242964
992000 245472
993000 247896
994000 250505
995000 253087
996000 255731
997000 258400
998000 261048
999000 263786
1000000 266489
1001000 269120
1002000 271941
1003000 274789
1004000 277590
1005000 280427
1006000 283328
1007000 286199
1008000 289069
1009000 292023
1010000 295002
1011000 297969
1012000 300966
1013000 303998
1014000 307080
1015000 310221
1016000 313254
1017000 316438
1018000 319617
1019000 322732
1020000 325937
1021000 329161
1022000 332427
1023000 335796
1024000 339156
1025000 342466
1026000 345788
1027000 349140
1028000 352562
1029000 356091
1030000 359700
1031000 363076
1032000 366640
1033000 370232
1034000 373923
1035000 377618
1036000 381388
1037000 385185
1038000 388988
1039000 392912
1040000 396819
1041000 400709
1042000 404697
1043000 408781
1044000 412873
1045000 417046
1046000 421348
1047000 425709
1048000 430111
1049000 434560
1050000 439206
1051000 444953
1052000 451857
