0 9.72679
1000 9.72485
2000 9.71592
3000 9.72383
4000 9.71753
5000 9.71263
6000 9.72268
7000 9.7124
8000 9.72669
9000 9.73495
10000 9.73835
11000 9.75268
12000 9.74891
13000 9.73793
14000 9.75512
15000 9.74993
16000 9.77515
17000 9.75981
18000 9.75514
19000 9.76408
20000 9.75892
21000 9.76378
22000 9.75945
23000 9.7599
24000 9.75223
25000 9.76036
26000 9.75134
27000 9.74706
28000 9.76501
29000 9.76328
30000 9.7777
31000 9.76648
32000 9.75963
33000 9.77717
34000 9.7731
35000 9.77779
36000 9.77825
37000 9.76944
38000 9.78374
39000 9.79246
40000 9.80003
41000 9.80817
42000 9.79233
43000 9.80792
44000 9.79883
45000 9.79171
46000 9.80545
47000 9.79677
48000 9.8137
49000 9.81638
50000 9.81821
51000 9.82653
52000 9.81412
53000 9.81739
54000 9.81576
55000 9.79731
56000 9.8148
57000 9.79122
58000 9.81436
59000 9.80245
60000 9.80624
61000 9.82393
62000 9.81041
63000 9.80415
64000 9.81352
65000 9.79553
66000 9.81357
67000 9.7913
68000 9.80059
69000 9.81484
70000 9.81976
71000 9.82206
72000 9.8189
73000 9.82709
74000 9.82132
75000 9.82011
76000 9.82215
77000 9.79791
78000 9.81207
79000 9.81692
80000 9.80192
81000 9.80635
82000 9.80979
83000 9.80249
84000 9.8109
85000 9.79731
86000 9.80073
87000 9.82671
88000 9.81148
89000 9.83085
90000 9.82138
91000 9.81867
92000 9.82961
93000 9.81499
94000 9.81535
95000 9.8152
96000 9.81872
97000 9.81844
98000 9.81195
99000 9.81406
100000 9.82631
101000 9.80836
102000 9.81344
103000 9.80923
104000 9.80695
105000 9.82738
106000 9.81763
107000 9.82447
108000 9.84268
109000 9.83819
110000 9.85127
111000 9.84735
112000 9.84561
113000 9.84093
114000 9.85185
115000 9.85032
116000 9.85307
117000 9.84928
118000 9.86727
119000 9.8543
120000 9.87106
121000 9.86611
122000 9.85882
123000 9.86067
124000 9.85465
125000 9.86143
126000 9.84719
127000 9.84948
128000 9.86892
129000 9.86726
130000 9.86752
131000 9.88855
132000 9.88315
133000 9.90853
134000 9.88264
135000 9.8978
136000 9.9056
137000 9.88582
138000 9.92055
139000 9.90805
140000 9.91509
141000 9.92337
142000 9.90458
143000 9.92097
144000 9.91623
145000 9.90114
146000 9.93796
147000 9.92275
148000 9.93108
149000 9.93973
150000 9.91446
151000 9.93851
152000 9.91292
153000 9.91929
154000 9.93278
155000 9.92038
156000 9.93802
157000 9.93125
158000 9.93426
159000 9.93752
160000 9.92735
161000 9.94377
162000 9.94682
163000 9.93384
164000 9.95119
165000 9.95514
166000 9.9717
167000 9.96084
168000 9.97051
169000 9.96858
170000 9.96663
171000 9.987
172000 9.99146
173000 9.98
174000 9.99539
175000 9.99379
176000 10.0036
177000 10.0162
178000 9.99877
179000 10.0286
180000 10.0143
181000 10.022
182000 10.0182
183000 10.0087
184000 10.0282
185000 10.0226
186000 10.0336
187000 10.0295
188000 10.0387
189000 10.0406
190000 10.0436
191000 10.0447
192000 10.044
193000 10.0465
194000 10.0336
195000 10.0384
196000 10.0345
197000 10.0343
198000 10.0415
199000 10.0385
200000 10.0668
201000 10.0604
202000 10.0738
203000 10.0744
204000 10.0653
205000 10.0663
206000 10.0671
207000 10.087
208000 10.0816
209000 10.0784
210000 10.0832
211000 10.084
212000 10.0746
213000 10.0793
214000 10.0841
215000 10.0862
216000 10.0909
217000 10.0945
218000 10.0989
219000 10.0969
220000 10.1057
221000 10.1144
222000 10.1381
223000 10.1323
224000 10.1388
225000 10.1464
226000 10.1397
227000 10.1404
228000 10.1516
229000 10.1475
230000 10.1642
231000 10.164
232000 10.1707
233000 10.1601
234000 10.1639
235000 10.1624
236000 10.1562
237000 10.1563
238000 10.1489
239000 10.1765
240000 10.1802
241000 10.1596
242000 10.18
243000 10.1672
244000 10.1832
245000 10.1837
246000 10.1762
247000 10.1876
248000 10.2027
249000 10.2213
250000 10.2117
251000 10.2151
252000 10.213
253000 10.2171
254000 10.2127
255000 10.1968
256000 10.208
257000 10.2039
258000 10.2033
259000 10.2064
260000 10.1844
261000 10.2119
262000 10.2131
263000 10.2163
264000 10.2317
265000 10.2281
266000 10.2425
267000 10.244
268000 10.2508
269000 10.2592
270000 10.2635
271000 10.2683
272000 10.2683
273000 10.2563
274000 10.2752
275000 10.2598
276000 10.275
277000 10.2701
278000 10.2793
279000 10.2795
280000 10.2798
281000 10.2906
282000 10.2868
283000 10.289
284000 10.2826
285000 10.2834
286000 10.2971
287000 10.3062
288000 10.3147
289000 10.3188
290000 10.338
291000 10.342
292000 10.3515
293000 10.3447
294000 10.3494
295000 10.3692
296000 10.3716
297000 10.3961
298000 10.3805
299000 10.3825
300000 10.4121
301000 10.3981
302000 10.4196
303000 10.4236
304000 10.4001
305000 10.4373
306000 10.4104
307000 10.4243
308000 10.4331
309000 10.4169
310000 10.4316
311000 10.4126
312000 10.4173
313000 10.4263
314000 10.407
315000 10.4304
316000 10.4113
317000 10.4199
318000 10.4269
319000 10.4182
320000 10.4481
321000 10.4541
322000 10.4438
323000 10.4399
324000 10.4462
325000 10.458
326000 10.4578
327000 10.4649
328000 10.4994
329000 10.4856
330000 10.4945
331000 10.4932
332000 10.4757
333000 10.4818
334000 10.485
335000 10.4996
336000 10.4989
337000 10.508
338000 10.5265
339000 10.5163
340000 10.5359
341000 10.5413
342000 10.5519
343000 10.5572
344000 10.5521
345000 10.5679
346000 10.5518
347000 10.5827
348000 10.5628
349000 10.5775
350000 10.5922
351000 10.5901
352000 10.6064
353000 10.6031
354000 10.6047
355000 10.6046
356000 10.596
357000 10.6032
358000 10.5972
359000 10.6028
360000 10.62
361000 10.6012
362000 10.6018
363000 10.5947
364000 10.5921
365000 10.6119
366000 10.6017
367000 10.6072
368000 10.6204
369000 10.6055
370000 10.6267
371000 10.627
372000 10.6359
373000 10.6516
374000 10.6386
375000 10.6444
376000 10.6638
377000 10.6459
378000 10.6641
379000 10.6484
380000 10.6693
381000 10.6951
382000 10.668
383000 10.6787
384000 10.6727
385000 10.6463
386000 10.6712
387000 10.6566
388000 10.6783
389000 10.7024
390000 10.6734
391000 10.7124
392000 10.7177
393000 10.6978
394000 10.7385
395000 10.7206
396000 10.7431
397000 10.7439
398000 10.7316
399000 10.7629
400000 10.7432
401000 10.7448
402000 10.7501
403000 10.7215
404000 10.7488
405000 10.7368
406000 10.7464
407000 10.7656
408000 10.748
409000 10.797
410000 10.8021
411000 10.8216
412000 10.8438
413000 10.8324
414000 10.8454
415000 10.8483
416000 10.8401
417000 10.877
418000 10.8714
419000 10.8729
420000 10.8721
421000 10.874
422000 10.8963
423000 10.8923
424000 10.8938
425000 10.9164
426000 10.9263
427000 10.9428
428000 10.9367
429000 10.9352
430000 10.9533
431000 10.9344
432000 10.9444
433000 10.9537
434000 10.9408
435000 10.9552
436000 10.9419
437000 10.9646
438000 10.9772
439000 10.9994
440000 11.025
441000 11.0316
442000 11.0393
443000 11.0527
444000 11.0636
445000 11.051
446000 11.0592
447000 11.0654
448000 11.059
449000 11.0735
450000 11.0663
451000 11.0816
452000 11.0743
453000 11.0875
454000 11.0916
455000 11.0906
456000 11.1121
457000 11.1108
458000 11.1174
459000 11.1306
460000 11.1361
461000 11.1592
462000 11.1494
463000 11.1586
464000 11.1708
465000 11.1763
466000 11.1857
467000 11.2046
468000 11.2099
469000 11.2301
470000 11.2204
471000 11.2462
472000 11.2399
473000 11.2472
474000 11.2809
475000 11.2603
476000 11.291
477000 11.2813
478000 11.2727
479000 11.2966
480000 11.2813
481000 11.3019
482000 11.2945
483000 11.2999
484000 11.3062
485000 11.2856
486000 11.3074
487000 11.3017
488000 11.3168
489000 11.3326
490000 11.3273
491000 11.3448
492000 11.3379
493000 11.3357
494000 11.3491
495000 11.3539
496000 11.3525
497000 11.3671
498000 11.3883
499000 11.4183
500000 11.4171
501000 11.4221
502000 11.4279
503000 11.4349
504000 11.4558
505000 11.4653
506000 11.4689
507000 11.4868
508000 11.4789
509000 11.5136
510000 11.5026
511000 11.5166
512000 11.5273
513000 11.5282
514000 11.5306
515000 11.5306
516000 11.5335
517000 11.5493
518000 11.5405
519000 11.533
520000 11.5554
521000 11.5611
522000 11.5734
523000 11.5892
524000 11.5905
525000 11.5845
526000 11.5987
527000 11.6165
528000 11.6246
529000 11.6333
530000 11.6468
531000 11.6608
532000 11.6538
533000 11.6726
534000 11.6571
535000 11.6854
536000 11.6921
537000 11.6936
538000 11.7161
539000 11.7152
540000 11.7222
541000 11.7543
542000 11.7612
543000 11.7841
544000 11.7798
545000 11.7736
546000 11.79
547000 11.8009
548000 11.8231
549000 11.8113
550000 11.8265
551000 11.8335
552000 11.8204
553000 11.8465
554000 11.8299
555000 11.8352
556000 11.8717
557000 11.8549
558000 11.8908
559000 11.886
560000 11.8815
561000 11.9233
562000 11.914
563000 11.9218
564000 11.9605
565000 11.9314
566000 11.9547
567000 11.956
568000 11.957
569000 12.0108
570000 12.0102
571000 12.0339
572000 12.0549
573000 12.0417
574000 12.0936
575000 12.0821
576000 12.0989
577000 12.1301
578000 12.0993
579000 12.1424
580000 12.1626
581000 12.1495
582000 12.1881
583000 12.1614
584000 12.1939
585000 12.1937
586000 12.1899
587000 12.2133
588000 12.2091
589000 12.2171
590000 12.2589
591000 12.2362
592000 12.2599
593000 12.2748
594000 12.2781
595000 12.2993
596000 12.2929
597000 12.2983
598000 12.3234
599000 12.3127
600000 12.3344
601000 12.3454
602000 12.3513
603000 12.372
604000 12.3713
605000 12.3986
606000 12.4185
607000 12.4098
608000 12.4281
609000 12.4527
610000 12.4443
611000 12.4622
612000 12.4686
613000 12.4933
614000 12.4941
615000 12.5266
616000 12.5385
617000 12.5357
618000 12.5679
619000 12.5759
620000 12.5819
621000 12.6185
622000 12.6368
623000 12.6694
624000 12.6943
625000 12.7021
626000 12.7309
627000 12.7559
628000 12.7567
629000 12.7861
630000 12.7916
631000 12.82
632000 12.8531
633000 12.8543
634000 12.8914
635000 12.9003
636000 12.9035
637000 12.9396
638000 12.924
639000 12.95
640000 12.9824
641000 12.9684
642000 12.9906
643000 12.9946
644000 13.0025
645000 13.0357
646000 13.0564
647000 13.0603
648000 13.082
649000 13.11
650000 13.1315
651000 13.1657
652000 13.168
653000 13.1981
654000 13.2118
655000 13.2331
656000 13.2566
657000 13.2609
658000 13.2792
659000 13.2933
660000 13.3187
661000 13.326
662000 13.3516
663000 13.3617
664000 13.3948
665000 13.4362
666000 13.4662
667000 13.526
668000 13.5367
669000 13.555
670000 13.6023
671000 13.6118
672000 13.6607
673000 13.687
674000 13.7105
675000 13.7645
676000 13.7877
677000 13.8258
678000 13.8721
679000 13.9091
680000 13.9396
681000 13.9777
682000 14.0269
683000 14.0305
684000 14.0781
685000 14.0998
686000 14.1392
687000 14.1737
688000 14.1757
689000 14.2138
690000 14.2437
691000 14.2831
692000 14.3057
693000 14.3223
694000 14.3253
695000 14.3332
696000 14.3785
697000 14.3971
698000 14.398
699000 14.4311
700000 14.4481
701000 14.4617
702000 14.5203
703000 14.5242
704000 14.5418
705000 14.584
706000 14.5849
707000 14.668
708000 14.6619
709000 14.7019
710000 14.745
711000 14.7547
712000 14.7996
713000 14.7974
714000 14.8184
715000 14.8646
716000 14.8957
717000 14.9258
718000 14.966
719000 15.0087
720000 15.0714
721000 15.0973
722000 15.1406
723000 15.1924
724000 15.2198
725000 15.28
726000 15.3381
727000 15.3849
728000 15.3886
729000 15.4364
730000 15.4623
731000 15.5319
732000 15.5537
733000 15.6124
734000 15.6686
735000 15.728
736000 15.7804
737000 15.832
738000 15.9052
739000 15.912
740000 15.9665
741000 15.9874
742000 16.0452
743000 16.0945
744000 16.1673
745000 16.1843
746000 16.2762
747000 16.2876
748000 16.373
749000 16.4583
750000 16.5456
751000 16.6272
752000 16.6941
753000 16.7925
754000 16.8834
755000 16.9165
756000 16.9827
757000 17.0204
758000 17.0598
759000 17.156
760000 17.2217
761000 17.3257
762000 17.3996
763000 17.4718
764000 17.5855
765000 17.6998
766000 17.8458
767000 18.0224
768000 18.1222
769000 18.3152
770000 18.4457
771000 18.6413
772000 18.8768
773000 19.1264
774000 19.404
775000 19.7277
776000 20.0795
777000 20.4168
778000 20.8452
779000 21.3186
780000 22.0025
781000 22.6873
782000 23.5266
783000 24.3316
784000 25.324
785000 26.1406
786000 27.1219
787000 27.9469
788000 28.8268
789000 29.7274
790000 30.4226
791000 31.1025
792000 31.3901
793000 31.6301
794000 31.6807
795000 31.6566
796000 31.5815
797000 31.6906
798000 31.876
799000 32.132
800000 32.1382
801000 32.2307
802000 32.2391
803000 32.3323
804000 32.6452
805000 33.0964
806000 33.3518
807000 33.7697
808000 34.0739
809000 34.4927
810000 34.7737
811000 34.7399
812000 34.8935
813000 34.9551
814000 35.048
815000 35.3027
816000 35.4154
817000 35.7101
818000 36.0149
819000 36.626
820000 37.3041
821000 37.9497
822000 38.5039
823000 38.7856
824000 38.5567
825000 38.6377
826000 38.4668
827000 38.7314
828000 38.6403
829000 38.4844
830000 38.5544
831000 38.7267
832000 38.8301
833000 38.9421
834000 38.9755
835000 39.194
836000 39.5956
837000 39.8829
838000 40.1858
839000 40.7389
840000 41.5436
841000 41.6652
842000 42.4675
843000 43.2941
844000 43.2737
845000 44.0922
846000 44.3999
847000 44.4045
848000 44.8738
849000 45.1102
850000 45.1987
851000 45.5795
852000 45.7931
853000 46.0578
854000 46.2145
855000 46.5201
856000 46.5769
857000 46.6282
858000 47.3091
859000 47.6919
860000 48.1749
861000 48.7259
862000 49.2939
863000 49.6791
864000 50.0747
865000 50.3424
866000 50.1602
867000 50.6193
868000 50.2176
869000 50.5403
870000 50.8644
871000 50.6525
872000 51.0377
873000 50.9565
874000 51.5852
875000 51.6388
876000 52.0546
877000 52.5939
878000 52.6332
879000 53.2202
880000 53.4262
881000 54.2345
882000 54.7752
883000 55.1112
884000 55.1908
885000 56.7217
886000 56.5253
887000 58.3559
888000 58.9081
889000 59.4684
890000 60.1879
891000 60.8534
892000 62.2145
893000 63.4103
894000 63.7714
895000 64.353
896000 65.8365
897000 65.7596
898000 66.5444
899000 67.1444
900000 66.8246
901000 66.3656
902000 66.5977
903000 66.3892
904000 66.6958
905000 67.1183
906000 67.0123
907000 67.1673
908000 67.2067
909000 67.331
910000 67.6575
911000 67.7715
912000 68.3305
913000 68.8875
914000 69.8835
915000 71.5651
916000 72.6187
917000 73.9282
918000 74.9957
919000 76.2099
920000 77.8947
921000 82.0768
922000 88.8879
923000 94.0793
924000 96.212
925000 98.0942
926000 99.9459
927000 100.156
928000 103.161
929000 108.815
930000 113.095
931000 117.795
932000 120.177
933000 121.328
934000 120.169
935000 119.864
936000 121.073
937000 123.174
938000 126.035
939000 128.26
940000 128.637
941000 128.635
942000 128.581
943000 130.009
944000 134.313
945000 137.56
946000 140.705
947000 140.986
948000 140.84
949000 141.104
950000 141.6
951000 142.898
952000 146.309
953000 149.307
954000 150.663
955000 150.423
956000 149.991
957000 153.245
958000 163.89
959000 169.39
960000 175.652
961000 180.859
962000 183.55
963000 183.649
964000 185.687
965000 192.308
966000 202.083
967000 217.994
968000 230.627
969000 233.764
970000 234.677
971000 233.404
972000 232.285
973000 232.362
974000 233.818
975000 235.735
976000 234.275
977000 232.771
978000 229.956
979000 227.897
980000 227.321
981000 227.137
982000 227.018
983000 225.56
984000 223.6
985000 221.63
986000 219.962
987000 218.359
988000 217.309
989000 215.843
990000 214.574
991000 212.862
992000 211.414
993000 210.163
994000 209.002
995000 207.678
996000 206.942
997000 205.782
998000 204.672
999000 203.356
1000000 202.294
1001000 201.339
1002000 200.013
1003000 198.936
1004000 197.729
1005000 196.661
1006000 195.799
1007000 195.005
1008000 194.048
1009000 193.141
1010000 192.349
1011000 191.608
1012000 190.879
1013000 189.997
1014000 189.081
1015000 188.28
1016000 187.57
1017000 186.929
1018000 186.459
1019000 185.842
1020000 185.355
1021000 184.968
1022000 184.304
1023000 183.691
1024000 183.005
1025000 182.697
1026000 182.416
1027000 181.955
1028000 181.604
1029000 181.22
1030000 180.982
1031000 180.887
1032000 180.656
1033000 180.288
1034000 180.095
1035000 179.627
1036000 179.861
1037000 180.309
1038000 180.302
1039000 180.691
1040000 180.802
1041000 180.972
1042000 181.082
1043000 180.883
1044000 181.138
1045000 181.922
1046000 182.551
1047000 183.784
1048000 186.27
1049000 190.531
1050000 225.048
1051000 354.124
1052000 556.615
