0   -1.59206e-06
1000   -2.12344e-06
2000   -1.89219e-06
3000   -1.86385e-06
4000   -1.44386e-06
5000   -9.12738e-07
6000   -1.85323e-07
7000   4.75855e-07
8000   7.36228e-07
9000   1.67968e-06
10000   1.18393e-06
11000   8.47391e-07
12000   9.34052e-07
13000   1.15369e-06
14000   1.79231e-07
15000   -1.80424e-07
16000   -6.75324e-07
17000   -6.68697e-07
18000   -1.38662e-06
19000   -2.38055e-06
20000   -1.30519e-06
21000   -1.64559e-06
22000   -1.58094e-06
23000   -1.82306e-06
24000   -1.05702e-06
25000   -1.02417e-06
26000   -3.58875e-07
27000   1.93586e-07
28000   1.20859e-06
29000   9.79256e-07
30000   7.92995e-07
31000   9.03973e-07
32000   8.81566e-07
33000   4.05556e-07
34000   4.90081e-07
35000   2.53829e-07
36000   -8.80984e-08
37000   -1.84223e-07
38000   -6.49115e-07
39000   -9.21361e-07
40000   5.86189e-07
41000   2.42166e-07
42000   6.05712e-08
43000   1.77553e-07
44000   1.38868e-07
45000   6.32186e-07
46000   3.23609e-07
47000   1.24118e-06
48000   1.9208e-06
49000   2.42698e-06
50000   2.17252e-06
51000   2.13414e-06
52000   2.67472e-06
53000   2.47112e-06
54000   2.21198e-06
55000   2.36565e-06
56000   1.2889e-06
57000   1.37047e-06
58000   1.32641e-06
59000   3.5663e-07
60000   1.47327e-06
61000   1.33815e-06
62000   1.56414e-06
63000   1.62113e-06
64000   1.34346e-06
65000   1.2858e-06
66000   1.6186e-06
67000   1.53387e-06
68000   2.27142e-06
69000   2.50914e-06
70000   1.85597e-06
71000   1.77595e-06
72000   1.19585e-06
73000   7.69411e-07
74000   4.37393e-07
75000   5.33841e-07
76000   2.33235e-07
77000   2.90318e-07
78000   -2.3815e-07
79000   6.08611e-07
80000   1.20818e-06
81000   1.13709e-06
82000   1.28435e-06
83000   1.44289e-06
84000   1.15664e-06
85000   1.05718e-06
86000   1.18236e-06
87000   1.02758e-06
88000   7.67019e-07
89000   -1.16952e-07
90000   5.33931e-07
91000   1.14003e-07
92000   -2.70813e-07
93000   1.87733e-07
94000   9.45249e-08
95000   -2.05179e-07
96000   -5.43686e-07
97000   -8.27038e-07
98000   -8.68851e-07
99000   4.69169e-08
100000   -3.6076e-07
101000   -1.93927e-07
102000   2.24869e-07
103000   8.77361e-07
104000   1.45777e-06
105000   1.54364e-06
106000   1.41945e-06
107000   1.14214e-06
108000   4.3579e-07
109000   5.70277e-07
110000   1.44483e-06
111000   1.23043e-06
112000   1.03004e-06
113000   1.18713e-06
114000   8.30967e-07
115000   -1.1194e-07
116000   -6.85362e-07
117000   -8.09188e-07
118000   -8.94884e-07
119000   -6.74115e-07
120000   5.54422e-07
121000   5.76617e-07
122000   4.09697e-07
123000   6.53017e-07
124000   7.08014e-07
125000   6.48511e-07
126000   6.00382e-07
127000   2.10436e-07
128000   -5.17604e-08
129000   -4.13366e-07
130000   -3.96171e-07
131000   -1.26098e-06
132000   -1.31694e-06
133000   -1.64937e-06
134000   -1.75857e-06
135000   -1.7756e-06
136000   -1.17918e-06
137000   -9.41329e-07
138000   -1.19332e-07
139000   5.10535e-07
140000   5.94531e-07
141000   1.27273e-06
142000   1.25936e-06
143000   1.61213e-06
144000   2.16821e-06
145000   2.33782e-06
146000   2.15362e-06
147000   1.34579e-06
148000   1.33313e-06
149000   2.09833e-06
150000   2.35073e-06
151000   2.11397e-06
152000   1.90877e-06
153000   1.3796e-06
154000   1.37737e-06
155000   6.85895e-07
156000   7.29818e-07
157000   8.09513e-07
158000   1.70102e-06
159000   1.21574e-06
160000   2.01713e-06
161000   1.94756e-06
162000   1.78948e-06
163000   1.73646e-06
164000   2.08447e-06
165000   1.25763e-06
166000   1.04894e-06
167000   8.10656e-07
168000   1.4127e-06
169000   1.86641e-06
170000   2.27971e-06
171000   1.7706e-06
172000   1.01552e-06
173000   6.1415e-07
174000   4.10863e-07
175000   4.9162e-08
176000   1.21606e-07
177000   1.39473e-06
178000   1.32716e-06
179000   1.44818e-06
180000   3.39009e-06
181000   4.38287e-06
182000   5.29897e-06
183000   6.41629e-06
184000   6.85647e-06
185000   6.97207e-06
186000   6.44708e-06
187000   6.75936e-06
188000   6.01209e-06
189000   4.60475e-06
190000   2.43992e-06
191000   1.74178e-06
192000   1.67036e-06
193000   1.63612e-06
194000   1.22998e-06
195000   7.77785e-07
196000   1.11382e-06
197000   1.65226e-06
198000   1.84165e-06
199000   2.60447e-06
200000   2.00035e-06
201000   2.55595e-06
202000   2.60039e-06
203000   3.15349e-06
204000   4.03824e-06
205000   4.52107e-06
206000   4.79092e-06
207000   5.07174e-06
208000   4.98665e-06
209000   5.37593e-06
210000   5.65644e-06
211000   5.68569e-06
212000   5.04629e-06
213000   4.9403e-06
214000   4.8153e-06
215000   4.63483e-06
216000   4.61985e-06
217000   4.11503e-06
218000   3.42454e-06
219000   4.10116e-06
220000   5.18811e-06
221000   4.99919e-06
222000   5.26394e-06
223000   5.33721e-06
224000   5.92105e-06
225000   6.26399e-06
226000   6.04839e-06
227000   5.96891e-06
228000   6.07768e-06
229000   6.6975e-06
230000   7.61361e-06
231000   7.98792e-06
232000   7.94601e-06
233000   8.1411e-06
234000   7.73569e-06
235000   8.08983e-06
236000   8.26125e-06
237000   7.95409e-06
238000   7.46308e-06
239000   7.1534e-06
240000   3.98916e-06
241000   4.0894e-06
242000   3.6587e-06
243000   3.32868e-06
244000   2.99839e-06
245000   2.26518e-06
246000   3.72563e-06
247000   4.08165e-06
248000   4.32473e-06
249000   3.90776e-06
250000   1.70144e-06
251000   1.56398e-06
252000   1.54372e-06
253000   1.53906e-06
254000   1.00685e-06
255000   6.48006e-07
256000   1.05243e-06
257000   1.61155e-06
258000   2.02721e-06
259000   1.65274e-06
260000   2.11175e-06
261000   2.32833e-06
262000   2.65343e-06
263000   3.32256e-06
264000   3.55947e-06
265000   3.97275e-06
266000   4.75026e-06
267000   4.47471e-06
268000   4.71352e-06
269000   5.22792e-06
270000   3.00892e-06
271000   3.34578e-06
272000   3.44698e-06
273000   3.69457e-06
274000   3.63727e-06
275000   3.1459e-06
276000   2.79077e-06
277000   2.72354e-06
278000   2.33522e-06
279000   1.55058e-06
280000   2.66148e-06
281000   2.73793e-06
282000   2.76925e-06
283000   2.83668e-06
284000   2.71228e-06
285000   3.17705e-06
286000   2.8543e-06
287000   2.27396e-06
288000   1.12613e-06
289000   5.90995e-07
290000   1.61751e-06
291000   1.76076e-06
292000   1.41759e-06
293000   1.43629e-06
294000   1.3714e-06
295000   1.16608e-06
296000   1.08943e-06
297000   8.13225e-07
298000   1.1787e-06
299000   7.67036e-07
300000   -1.31188e-06
301000   -1.48274e-06
302000   -1.36102e-06
303000   -1.76633e-06
304000   -1.48602e-06
305000   -1.22933e-06
306000   -3.49531e-07
307000   9.51654e-07
308000   1.4235e-06
309000   1.88097e-06
310000   2.09643e-06
311000   2.54938e-06
312000   2.46949e-06
313000   2.7525e-06
314000   3.00937e-06
315000   3.17737e-06
316000   2.76821e-06
317000   2.72185e-06
318000   3.35214e-06
319000   1.9451e-06
320000   3.2629e-06
321000   3.15881e-06
322000   3.03377e-06
323000   2.53484e-06
324000   2.40315e-06
325000   1.8458e-06
326000   1.8932e-06
327000   1.48508e-06
328000   1.80896e-06
329000   1.27309e-06
330000   1.2257e-06
331000   1.19308e-06
332000   1.28664e-06
333000   1.04941e-06
334000   1.58479e-06
335000   1.72452e-06
336000   1.25556e-06
337000   1.44227e-06
338000   1.64081e-06
339000   2.59928e-06
340000   2.09671e-06
341000   1.93983e-06
342000   1.9072e-06
343000   1.30582e-06
344000   9.35176e-07
345000   -4.20047e-08
346000   2.45002e-07
347000   -4.60415e-07
348000   -8.23343e-07
349000   -1.41906e-06
350000   -9.28871e-07
351000   -9.09951e-07
352000   -1.53941e-06
353000   -4.93983e-07
354000   -3.71818e-07
355000   6.31558e-07
356000   1.52873e-06
357000   1.99994e-06
358000   3.60625e-06
359000   3.61769e-06
360000   2.04139e-06
361000   2.05211e-06
362000   1.51699e-06
363000   7.86587e-07
364000   -1.19394e-07
365000   -4.50187e-07
366000   -1.47822e-06
367000   -1.82848e-06
368000   -2.4711e-06
369000   -3.06682e-06
370000   -2.42781e-06
371000   -2.14221e-06
372000   -1.6587e-06
373000   -8.26736e-07
374000   1.38261e-07
375000   9.7311e-07
376000   1.98962e-06
377000   2.42131e-06
378000   3.2188e-06
379000   3.14509e-06
380000   2.63089e-06
381000   2.89243e-06
382000   2.60832e-06
383000   2.0537e-06
384000   1.25131e-06
385000   1.14648e-06
386000   7.8884e-07
387000   -4.29872e-08
388000   -9.52306e-07
389000   -8.9453e-07
390000   -1.06152e-06
391000   -1.60894e-06
392000   -1.73587e-06
393000   -1.57429e-06
394000   -8.21219e-07
395000   -7.70674e-07
396000   -1.11017e-07
397000   -8.37699e-07
398000   -1.20238e-07
399000   7.27481e-07
400000   8.74466e-07
401000   1.19702e-06
402000   1.34355e-06
403000   1.90388e-06
404000   1.77306e-06
405000   1.66387e-06
406000   1.03405e-06
407000   9.43115e-07
408000   -6.8712e-07
409000   -8.37309e-07
410000   -9.75802e-07
411000   -1.08899e-06
412000   -1.54907e-06
413000   -1.37324e-06
414000   -1.37124e-06
415000   -1.37378e-06
416000   -1.20652e-06
417000   -3.7815e-07
418000   6.4268e-07
419000   8.7546e-07
420000   1.30346e-06
421000   1.41601e-06
422000   2.15488e-06
423000   2.8448e-06
424000   3.26671e-06
425000   3.66395e-06
426000   3.5851e-06
427000   2.54942e-06
428000   1.3072e-06
429000   1.04518e-06
430000   8.34929e-07
431000   9.30525e-07
432000   9.3216e-07
433000   6.71292e-07
434000   4.355e-07
435000   1.03245e-06
436000   1.45438e-06
437000   1.25676e-06
438000   1.54318e-06
439000   7.05791e-07
440000   1.68323e-06
441000   1.93426e-06
442000   2.30427e-06
443000   2.78644e-06
444000   2.46592e-06
445000   3.14257e-06
446000   3.47344e-06
447000   3.49398e-06
448000   5.13152e-06
449000   4.59312e-06
450000   4.61614e-06
451000   4.06517e-06
452000   3.56317e-06
453000   3.08834e-06
454000   2.61897e-06
455000   2.66831e-06
456000   2.82827e-06
457000   2.44246e-06
458000   2.39825e-06
459000   1.65086e-06
460000   3.98595e-06
461000   4.23373e-06
462000   4.90806e-06
463000   5.55942e-06
464000   4.65136e-06
465000   4.53427e-06
466000   5.14472e-06
467000   4.82809e-06
468000   5.32048e-06
469000   5.48488e-06
470000   4.17263e-06
471000   3.31138e-06
472000   2.33217e-06
473000   1.60683e-06
474000   1.62639e-06
475000   1.10086e-06
476000   8.55496e-07
477000   2.18331e-06
478000   2.83501e-06
479000   3.23246e-06
480000   4.34317e-06
481000   4.85365e-06
482000   4.90964e-06
483000   5.1554e-06
484000   4.87646e-06
485000   5.19482e-06
486000   4.82015e-06
487000   4.36361e-06
488000   3.58716e-06
489000   2.98801e-06
490000   4.23993e-06
491000   3.73282e-06
492000   3.27937e-06
493000   3.48776e-06
494000   3.75332e-06
495000   3.74493e-06
496000   3.79148e-06
497000   4.87091e-06
498000   4.76622e-06
499000   5.47023e-06
500000   6.10347e-06
501000   6.3589e-06
502000   6.33775e-06
503000   7.89538e-06
504000   8.30431e-06
505000   8.49248e-06
506000   8.13821e-06
507000   7.9448e-06
508000   6.23833e-06
509000   4.61534e-06
510000   5.62042e-06
511000   5.19466e-06
512000   4.4345e-06
513000   3.96297e-06
514000   3.84134e-06
515000   4.20903e-06
516000   4.40108e-06
517000   4.43321e-06
518000   4.97413e-06
519000   5.64274e-06
520000   5.6099e-06
521000   6.28428e-06
522000   6.67858e-06
523000   7.02377e-06
524000   7.68284e-06
525000   7.68435e-06
526000   7.60684e-06
527000   6.78883e-06
528000   5.9217e-06
529000   5.60714e-06
530000   6.35066e-06
531000   5.54547e-06
532000   4.65445e-06
533000   3.53971e-06
534000   3.39694e-06
535000   2.83256e-06
536000   4.12636e-06
537000   3.9646e-06
538000   4.27057e-06
539000   4.98487e-06
540000   7.09354e-06
541000   7.4407e-06
542000   7.48101e-06
543000   7.97471e-06
544000   7.95986e-06
545000   8.14333e-06
546000   8.54496e-06
547000   9.39883e-06
548000   8.65125e-06
549000   8.41433e-06
550000   5.95515e-06
551000   5.8492e-06
552000   5.69568e-06
553000   5.08851e-06
554000   4.70498e-06
555000   5.29045e-06
556000   4.6165e-06
557000   4.8262e-06
558000   4.89392e-06
559000   5.31171e-06
560000   5.59374e-06
561000   5.76355e-06
562000   5.84822e-06
563000   6.42894e-06
564000   5.88351e-06
565000   5.91412e-06
566000   5.84496e-06
567000   5.85421e-06
568000   5.06246e-06
569000   5.15565e-06
570000   3.56212e-06
571000   2.94686e-06
572000   1.8841e-06
573000   1.55147e-06
574000   1.61384e-06
575000   2.48089e-06
576000   3.01945e-06
577000   3.75058e-06
578000   3.83887e-06
579000   4.10888e-06
580000   5.2897e-06
581000   6.33974e-06
582000   7.13328e-06
583000   7.14195e-06
584000   7.03668e-06
585000   6.60306e-06
586000   6.32541e-06
587000   6.20036e-06
588000   5.06627e-06
589000   2.90743e-06
590000   1.42905e-06
591000   2.79502e-07
592000   1.13188e-07
593000   -5.54626e-07
594000   -5.63612e-08
595000   2.61443e-08
596000   4.31028e-07
597000   1.55803e-06
598000   2.42214e-06
599000   3.92274e-06
600000   4.38168e-06
601000   4.92379e-06
602000   5.11538e-06
603000   5.45249e-06
604000   5.66825e-06
605000   5.55782e-06
606000   4.53792e-06
607000   2.90279e-06
608000   1.80107e-06
609000   1.37364e-06
610000   4.26166e-07
611000   -1.12662e-07
612000   -1.53984e-07
613000   4.27395e-09
614000   5.1459e-07
615000   1.39483e-06
616000   2.51534e-06
617000   3.08036e-06
618000   3.25062e-06
619000   3.86845e-06
620000   3.42979e-06
621000   4.0742e-06
622000   4.66517e-06
623000   5.49325e-06
624000   5.35926e-06
625000   5.31682e-06
626000   4.05744e-06
627000   2.80767e-06
628000   2.43407e-06
629000   1.22111e-06
630000   3.48624e-06
631000   3.34444e-06
632000   3.32066e-06
633000   3.01987e-06
634000   4.41175e-06
635000   5.57637e-06
636000   5.99309e-06
637000   7.55286e-06
638000   7.90757e-06
639000   7.45112e-06
640000   5.64365e-06
641000   6.04567e-06
642000   6.0603e-06
643000   5.71899e-06
644000   5.58946e-06
645000   5.08819e-06
646000   4.41691e-06
647000   5.02973e-06
648000   4.39662e-06
649000   3.78985e-06
650000   4.29453e-06
651000   3.53181e-06
652000   3.41536e-06
653000   4.30977e-06
654000   5.93482e-06
655000   6.72441e-06
656000   6.98277e-06
657000   7.65967e-06
658000   8.42232e-06
659000   8.59025e-06
660000   6.05124e-06
661000   5.7358e-06
662000   5.11255e-06
663000   4.69759e-06
664000   3.63609e-06
665000   3.90709e-06
666000   4.07848e-06
667000   3.63157e-06
668000   3.62578e-06
669000   3.41463e-06
670000   5.52077e-06
671000   6.32728e-06
672000   6.8775e-06
673000   7.61675e-06
674000   7.72232e-06
675000   7.02412e-06
676000   6.8156e-06
677000   7.11282e-06
678000   6.70285e-06
679000   6.57993e-06
680000   6.56406e-06
681000   5.8069e-06
682000   5.43939e-06
683000   5.79645e-06
684000   6.07567e-06
685000   5.95575e-06
686000   5.56075e-06
687000   6.09378e-06
688000   6.34061e-06
689000   6.00267e-06
690000   7.20665e-06
691000   7.46746e-06
692000   8.48436e-06
693000   9.17263e-06
694000   1.00725e-05
695000   1.01544e-05
696000   9.83569e-06
697000   1.00013e-05
698000   9.10216e-06
699000   9.20127e-06
700000   7.92313e-06
701000   7.57284e-06
702000   6.71394e-06
703000   7.29644e-06
704000   6.99732e-06
705000   7.33133e-06
706000   9.08802e-06
707000   9.00304e-06
708000   9.01472e-06
709000   1.0564e-05
710000   1.00773e-05
711000   9.50901e-06
712000   9.27891e-06
713000   9.46169e-06
714000   9.42736e-06
715000   9.04098e-06
716000   9.77891e-06
717000   9.31822e-06
718000   9.37524e-06
719000   1.05497e-05
720000   1.05417e-05
721000   1.06894e-05
722000   1.13887e-05
723000   1.16707e-05
724000   1.17115e-05
725000   1.15721e-05
726000   1.2954e-05
727000   1.32352e-05
728000   1.29993e-05
729000   1.04545e-05
730000   7.64175e-06
731000   6.32062e-06
732000   5.42893e-06
733000   4.38942e-06
734000   3.12547e-06
735000   3.84444e-06
736000   3.29673e-06
737000   4.94724e-06
738000   6.92924e-06
739000   7.269e-06
740000   1.05799e-05
741000   1.12535e-05
742000   1.1746e-05
743000   1.22269e-05
744000   1.30358e-05
745000   1.20479e-05
746000   1.08974e-05
747000   9.07716e-06
748000   6.86951e-06
749000   5.18036e-06
750000   6.30015e-06
751000   5.62877e-06
752000   6.88193e-06
753000   6.97354e-06
754000   7.70176e-06
755000   9.52275e-06
756000   1.13084e-05
757000   1.21534e-05
758000   1.13217e-05
759000   1.2902e-05
760000   1.31715e-05
761000   1.11776e-05
762000   1.17092e-05
763000   9.88293e-06
764000   8.81583e-06
765000   8.69844e-06
766000   9.02143e-06
767000   8.77249e-06
768000   8.18785e-06
769000   7.19917e-06
770000   1.14576e-05
771000   1.18556e-05
772000   1.28603e-05
773000   1.24865e-05
774000   1.16326e-05
775000   1.20441e-05
776000   1.3516e-05
777000   1.44984e-05
778000   1.56282e-05
779000   1.44609e-05
780000   1.43585e-05
781000   1.45351e-05
782000   1.30245e-05
783000   1.20187e-05
784000   1.12538e-05
785000   1.2925e-05
786000   1.43153e-05
787000   1.55298e-05
788000   1.56067e-05
789000   1.74056e-05
790000   1.95217e-05
791000   2.03403e-05
792000   2.08703e-05
793000   2.13602e-05
794000   2.21587e-05
795000   2.1838e-05
796000   2.34876e-05
797000   2.19304e-05
798000   2.34634e-05
799000   2.22067e-05
800000   2.51885e-05
801000   2.18439e-05
802000   2.00149e-05
803000   1.83587e-05
804000   1.71091e-05
805000   1.91308e-05
806000   2.13932e-05
807000   2.52034e-05
808000   2.78992e-05
809000   3.40072e-05
810000   4.73357e-05
811000   5.01821e-05
812000   5.08661e-05
813000   5.11843e-05
814000   4.81207e-05
815000   4.75277e-05
816000   4.58715e-05
817000   4.53842e-05
818000   4.13735e-05
819000   3.97619e-05
820000   4.1106e-05
821000   3.9983e-05
822000   4.00806e-05
823000   3.95015e-05
824000   4.19059e-05
825000   4.0011e-05
826000   4.20804e-05
827000   3.92499e-05
828000   3.79331e-05
829000   4.01145e-05
830000   4.28139e-05
831000   4.50164e-05
832000   5.46143e-05
833000   5.95386e-05
834000   6.48663e-05
835000   6.77985e-05
836000   6.75004e-05
837000   6.47219e-05
838000   5.89148e-05
839000   5.28465e-05
840000   5.31862e-05
841000   5.47778e-05
842000   6.01902e-05
843000   6.38006e-05
844000   6.98261e-05
845000   7.68324e-05
846000   7.71597e-05
847000   8.01088e-05
848000   8.00853e-05
849000   8.31205e-05
850000   8.20318e-05
851000   8.62281e-05
852000   8.88733e-05
853000   9.56367e-05
854000   9.81993e-05
855000   0.000100884
856000   9.71e-05
857000   9.10523e-05
858000   8.87326e-05
859000   8.6675e-05
860000   8.06885e-05
861000   8.79328e-05
862000   9.7399e-05
863000   0.000105608
864000   0.000112925
865000   0.000119558
866000   0.000121882
867000   0.000114049
868000   0.000104465
869000   9.72062e-05
870000   9.92124e-05
871000   0.000100081
872000   0.000100018
873000   0.000103046
874000   0.000128029
875000   0.000143926
876000   0.000165695
877000   0.000165483
878000   0.000170598
879000   0.000164569
880000   0.000163111
881000   0.000161428
882000   0.000156357
883000   0.000149465
884000   0.00015106
885000   0.000151231
886000   0.000144933
887000   0.000146144
888000   0.000160387
889000   0.000182733
890000   0.000199796
891000   0.000213161
892000   0.00023716
893000   0.000247649
894000   0.000231634
895000   0.000209022
896000   0.000201177
897000   0.000212305
898000   0.000211642
899000   0.000227003
900000   0.000266381
901000   0.000281156
902000   0.000301991
903000   0.000332019
904000   0.000330513
905000   0.000317615
906000   0.000294656
907000   0.000272202
908000   0.000274462
909000   0.000288571
910000   0.000300642
911000   0.00032669
912000   0.000358458
913000   0.000378101
914000   0.000379879
915000   0.000356838
916000   0.000341362
917000   0.000309199
918000   0.000286861
919000   0.00031382
920000   0.000386592
921000   0.000481527
922000   0.000481415
923000   0.000444595
924000   0.000419792
925000   0.000416599
926000   0.000428436
927000   0.00039248
928000   0.000412176
929000   0.0004246
930000   0.000395047
931000   0.00036831
932000   0.000431456
933000   0.000533521
934000   0.000638829
935000   0.000669528
936000   0.000611467
937000   0.000550162
938000   0.000514467
939000   0.000530716
940000   0.000649822
941000   0.00076184
942000   0.000896381
943000   0.00100951
944000   0.000996829
945000   0.000784163
946000   0.000573504
947000   0.000654458
948000   0.000828044
949000   0.000963107
950000   0.00110892
951000   0.00107964
952000   0.000851318
953000   0.000641781
954000   0.000743418
955000   0.00101766
956000   0.00122764
957000   0.0013784
958000   0.00144031
959000   0.00119814
960000   0.000973803
961000   0.000936461
962000   0.00107592
963000   0.00130703
964000   0.00141818
965000   0.00118924
966000   0.000876537
967000   0.000775247
968000   0.000887823
969000   0.00113792
970000   0.00173045
971000   0.00202937
972000   0.00229944
973000   0.00225456
974000   0.00224102
975000   0.00225061
976000   0.00216881
977000   0.00223052
978000   0.00238823
979000   0.00287251
980000   0.00326325
981000   0.0032719
982000   0.00312098
983000   0.0029975
984000   0.00287877
985000   0.00287388
986000   0.0030528
987000   0.0032491
988000   0.00349478
989000   0.00357025
990000   0.00386605
991000   0.00380778
992000   0.00410156
993000   0.00426276
994000   0.00415203
995000   0.00423575
996000   0.00423351
997000   0.0044427
998000   0.0044153
999000   0.00446673
1000000   0.00517303
1001000   0.00553613
1002000   0.00591867
1003000   0.00588871
1004000   0.0054575
1005000   0.00529624
1006000   0.00590777
1007000   0.00665508
1008000   0.00717027
1009000   0.00721331
1010000   0.00683692
1011000   0.00674734
1012000   0.00700956
1013000   0.00752664
1014000   0.00772941
1015000   0.0077535
1016000   0.00782168
1017000   0.00764424
1018000   0.00758816
1019000   0.00811308
1020000   0.00957272
1021000   0.0103102
1022000   0.0107937
1023000   0.0103776
1024000   0.00998534
1025000   0.0100531
1026000   0.0109548
1027000   0.0113591
1028000   0.0108298
1029000   0.0108311
1030000   0.0126292
1031000   0.0129052
1032000   0.013512
1033000   0.013109
1034000   0.0129699
1035000   0.0128051
1036000   0.0129914
1037000   0.0135018
1038000   0.0141845
1039000   0.0152002
1040000   0.0162709
1041000   0.017265
1042000   0.0176487
1043000   0.0173404
1044000   0.0168163
1045000   0.0169885
1046000   0.0190236
1047000   0.0207666
1048000   0.020839
1049000   0.0204809
1050000   0.0240268
1051000   0.0312421
1052000   0.0363731
