0 45077
1000 45087
2000 45096
3000 45111
4000 45118
5000 45136
6000 45146
7000 45150
8000 45155
9000 45163
10000 45167
11000 45174
12000 45185
13000 45188
14000 45191
15000 45198
16000 45206
17000 45210
18000 45216
19000 45221
20000 45223
21000 45242
22000 45249
23000 45264
24000 45271
25000 45279
26000 45291
27000 45297
28000 45304
29000 45311
30000 45314
31000 45328
32000 45331
33000 45342
34000 45351
35000 45357
36000 45369
37000 45377
38000 45383
39000 45389
40000 45401
41000 45416
42000 45422
43000 45431
44000 45443
45000 45447
46000 45447
47000 45457
48000 45462
49000 45460
50000 45464
51000 45475
52000 45487
53000 45499
54000 45514
55000 45524
56000 45537
57000 45546
58000 45550
59000 45560
60000 45567
61000 45583
62000 45592
63000 45606
64000 45612
65000 45626
66000 45636
67000 45642
68000 45653
69000 45662
70000 45660
71000 45675
72000 45684
73000 45694
74000 45706
75000 45721
76000 45734
77000 45745
78000 45752
79000 45760
80000 45770
81000 45783
82000 45797
83000 45802
84000 45811
85000 45817
86000 45824
87000 45830
88000 45838
89000 45837
90000 45837
91000 45853
92000 45862
93000 45870
94000 45876
95000 45890
96000 45900
97000 45911
98000 45918
99000 45923
100000 45931
101000 45940
102000 45951
103000 45963
104000 45974
105000 45977
106000 45980
107000 45991
108000 45995
109000 46000
110000 45999
111000 46008
112000 46017
113000 46028
114000 46035
115000 46049
116000 46059
117000 46062
118000 46074
119000 46083
120000 46096
121000 46109
122000 46122
123000 46136
124000 46149
125000 46156
126000 46164
127000 46169
128000 46179
129000 46184
130000 46185
131000 46195
132000 46214
133000 46220
134000 46229
135000 46232
136000 46238
137000 46246
138000 46254
139000 46261
140000 46260
141000 46274
142000 46285
143000 46288
144000 46299
145000 46311
146000 46314
147000 46320
148000 46330
149000 46338
150000 46349
151000 46368
152000 46383
153000 46391
154000 46405
155000 46409
156000 46419
157000 46432
158000 46437
159000 46450
160000 46451
161000 46460
162000 46472
163000 46480
164000 46485
165000 46493
166000 46504
167000 46515
168000 46529
169000 46544
170000 46548
171000 46561
172000 46573
173000 46583
174000 46591
175000 46601
176000 46604
177000 46608
178000 46616
179000 46621
180000 46631
181000 46646
182000 46656
183000 46666
184000 46674
185000 46682
186000 46698
187000 46713
188000 46722
189000 46730
190000 46741
191000 46751
192000 46764
193000 46773
194000 46780
195000 46795
196000 46808
197000 46815
198000 46818
199000 46824
200000 46832
201000 46848
202000 46863
203000 46872
204000 46881
205000 46894
206000 46907
207000 46921
208000 46930
209000 46933
210000 46952
211000 46963
212000 46976
213000 46987
214000 47000
215000 47008
216000 47012
217000 47023
218000 47027
219000 47029
220000 47037
221000 47048
222000 47053
223000 47069
224000 47079
225000 47084
226000 47091
227000 47101
228000 47112
229000 47117
230000 47132
231000 47145
232000 47160
233000 47172
234000 47190
235000 47201
236000 47218
237000 47228
238000 47238
239000 47252
240000 47255
241000 47271
242000 47286
243000 47293
244000 47308
245000 47323
246000 47330
247000 47338
248000 47346
249000 47357
250000 47361
251000 47377
252000 47391
253000 47406
254000 47423
255000 47432
256000 47435
257000 47444
258000 47454
259000 47469
260000 47469
261000 47482
262000 47492
263000 47495
264000 47503
265000 47510
266000 47525
267000 47532
268000 47540
269000 47555
270000 47562
271000 47579
272000 47590
273000 47605
274000 47610
275000 47620
276000 47635
277000 47646
278000 47649
279000 47667
280000 47684
281000 47700
282000 47721
283000 47734
284000 47749
285000 47761
286000 47774
287000 47788
288000 47802
289000 47806
290000 47819
291000 47831
292000 47849
293000 47861
294000 47873
295000 47875
296000 47876
297000 47887
298000 47894
299000 47903
300000 47908
301000 47923
302000 47948
303000 47959
304000 47979
305000 47990
306000 48006
307000 48012
308000 48029
309000 48043
310000 48060
311000 48075
312000 48096
313000 48109
314000 48129
315000 48150
316000 48165
317000 48175
318000 48189
319000 48202
320000 48220
321000 48236
322000 48251
323000 48271
324000 48279
325000 48289
326000 48305
327000 48311
328000 48318
329000 48334
330000 48345
331000 48360
332000 48385
333000 48401
334000 48415
335000 48432
336000 48439
337000 48449
338000 48455
339000 48467
340000 48478
341000 48491
342000 48508
343000 48520
344000 48532
345000 48545
346000 48556
347000 48566
348000 48578
349000 48587
350000 48596
351000 48607
352000 48618
353000 48634
354000 48653
355000 48664
356000 48690
357000 48701
358000 48707
359000 48716
360000 48746
361000 48766
362000 48781
363000 48804
364000 48815
365000 48825
366000 48834
367000 48847
368000 48860
369000 48873
370000 48875
371000 48892
372000 48908
373000 48921
374000 48924
375000 48934
376000 48944
377000 48962
378000 48975
379000 48986
380000 48998
381000 49017
382000 49032
383000 49047
384000 49059
385000 49079
386000 49099
387000 49102
388000 49114
389000 49126
390000 49132
391000 49147
392000 49164
393000 49176
394000 49188
395000 49201
396000 49221
397000 49229
398000 49245
399000 49254
400000 49270
401000 49290
402000 49305
403000 49327
404000 49340
405000 49351
406000 49356
407000 49368
408000 49393
409000 49404
410000 49408
411000 49420
412000 49439
413000 49450
414000 49464
415000 49474
416000 49487
417000 49498
418000 49520
419000 49538
420000 49561
421000 49579
422000 49599
423000 49616
424000 49633
425000 49646
426000 49654
427000 49663
428000 49677
429000 49698
430000 49711
431000 49726
432000 49743
433000 49760
434000 49777
435000 49792
436000 49815
437000 49830
438000 49836
439000 49850
440000 49852
441000 49876
442000 49898
443000 49910
444000 49920
445000 49934
446000 49949
447000 49964
448000 49977
449000 49992
450000 50016
451000 50034
452000 50057
453000 50082
454000 50106
455000 50131
456000 50146
457000 50164
458000 50193
459000 50204
460000 50220
461000 50239
462000 50260
463000 50285
464000 50302
465000 50330
466000 50338
467000 50353
468000 50365
469000 50376
470000 50389
471000 50410
472000 50432
473000 50446
474000 50466
475000 50484
476000 50502
477000 50506
478000 50527
479000 50544
480000 50566
481000 50583
482000 50605
483000 50623
484000 50644
485000 50662
486000 50680
487000 50695
488000 50699
489000 50724
490000 50748
491000 50776
492000 50799
493000 50822
494000 50834
495000 50852
496000 50880
497000 50898
498000 50912
499000 50925
500000 50941
501000 50977
502000 50990
503000 51007
504000 51022
505000 51040
506000 51056
507000 51065
508000 51077
509000 51091
510000 51119
511000 51144
512000 51165
513000 51193
514000 51218
515000 51242
516000 51261
517000 51276
518000 51301
519000 51319
520000 51331
521000 51345
522000 51365
523000 51383
524000 51406
525000 51437
526000 51458
527000 51490
528000 51503
529000 51516
530000 51534
531000 51559
532000 51589
533000 51617
534000 51642
535000 51670
536000 51690
537000 51707
538000 51719
539000 51741
540000 51762
541000 51779
542000 51801
543000 51829
544000 51851
545000 51871
546000 51892
547000 51909
548000 51925
549000 51947
550000 51971
551000 52001
552000 52017
553000 52040
554000 52063
555000 52092
556000 52111
557000 52131
558000 52153
559000 52185
560000 52205
561000 52238
562000 52266
563000 52293
564000 52321
565000 52344
566000 52369
567000 52398
568000 52420
569000 52442
570000 52461
571000 52491
572000 52514
573000 52537
574000 52565
575000 52591
576000 52618
577000 52649
578000 52672
579000 52698
580000 52720
581000 52757
582000 52796
583000 52822
584000 52848
585000 52881
586000 52909
587000 52934
588000 52960
589000 52985
590000 53003
591000 53045
592000 53072
593000 53096
594000 53129
595000 53170
596000 53194
597000 53228
598000 53262
599000 53287
600000 53306
601000 53328
602000 53358
603000 53388
604000 53420
605000 53446
606000 53472
607000 53499
608000 53531
609000 53552
610000 53585
611000 53625
612000 53655
613000 53689
614000 53719
615000 53742
616000 53765
617000 53789
618000 53810
619000 53840
620000 53878
621000 53909
622000 53935
623000 53961
624000 53993
625000 54028
626000 54057
627000 54089
628000 54112
629000 54139
630000 54176
631000 54209
632000 54251
633000 54288
634000 54322
635000 54355
636000 54393
637000 54429
638000 54461
639000 54494
640000 54529
641000 54570
642000 54609
643000 54648
644000 54683
645000 54720
646000 54754
647000 54782
648000 54816
649000 54842
650000 54860
651000 54905
652000 54944
653000 54983
654000 55016
655000 55054
656000 55097
657000 55134
658000 55164
659000 55192
660000 55222
661000 55262
662000 55293
663000 55333
664000 55362
665000 55401
666000 55436
667000 55461
668000 55503
669000 55550
670000 55581
671000 55632
672000 55663
673000 55701
674000 55730
675000 55768
676000 55798
677000 55856
678000 55886
679000 55922
680000 55960
681000 56003
682000 56045
683000 56093
684000 56141
685000 56197
686000 56226
687000 56282
688000 56318
689000 56360
690000 56389
691000 56441
692000 56477
693000 56523
694000 56579
695000 56626
696000 56682
697000 56728
698000 56772
699000 56817
700000 56868
701000 56920
702000 56972
703000 57031
704000 57077
705000 57134
706000 57183
707000 57230
708000 57281
709000 57326
710000 57374
711000 57433
712000 57486
713000 57542
714000 57608
715000 57652
716000 57703
717000 57769
718000 57822
719000 57861
720000 57895
721000 57949
722000 57990
723000 58046
724000 58111
725000 58156
726000 58199
727000 58247
728000 58303
729000 58359
730000 58419
731000 58486
732000 58556
733000 58625
734000 58681
735000 58738
736000 58801
737000 58850
738000 58913
739000 58981
740000 59037
741000 59102
742000 59173
743000 59233
744000 59287
745000 59355
746000 59409
747000 59475
748000 59538
749000 59586
750000 59649
751000 59718
752000 59788
753000 59856
754000 59920
755000 60007
756000 60083
757000 60173
758000 60241
759000 60320
760000 60388
761000 60459
762000 60535
763000 60619
764000 60692
765000 60761
766000 60846
767000 60932
768000 61013
769000 61088
770000 61199
771000 61300
772000 61404
773000 61497
774000 61597
775000 61691
776000 61786
777000 61880
778000 61994
779000 62103
780000 62211
781000 62349
782000 62507
783000 62652
784000 62815
785000 62963
786000 63106
787000 63254
788000 63433
789000 63611
790000 63798
791000 63990
792000 64196
793000 64389
794000 64571
795000 64805
796000 65023
797000 65225
798000 65449
799000 65660
800000 65853
801000 66091
802000 66314
803000 66547
804000 66769
805000 67011
806000 67223
807000 67426
808000 67658
809000 67870
810000 68079
811000 68320
812000 68547
813000 68802
814000 69070
815000 69311
816000 69565
817000 69816
818000 70080
819000 70331
820000 70610
821000 70870
822000 71135
823000 71424
824000 71709
825000 72006
826000 72280
827000 72566
828000 72904
829000 73228
830000 73516
831000 73823
832000 74134
833000 74427
834000 74762
835000 75053
836000 75365
837000 75675
838000 76006
839000 76322
840000 76656
841000 76999
842000 77356
843000 77724
844000 78070
845000 78412
846000 78780
847000 79158
848000 79527
849000 79881
850000 80250
851000 80629
852000 81006
853000 81376
854000 81763
855000 82145
856000 82524
857000 82920
858000 83317
859000 83733
860000 84158
861000 84548
862000 85029
863000 85466
864000 85863
865000 86278
866000 86706
867000 87170
868000 87596
869000 88067
870000 88545
871000 89012
872000 89519
873000 89960
874000 90449
875000 90935
876000 91398
877000 91891
878000 92349
879000 92852
880000 93353
881000 93858
882000 94380
883000 94869
884000 95397
885000 96006
886000 96544
887000 97081
888000 97644
889000 98179
890000 98746
891000 99383
892000 99960
893000 100543
894000 101133
895000 101769
896000 102405
897000 103054
898000 103646
899000 104299
900000 104942
901000 105621
902000 106295
903000 106943
904000 107625
905000 108311
906000 109036
907000 109706
908000 110349
909000 111062
910000 111722
911000 112450
912000 113219
913000 113923
914000 114646
915000 115362
916000 116116
917000 116855
918000 117677
919000 118482
920000 119286
921000 120169
922000 121081
923000 121946
924000 122856
925000 123796
926000 124767
927000 125687
928000 126603
929000 127556
930000 128538
931000 129603
932000 130714
933000 131827
934000 132915
935000 134033
936000 135170
937000 136318
938000 137470
939000 138676
940000 139933
941000 141142
942000 142420
943000 143655
944000 144910
945000 146184
946000 147465
947000 148856
948000 150127
949000 151446
950000 152766
951000 154156
952000 155602
953000 157008
954000 158404
955000 159833
956000 161336
957000 162803
958000 164348
959000 165903
960000 167590
961000 169262
962000 171018
963000 172658
964000 174442
965000 176327
966000 178128
967000 180065
968000 182114
969000 184238
970000 186353
971000 188486
972000 190654
973000 192807
974000 195026
975000 197309
976000 199624
977000 201781
978000 204090
979000 206306
980000 208603
981000 211022
982000 213465
983000 215843
984000 218353
985000 220831
986000 223300
987000 225791
988000 228232
989000 230766
990000 233243
991000 235802
992000 238366
993000 240861
994000 243517
995000 246110
996000 248724
997000 251355
998000 253979
999000 256715
1000000 259402
1001000 262125
1002000 264991
1003000 267871
1004000 270685
1005000 273517
1006000 276401
1007000 279266
1008000 282167
1009000 285117
1010000 288079
1011000 291103
1012000 294142
1013000 297212
1014000 300316
1015000 303487
1016000 306515
1017000 309675
1018000 312846
1019000 315939
1020000 319124
1021000 322417
1022000 325733
1023000 329126
1024000 332510
1025000 335831
1026000 339138
1027000 342498
1028000 345901
1029000 349427
1030000 352989
1031000 356466
1032000 360123
1033000 363767
1034000 367473
1035000 371160
1036000 374904
1037000 378699
1038000 382492
1039000 386397
1040000 390294
1041000 394293
1042000 398349
1043000 402498
1044000 406594
1045000 410767
1046000 415030
1047000 419391
1048000 423758
1049000 428195
1050000 432814
1051000 438634
1052000 445541
