0 1.84022
1000 1.87253
2000 1.90893
3000 1.95237
4000 2.00069
5000 2.04856
6000 2.10809
7000 2.15627
8000 2.2108
9000 2.26713
10000 1.93135
11000 1.97371
12000 2.0223
13000 2.07396
14000 2.12861
15000 2.19035
16000 2.25258
17000 2.31451
18000 2.37528
19000 2.43616
20000 1.93525
21000 1.97072
22000 2.00991
23000 2.05567
24000 2.10181
25000 2.1519
26000 2.20083
27000 2.25439
28000 2.31196
29000 2.36987
30000 1.96774
31000 2.00364
32000 2.04356
33000 2.08886
34000 2.13397
35000 2.18006
36000 2.23509
37000 2.28614
38000 2.33493
39000 2.39112
40000 1.91777
41000 1.95096
42000 1.98847
43000 2.03039
44000 2.07651
45000 2.13028
46000 2.18741
47000 2.24282
48000 2.30418
49000 2.35198
50000 1.92751
51000 1.96445
52000 2.00742
53000 2.05283
54000 2.10511
55000 2.15803
56000 2.20897
57000 2.26258
58000 2.31754
59000 2.36368
60000 1.95322
61000 1.98659
62000 2.02788
63000 2.07284
64000 2.12099
65000 2.17439
66000 2.23336
67000 2.28539
68000 2.34022
69000 2.39482
70000 1.95413
71000 1.98973
72000 2.03261
73000 2.08124
74000 2.13343
75000 2.18788
76000 2.24495
77000 2.30628
78000 2.36232
79000 2.42392
80000 1.9681
81000 2.00543
82000 2.04739
83000 2.09623
84000 2.14228
85000 2.18992
86000 2.24585
87000 2.30625
88000 2.36715
89000 2.41515
90000 1.96881
91000 2.00576
92000 2.04738
93000 2.08823
94000 2.12617
95000 2.17765
96000 2.23437
97000 2.28545
98000 2.3318
99000 2.39414
100000 1.959
101000 1.99811
102000 2.04365
103000 2.09239
104000 2.142
105000 2.19043
106000 2.24089
107000 2.30166
108000 2.35604
109000 2.41435
110000 1.96298
111000 1.99671
112000 2.03631
113000 2.07871
114000 2.12862
115000 2.17808
116000 2.22723
117000 2.28473
118000 2.33129
119000 2.38364
120000 1.96802
121000 2.00362
122000 2.04506
123000 2.09264
124000 2.14864
125000 2.20278
126000 2.25892
127000 2.30714
128000 2.36088
129000 2.41077
130000 1.95673
131000 1.99074
132000 2.03316
133000 2.07947
134000 2.12995
135000 2.18133
136000 2.23073
137000 2.29054
138000 2.35056
139000 2.41692
140000 1.9877
141000 2.02475
142000 2.07072
143000 2.12057
144000 2.16738
145000 2.22411
146000 2.27909
147000 2.33379
148000 2.38676
149000 2.43944
150000 2.02845
151000 2.0686
152000 2.11221
153000 2.15882
154000 2.20919
155000 2.26081
156000 2.31842
157000 2.37729
158000 2.43247
159000 2.49
160000 1.98222
161000 2.01512
162000 2.05618
163000 2.10428
164000 2.1534
165000 2.20329
166000 2.25269
167000 2.3132
168000 2.37447
169000 2.43353
170000 1.98823
171000 2.02446
172000 2.0645
173000 2.11478
174000 2.16398
175000 2.21842
176000 2.27187
177000 2.32409
178000 2.37422
179000 2.43583
180000 1.97363
181000 2.00963
182000 2.0523
183000 2.09409
184000 2.14485
185000 2.1995
186000 2.25184
187000 2.3081
188000 2.36343
189000 2.41
190000 2.01293
191000 2.0519
192000 2.09443
193000 2.14572
194000 2.19896
195000 2.25937
196000 2.32029
197000 2.37349
198000 2.43047
199000 2.4894
200000 1.99771
201000 2.03276
202000 2.07294
203000 2.11664
204000 2.16381
205000 2.21524
206000 2.27384
207000 2.32632
208000 2.38245
209000 2.42904
210000 1.98805
211000 2.0245
212000 2.06445
213000 2.1101
214000 2.15751
215000 2.2046
216000 2.2563
217000 2.309
218000 2.36446
219000 2.41053
220000 1.97502
221000 2.01258
222000 2.04826
223000 2.09057
224000 2.13665
225000 2.18413
226000 2.23672
227000 2.28794
228000 2.34812
229000 2.39155
230000 2.00442
231000 2.04335
232000 2.08658
233000 2.1341
234000 2.18392
235000 2.2393
236000 2.29747
237000 2.35331
238000 2.4074
239000 2.46488
240000 2.00608
241000 2.03856
242000 2.07939
243000 2.12402
244000 2.17461
245000 2.22372
246000 2.27149
247000 2.32459
248000 2.38386
249000 2.44797
250000 2.04266
251000 2.08072
252000 2.12406
253000 2.1634
254000 2.21367
255000 2.26953
256000 2.32053
257000 2.37234
258000 2.42739
259000 2.48714
260000 2.0132
261000 2.04587
262000 2.08449
263000 2.12738
264000 2.17361
265000 2.22114
266000 2.27748
267000 2.32717
268000 2.37873
269000 2.42674
270000 2.02246
271000 2.06045
272000 2.10244
273000 2.15057
274000 2.20274
275000 2.24874
276000 2.29666
277000 2.35485
278000 2.40212
279000 2.45012
280000 2.04098
281000 2.07672
282000 2.11919
283000 2.16447
284000 2.21478
285000 2.26089
286000 2.31551
287000 2.36836
288000 2.4144
289000 2.45946
290000 2.03264
291000 2.06869
292000 2.10858
293000 2.15118
294000 2.20099
295000 2.25259
296000 2.3084
297000 2.36609
298000 2.41587
299000 2.45473
300000 2.05652
301000 2.09121
302000 2.12498
303000 2.16884
304000 2.21393
305000 2.26269
306000 2.31605
307000 2.36529
308000 2.41992
309000 2.46901
310000 2.0454
311000 2.07881
312000 2.1195
313000 2.16577
314000 2.21242
315000 2.26386
316000 2.3133
317000 2.36588
318000 2.41776
319000 2.46544
320000 2.03397
321000 2.07049
322000 2.11555
323000 2.16371
324000 2.21912
325000 2.26684
326000 2.32219
327000 2.37824
328000 2.42433
329000 2.47737
330000 2.03529
331000 2.0718
332000 2.11328
333000 2.16203
334000 2.21095
335000 2.25939
336000 2.31297
337000 2.36955
338000 2.42743
339000 2.48409
340000 2.04725
341000 2.08462
342000 2.12616
343000 2.17343
344000 2.22533
345000 2.27447
346000 2.32179
347000 2.37216
348000 2.43008
349000 2.48519
350000 2.0549
351000 2.09244
352000 2.1288
353000 2.17304
354000 2.22226
355000 2.27264
356000 2.3242
357000 2.37522
358000 2.41734
359000 2.47061
360000 2.04609
361000 2.08182
362000 2.12407
363000 2.1666
364000 2.2117
365000 2.26092
366000 2.30455
367000 2.36023
368000 2.41543
369000 2.47686
370000 2.05866
371000 2.09736
372000 2.1423
373000 2.18637
374000 2.23901
375000 2.2926
376000 2.35201
377000 2.41411
378000 2.47052
379000 2.52757
380000 2.06791
381000 2.10361
382000 2.14558
383000 2.19127
384000 2.23683
385000 2.29382
386000 2.35122
387000 2.40548
388000 2.46131
389000 2.51915
390000 2.09108
391000 2.13131
392000 2.17667
393000 2.22345
394000 2.27263
395000 2.31999
396000 2.37517
397000 2.43131
398000 2.48932
399000 2.54449
400000 2.0924
401000 2.12878
402000 2.17084
403000 2.21627
404000 2.26702
405000 2.31845
406000 2.37481
407000 2.4273
408000 2.48126
409000 2.52314
410000 2.09197
411000 2.12918
412000 2.17391
413000 2.22077
414000 2.2749
415000 2.32876
416000 2.38461
417000 2.44267
418000 2.50439
419000 2.56046
420000 2.09795
421000 2.13202
422000 2.17452
423000 2.22406
424000 2.27399
425000 2.32492
426000 2.38319
427000 2.43081
428000 2.48264
429000 2.53835
430000 2.10862
431000 2.14724
432000 2.19201
433000 2.24116
434000 2.2933
435000 2.34138
436000 2.39242
437000 2.44824
438000 2.50579
439000 2.55287
440000 2.10581
441000 2.14367
442000 2.18521
443000 2.22965
444000 2.27467
445000 2.31933
446000 2.37314
447000 2.43006
448000 2.47772
449000 2.52329
450000 2.1087
451000 2.14625
452000 2.18248
453000 2.22919
454000 2.28086
455000 2.32967
456000 2.38066
457000 2.43238
458000 2.49013
459000 2.54695
460000 2.12572
461000 2.16773
462000 2.21823
463000 2.26891
464000 2.3161
465000 2.37308
466000 2.43054
467000 2.49308
468000 2.5441
469000 2.60913
470000 2.10526
471000 2.14308
472000 2.18417
473000 2.23022
474000 2.27349
475000 2.32022
476000 2.37816
477000 2.42741
478000 2.48155
479000 2.53351
480000 2.13818
481000 2.17604
482000 2.21647
483000 2.26415
484000 2.31522
485000 2.37017
486000 2.42396
487000 2.47572
488000 2.52565
489000 2.58269
490000 2.13263
491000 2.16819
492000 2.20911
493000 2.25105
494000 2.30177
495000 2.3572
496000 2.41625
497000 2.4725
498000 2.52686
499000 2.58296
500000 2.13671
501000 2.17353
502000 2.21598
503000 2.25486
504000 2.30619
505000 2.35964
506000 2.40998
507000 2.46737
508000 2.51315
509000 2.56209
510000 2.13984
511000 2.18053
512000 2.22791
513000 2.27387
514000 2.32777
515000 2.37685
516000 2.42932
517000 2.49172
518000 2.54501
519000 2.60218
520000 2.14627
521000 2.18891
522000 2.23551
523000 2.28724
524000 2.33968
525000 2.39602
526000 2.44767
527000 2.50729
528000 2.55928
529000 2.61148
530000 2.15226
531000 2.1904
532000 2.23053
533000 2.27828
534000 2.32726
535000 2.37546
536000 2.42464
537000 2.48314
538000 2.54308
539000 2.60544
540000 2.14653
541000 2.18332
542000 2.22665
543000 2.27545
544000 2.32931
545000 2.38573
546000 2.43732
547000 2.49189
548000 2.54137
549000 2.59248
550000 2.16621
551000 2.2056
552000 2.24735
553000 2.29454
554000 2.3438
555000 2.3925
556000 2.44405
557000 2.49551
558000 2.54614
559000 2.60003
560000 2.1348
561000 2.17292
562000 2.21676
563000 2.26085
564000 2.30938
565000 2.35495
566000 2.40763
567000 2.46323
568000 2.51727
569000 2.57227
570000 2.1491
571000 2.18563
572000 2.22901
573000 2.27924
574000 2.32596
575000 2.37511
576000 2.42722
577000 2.48223
578000 2.52691
579000 2.58621
580000 2.15563
581000 2.19542
582000 2.24078
583000 2.2923
584000 2.34791
585000 2.40423
586000 2.46331
587000 2.51595
588000 2.57473
589000 2.63218
590000 2.17492
591000 2.21506
592000 2.25842
593000 2.30291
594000 2.35317
595000 2.40869
596000 2.45572
597000 2.51148
598000 2.57
599000 2.61977
600000 2.16746
601000 2.20533
602000 2.24968
603000 2.29988
604000 2.35155
605000 2.3984
606000 2.4483
607000 2.49918
608000 2.55622
609000 2.61231
610000 2.18999
611000 2.23206
612000 2.27783
613000 2.32661
614000 2.38212
615000 2.43272
616000 2.48912
617000 2.53855
618000 2.59171
619000 2.64877
620000 2.19539
621000 2.22958
622000 2.26931
623000 2.30947
624000 2.36042
625000 2.40503
626000 2.45342
627000 2.50326
628000 2.54981
629000 2.61028
630000 2.18245
631000 2.22196
632000 2.26529
633000 2.31185
634000 2.36377
635000 2.41876
636000 2.47794
637000 2.54067
638000 2.60264
639000 2.64789
640000 2.19208
641000 2.23283
642000 2.27756
643000 2.32574
644000 2.38055
645000 2.43499
646000 2.49229
647000 2.55209
648000 2.61009
649000 2.66624
650000 2.18446
651000 2.2234
652000 2.26615
653000 2.3079
654000 2.36009
655000 2.41615
656000 2.4764
657000 2.53884
658000 2.59391
659000 2.63543
660000 2.22185
661000 2.26047
662000 2.30466
663000 2.35078
664000 2.39691
665000 2.44143
666000 2.49309
667000 2.54421
668000 2.59595
669000 2.65315
670000 2.20645
671000 2.24101
672000 2.28264
673000 2.32848
674000 2.37537
675000 2.42826
676000 2.47618
677000 2.52628
678000 2.57218
679000 2.61686
680000 2.20141
681000 2.2354
682000 2.27246
683000 2.31829
684000 2.36442
685000 2.40931
686000 2.45519
687000 2.51191
688000 2.56551
689000 2.6149
690000 2.22563
691000 2.26256
692000 2.30248
693000 2.34924
694000 2.39725
695000 2.44914
696000 2.50568
697000 2.55899
698000 2.60365
699000 2.65906
700000 2.25768
701000 2.29683
702000 2.33729
703000 2.37903
704000 2.42501
705000 2.47921
706000 2.53099
707000 2.58019
708000 2.63474
709000 2.68249
710000 2.23072
711000 2.26643
712000 2.30514
713000 2.34782
714000 2.39463
715000 2.44193
716000 2.49845
717000 2.55479
718000 2.61426
719000 2.66448
720000 2.24614
721000 2.28442
722000 2.32816
723000 2.37065
724000 2.42253
725000 2.47889
726000 2.53183
727000 2.58845
728000 2.64402
729000 2.68883
730000 2.27577
731000 2.31177
732000 2.35599
733000 2.40909
734000 2.46388
735000 2.51596
736000 2.56889
737000 2.627
738000 2.68739
739000 2.74498
740000 2.3027
741000 2.33847
742000 2.38043
743000 2.42282
744000 2.46763
745000 2.51185
746000 2.56038
747000 2.61439
748000 2.67265
749000 2.72063
750000 2.30046
751000 2.33672
752000 2.37479
753000 2.4179
754000 2.46233
755000 2.51026
756000 2.56549
757000 2.62176
758000 2.67147
759000 2.71679
760000 2.2822
761000 2.31955
762000 2.3582
763000 2.40673
764000 2.45526
765000 2.50953
766000 2.56075
767000 2.61516
768000 2.66441
769000 2.7175
770000 2.3143
771000 2.35444
772000 2.40232
773000 2.45584
774000 2.50891
775000 2.5584
776000 2.60673
777000 2.6538
778000 2.71361
779000 2.76449
780000 2.32139
781000 2.36126
782000 2.40939
783000 2.45525
784000 2.50693
785000 2.55083
786000 2.59443
787000 2.64321
788000 2.7048
789000 2.76222
790000 2.37898
791000 2.43155
792000 2.50752
793000 2.54035
794000 2.59038
795000 2.63532
796000 2.69613
797000 2.75719
798000 2.82873
799000 2.8686
800000 2.41945
801000 2.46257
802000 2.52216
803000 2.58449
804000 2.63517
805000 2.6821
806000 2.72763
807000 2.79391
808000 2.84423
809000 2.91411
810000 2.47643
811000 2.50485
812000 2.5433
813000 2.58699
814000 2.64029
815000 2.69099
816000 2.75016
817000 2.79988
818000 2.85023
819000 2.8963
820000 2.46716
821000 2.51514
822000 2.5513
823000 2.59996
824000 2.64428
825000 2.67956
826000 2.73494
827000 2.78797
828000 2.8487
829000 2.89308
830000 2.48146
831000 2.50863
832000 2.54238
833000 2.58938
834000 2.64696
835000 2.69476
836000 2.747
837000 2.79639
838000 2.84324
839000 2.90179
840000 2.48931
841000 2.5333
842000 2.56332
843000 2.61261
844000 2.65285
845000 2.70315
846000 2.74713
847000 2.79337
848000 2.8497
849000 2.87848
850000 2.4912
851000 2.53022
852000 2.57735
853000 2.62468
854000 2.66073
855000 2.70132
856000 2.74377
857000 2.78547
858000 2.84194
859000 2.90381
860000 2.48892
861000 2.52238
862000 2.56316
863000 2.60828
864000 2.65898
865000 2.71082
866000 2.76067
867000 2.80818
868000 2.86246
869000 2.92255
870000 2.50662
871000 2.54582
872000 2.58726
873000 2.61759
874000 2.66052
875000 2.71542
876000 2.76021
877000 2.80561
878000 2.86854
879000 2.91399
880000 2.51853
881000 2.57963
882000 2.62697
883000 2.66287
884000 2.69422
885000 2.75099
886000 2.80433
887000 2.86262
888000 2.91719
889000 2.97336
890000 2.5879
891000 2.63755
892000 2.68103
893000 2.73654
894000 2.76895
895000 2.80769
896000 2.89727
897000 2.9542
898000 2.99458
899000 3.04214
900000 2.67696
901000 2.74254
902000 2.81457
903000 2.86702
904000 2.89171
905000 2.93707
906000 3.00199
907000 3.04727
908000 3.08992
909000 3.14838
910000 2.76551
911000 2.81169
912000 2.84677
913000 2.88942
914000 2.95093
915000 3.01805
916000 3.06418
917000 3.07734
918000 3.13087
919000 3.23138
920000 2.80861
921000 2.83294
922000 2.94438
923000 3.21102
924000 3.22248
925000 3.17767
926000 3.39849
927000 3.54791
928000 3.36837
929000 3.52786
930000 3.37515
931000 3.5324
932000 3.51623
933000 3.56027
934000 3.80882
935000 3.87707
936000 3.72348
937000 3.74082
938000 3.9649
939000 4.02175
940000 3.26041
941000 3.45609
942000 3.8598
943000 3.77159
944000 3.68956
945000 3.99592
946000 4.14566
947000 3.90996
948000 4.00552
949000 4.27645
950000 3.64428
951000 3.61234
952000 3.81798
953000 3.97031
954000 3.88241
955000 3.90891
956000 4.00628
957000 4.0371
958000 4.44516
959000 6.02181
960000 4.34372
961000 4.46745
962000 5.22953
963000 5.21848
964000 4.65639
965000 4.97151
966000 5.62473
967000 6.33217
968000 7.30264
969000 7.71096
970000 5.16496
971000 5.88576
972000 6.65936
973000 5.6033
974000 5.46363
975000 6.25754
976000 5.52901
977000 5.6301
978000 6.33805
979000 6.16201
980000 4.6531
981000 5.02329
982000 5.15344
983000 4.86294
984000 5.1184
985000 5.45753
986000 5.33522
987000 5.36255
988000 5.57571
989000 5.45157
990000 4.51324
991000 4.70705
992000 4.82611
993000 4.80466
994000 4.96468
995000 5.15141
996000 5.12715
997000 5.14989
998000 5.25776
999000 5.35061
1000000 4.4835
1001000 4.58291
1002000 4.64053
1003000 4.67571
1004000 4.76842
1005000 4.89134
1006000 4.92667
1007000 4.94778
1008000 5.05044
1009000 5.12516
1010000 4.31365
1011000 4.35678
1012000 4.4763
1013000 4.61579
1014000 4.71749
1015000 4.79577
1016000 4.87902
1017000 4.94079
1018000 5.00624
1019000 5.09169
1020000 4.28361
1021000 4.37029
1022000 4.4729
1023000 4.58173
1024000 4.68363
1025000 4.78327
1026000 4.89239
1027000 5.02816
1028000 5.13432
1029000 5.23025
1030000 4.3741
1031000 4.50613
1032000 4.63331
1033000 4.76446
1034000 4.88598
1035000 5.00433
1036000 5.10525
1037000 5.24598
1038000 5.38008
1039000 5.47249
1040000 4.48057
1041000 4.59296
1042000 4.72357
1043000 4.85377
1044000 4.96873
1045000 5.07557
1046000 5.16869
1047000 5.2825
1048000 5.38668
1049000 5.52162
1050000 4.69207
1051000 7.89513
1052000 26.7858
