336649 -66201 171763
1.04364e+06 379697 -392468
920669 682659 296886
1.72996e+06 -646943 932054
-779779 -692968 813135
851584 958690 -1.26488e+06
503101 -308969 -411585
934053 -511649 556011
285571 -277955 19381.2
1.93741e+06 1.25365e+06 -1.24719e+06
-843803 -686388 -933806
-682424 291926 -92915
-470943 105597 -978752
-31430.5 -614707 1.4281e+06
277520 62750.1 1.11103e+06
-826596 1.02923e+06 1.52282e+06
-148376 -331972 -236075
-133580 -794400 -262891
-41034.5 -690322 -538115
894179 757819 339658
432463 -263950 103668
1.13616e+06 -544005 601828
-1.12854e+06 -834251 1.51843e+06
1.93034e+06 1.48421e+06 1.27296e+06
210723 25108.9 1.17993e+06
-1.46906e+06 920514 47391.4
-1.82829e+06 432611 -509837
799877 356225 105194
2.23599e+06 1.95292e+06 -551880
-1.14045e+06 -1.46448e+06 882057
349896 -1.38057e+06 -329383
-255955 49074 949424
-1.06471e+06 -233999 421845
-860080 -681883 458527
-1.20156e+06 114945 -1.36256e+06
-68128.4 953302 -99522.2
-410088 -327786 -245536
-832033 82369.2 1.91003e+06
123688 1.50626e+06 768643
76946.7 -467261 1.26069e+06
308099 -355097 -59022.2
-529744 -29115.8 676336
269931 -901995 672144
845526 513817 -1.25105e+06
399453 441677 131384
1.38042e+06 655524 1.83566e+06
114487 -414062 839228
1.03553e+06 237443 -191567
793812 -1.82083e+06 408875
-1.49597e+06 -1.11468e+06 884029
1.10627e+06 -135223 102193
519169 -265165 1.45193e+06
566158 1.65459e+06 -238942
-749186 916181 279703
752296 1.768e+06 193884
1.63403e+06 -84452.3 731731
-727175 -683348 -906204
1.64197e+06 -1.84838e+06 820100
-396732 -154989 1.80827e+06
-1.18291e+06 -41808.3 1.19858e+06
256360 -1.23698e+06 1.79831e+06
37717.1 776069 -1.94493e+06
-343192 149838 -364013
288357 -228531 561668
-1.39e+06 -913232 181115
848239 768999 1.58275e+06
1.42807e+06 -627500 427382
-384275 565064 -402364
-462291 364240 -82960.5
-550091 1.35759e+06 516461
275562 1.26969e+06 -1.53609e+06
-509342 124763 -78257.3
868162 -179207 353088
1.38951e+06 -245219 -157893
-827215 -1.3586e+06 82669.2
358236 -393926 -1.01798e+06
-975994 -12964.3 1.61417e+06
551557 -412925 -290725
-814203 488093 745625
-326815 -1.73521e+06 -129032
-637516 268162 -114413
861199 -370646 585527
-244009 1.19181e+06 1.47802e+06
-866447 351264 -300679
851948 2.11212e+06 -235316
39176 -510590 805829
51223.3 -338766 -1.34192e+06
-1.6316e+06 -750663 112927
2.40407e+06 351594 -729207
-189975 1.49572e+06 160003
-291782 -1.22171e+06 -313008
848538 875862 1.04842e+06
-1.08109e+06 677984 791557
1.06193e+06 -758107 1.14688e+06
-811105 143874 1.02653e+06
-6624.11 -714023 -226815
-715722 245647 -466176
-1.27789e+06 -1.25643e+06 1.32035e+06
-49737.2 -1.41891e+06 678181
104355 -699892 2.24309e+06
-746343 289197 -32320.7
-242101 62587.4 216651
-34944.4 481872 42497.8
-704774 727507 1.1496e+06
1.60512e+06 403129 -759537
-1.16607e+06 608767 274495
-300548 -302519 2.17026e+06
1.12302e+06 -1.59384e+06 1.29873e+06
-699255 367333 -1.04321e+06
-1.31371e+06 918739 507041
878594 1.67891e+06 -384138
-2.05585e+06 -673160 1.09903e+06
590222 -109092 928012
-522685 -491637 110649
-334643 -1.17119e+06 -479860
-195176 -434413 563665
-1.08046e+06 697907 166547
477541 138007 -181302
-1.28124e+06 142679 259134
959318 -837804 -446355
2234.81 451200 -97830.3
478381 1.32869e+06 -696732
-6881.01 341545 -167485
-132167 877225 348234
18784 -668536 -616046
236174 -1.92378e+06 773185
603317 -782017 -1.9379e+06
62899.1 -570200 795159
400680 -263697 805846
-975625 -117563 50242.7
-1.17048e+06 505698 -1.16026e+06
118879 -397622 -11880.5
371956 -52267.6 336712
-693588 -500415 363236
-2.14619e+06 -1.19106e+06 -142287
-558936 21493.6 422264
-463396 142404 1.1125e+06
892417 327258 2.06088e+06
26263.4 3258.9 -117706
1.05841e+06 -151752 -1.18799e+06
724166 1.19888e+06 -459189
-217058 38731.8 1.57934e+06
-571269 -100898 1.54754e+06
641811 389924 -386330
-509251 -786171 257843
-165882 -862906 912177
-408043 -715857 419916
248302 891048 973775
-226211 -426588 -1.19972e+06
-1.24726e+06 -696069 -333929
-724427 -39569 1.19847e+06
221395 653792 1.16852e+06
-1.25002e+06 -1.08227e+06 1.59854e+06
472243 -310660 518425
-337465 -869418 1.52526e+06
-1.08188e+06 964728 -475039
-402869 -1.05828e+06 -636600
-589273 87303.9 -325127
1.07526e+06 997390 316681
-776598 -1.97058e+06 1.46714e+06
-50277.4 1.53021e+06 771640
-141738 69111.2 -1.02622e+06
219259 -171679 -1.70796e+06
-1.70196e+06 1.01679e+06 -412706
163881 -747212 -770750
-233712 208288 554649
-27906.9 -1.06854e+06 1.00955e+06
1.83155e+06 67637.4 64036.9
-419974 -1.78846e+06 721600
-308986 -390375 -1.95117e+06
2.1194e+06 -764415 -308501
-795004 -260671 -416234
225000 371417 47805.8
-330728 163988 1.24586e+06
-241345 -574698 218274
295062 27180.3 -356276
1.06748e+06 -783151 -868573
292179 -972757 474932
1.19086e+06 -341312 -1.24192e+06
564631 -457145 -100657
-34726.2 791430 1.75483e+06
1.50501e+06 76567.4 1.41987e+06
-1.00822e+06 897677 -44258.1
762497 -369151 930096
-464792 -4748.32 1.46741e+06
94663.8 -1.21472e+06 1.23814e+06
-1.1469e+06 -1.18508e+06 -690458
-108760 -958618 599374
36369.3 -792787 -674286
-1.86711e+06 -576162 -750593
-590743 224289 -52361.4
936159 129308 1.69906e+06
24403 -201511 -1.20706e+06
696906 -1.7956e+06 -1.00941e+06
915564 -923038 201961
1.22778e+06 -1.24985e+06 570361
-2.00652e+06 270321 -125904
498902 -419151 714400
-829773 1.68691e+06 277460
-432675 -745427 -572660
906441 545663 386127
-1.45979e+06 -1.29988e+06 517352
-1.57997e+06 1.14135e+06 -636740
34417.5 441880 744958
945040 -1.0657e+06 793283
-1.22539e+06 190059 469215
-1.53302e+06 668912 205028
-773983 28121.2 -195562
56998.5 1.14286e+06 1.54692e+06
-108795 -1.33361e+06 139299
-516219 -444425 492568
-366402 1.7715e+06 -510232
202321 -162032 -148855
-467334 743054 -331050
147388 197224 -606882
106880 -383189 838989
-681757 319007 1.71982e+06
-291725 12739.5 -190186
-332575 -1.09336e+06 -515570
289710 -369637 1.07481e+06
-50409.6 666791 97533.9
-142535 -377457 201295
960114 1.03956e+06 1.09579e+06
-406512 881885 962005
-158506 -731506 161467
-425713 -485232 838666
397786 -1.07095e+06 1.37611e+06
142932 -407033 728967
1.55412e+06 1.04901e+06 -643410
241926 999630 -440322
-30251.6 535877 24105
5768.7 32964.8 -1.71595e+06
213059 -698153 -605122
451167 283320 1.03346e+06
-1.27079e+06 670151 -332075
-1.13964e+06 661265 -21145.7
-1.23102e+06 -1.01484e+06 -1.20603e+06
284836 98308.1 -419280
1.46466e+06 -260547 2.69305e+06
498241 -249277 363518
766841 1.91631e+06 1.11651e+06
-204027 778468 155592
1.19882e+06 -1.34836e+06 -464708
1.73986e+06 -470053 275475
-86611.6 -368917 -171145
-419836 -1.00394e+06 -1.91217e+06
-686873 1.39033e+06 30960.3
779753 955409 -532007
-336535 -893465 429322
640178 -151758 812468
-549149 810554 -659587
-14665.7 583561 -130718
-149144 404898 -747254
216256 1.01522e+06 1.24433e+06
-477743 -453049 515359
-490958 835811 623302
-962932 433585 -89704.1
707651 -578839 192109
202377 -126915 1.07204e+06
-959627 319092 80453.7
-367127 146166 637830
-330522 -960559 -200503
-232876 764599 941936
163634 -191338 1.3104e+06
542560 1.00091e+06 -175312
298983 -1.46971e+06 1.0171e+06
-1.59988e+06 1.55638e+06 682780
-229835 434475 647761
-965057 -32588 1.14472e+06
78405 -113157 -249486
-179347 -70761.1 -245864
-179046 -2.26526e+06 747218
1.74531e+06 -620943 4780.29
107156 -1.62085e+06 1.25235e+06
146009 1.05854e+06 -249070
-714540 -699004 851962
652954 -114414 794699
785782 30302.5 1.3516e+06
-151452 -1.08238e+06 -1.13822e+06
-1.30047e+06 1.85109e+06 -475490
1518.5 714110 1.55565e+06
-960833 -693945 -561452
-855672 17027.3 -256849
475117 697769 307285
-1.29347e+06 831772 -576379
206305 -585629 926209
595918 1.0876e+06 278257
-197388 1.37585e+06 1.31203e+06
-1.19831e+06 104228 102667
905086 642266 4675.1
-316758 -674901 1.31511e+06
-107818 -1.20575e+06 -632578
141134 -485978 581155
-873892 813982 388536
1.6605e+06 229514 -689780
-1.15015e+06 1.06949e+06 93333.1
1.71575e+06 -1.05364e+06 1.29522e+06
330275 -869603 -1.02514e+06
71512.9 -151309 2.06445e+06
337874 1.07104e+06 -246947
-286649 529524 925769
-1.56151e+06 701981 158817
396264 -191271 127321
-518194 -1.12017e+06 960065
700242 1.22956e+06 -66081.5
-1.04207e+06 1.10887e+06 2.00472e+06
-142557 -367037 1.26633e+06
-345641 -1.19894e+06 14878.8
-61816.1 -980349 467217
530567 -878677 -1.00868e+06
497361 -1.19027e+06 858574
-477149 436991 468604
572236 -264207 1.41024e+06
-838006 -835119 494664
-241277 641287 403056
-905735 460709 -360192
903184 348814 1.33827e+06
526527 -149638 -831524
-992482 -1.49479e+06 185341
-1.19597e+06 613918 -338692
1.41731e+06 -270820 1.78189e+06
-566542 294184 1.6825e+06
-316425 -208142 1.05419e+06
128296 -1.49208e+06 -716229
-915099 187146 653872
1.32295e+06 -1.07565e+06 -466863
-207136 569647 839978
108311 -152195 247769
-1.26275e+06 598385 -1.23968e+06
-1.48408e+06 -941034 121336
-212283 516578 -218682
87508.7 307187 433100
-192203 -1.00117e+06 40565.2
-1.12093e+06 -753476 122096
1.30875e+06 -797464 -250562
898989 -1.00226e+06 1.18117e+06
801061 209775 -468355
539554 -201018 58693.4
-307745 -397131 357220
-572312 -45615.7 -807010
779997 -159212 1.00735e+06
895443 154564 465663
-1.26196e+06 1.48535e+06 1.27821e+06
-1.04056e+06 -781034 -610208
447359 862743 831277
-201054 421496 -121026
586017 -1.08929e+06 -531742
-1.02464e+06 723099 2.03242e+06
1.32101e+06 436407 1.32286e+06
-987124 -327608 -107117
-615310 500909 129743
302791 351229 -875530
515739 -1.35195e+06 412955
-41439.2 -154699 1.01132e+06
-331722 993574 1.25187e+06
-171110 -1.27824e+06 -182621
-443608 -347029 -220056
801345 1.12844e+06 75443.5
444635 -838895 1.09151e+06
871022 130849 967688
143582 -1.88595e+06 811751
1.15301e+06 -1.06398e+06 2.17656e+06
945725 -1015.48 1.0929e+06
-332342 -411897 -56227.4
-840195 -460479 -763679
194442 530669 -117780
1.2813e+06 42852.2 1.66089e+06
452058 -1.0983e+06 1.28397e+06
-943558 -905708 72199.1
-1.47888e+06 833598 720859
1.01217e+06 86238.5 408080
237560 -529336 1.01088e+06
1.11707e+06 -124377 148836
53795.8 231415 -305048
-256288 -257652 1.12336e+06
553656 -635463 747027
848301 -867365 1.67869e+06
524007 -631702 884316
1.02473e+06 -187014 939751
243495 -88694.4 -205453
-505121 -241496 249035
-947721 -370668 -170007
-936938 165601 -52886.1
437735 -571859 -595276
1.12704e+06 -183577 54193.1
486957 -864606 -566216
-463727 438079 -955609
404691 -1.07005e+06 -10995.1
980348 579803 -1.6843e+06
1.28356e+06 -480140 499132
1.43643e+06 -214979 1.65447e+06
-598808 354787 215684
96580.4 78886.6 1.04626e+06
-192193 822912 899115
-136416 -1.06641e+06 901158
734117 577697 -1.19403e+06
709159 -1.10569e+06 900371
-1.74971e+06 -56007.2 -262808
239750 26253.6 873600
-773990 -40311.5 -222586
345285 -1.72873e+06 -435755
164323 39357.7 575036
1.22844e+06 180533 -181412
291684 -195420 -7485.77
314672 -143937 -85147.2
-426180 -243206 -144808
-882800 -572501 1.25333e+06
-480149 793052 703164
-569956 584370 -426658
229531 334391 3397.18
-204630 -519732 316431
622478 -884135 71612.1
783552 1.46522e+06 1.07676e+06
1.25417e+06 890669 -100839
-1.0221e+06 1.16173e+06 -424056
-599017 -647120 1.10938e+06
682791 -1.7143e+06 266477
743103 753840 -97059.1
121604 753644 -954709
472185 1.00675e+06 -389237
1.38912e+06 -1.75909e+06 -454273
23760.3 -706415 678721
-57745.3 947442 170699
-715149 200918 -1.50699e+06
710262 42553.3 1.31398e+06
-340222 -714125 1.34275e+06
-187660 -663093 323611
644554 1.2826e+06 -731338
649762 -1.77232e+06 80835.7
-1.02348e+06 1.01061e+06 -676070
482232 -457605 434551
-93466.6 1.15292e+06 -241541
115213 1.43621e+06 -402932
1.43596e+06 -6163.43 1.10672e+06
-307127 -1.43173e+06 403454
-194957 913104 -284673
153577 -391763 918580
587131 -1.69438e+06 -149157
-623993 -993665 1.28603e+06
1.64149e+06 -152593 1.28514e+06
-507907 264830 -182128
-403099 975822 -166799
-375773 -61106.8 -257407
645837 -8642.92 -816955
1.0826e+06 -668661 1.49773e+06
-47188.6 83923.4 1.03221e+06
-478517 -633893 824322
-1.17138e+06 690402 -33728.2
-108367 -38703.8 1.41781e+06
291936 842236 -328993
106187 649463 219652
747775 -195270 346365
546889 -635516 189516
-569499 -578773 150718
1.48161e+06 -116751 -19800.8
845463 1.60588e+06 847721
-438837 449621 -96861.2
326329 -348244 -1.76263e+06
1.78077e+06 -1.03444e+06 706597
1.63169e+06 813871 209799
-968844 49973.8 -90706.4
-612083 -261890 -938176
1.63112e+06 -505782 644303
784063 -558126 254958
595647 -915972 -1.10853e+06
501639 770288 -2.08163e+06
-37335.9 693348 -1.12066e+06
495392 -1.20395e+06 201397
-532506 867505 -1.46475e+06
1.18849e+06 -34534 -682202
907400 -324838 793658
-469124 109951 1.20464e+06
1.15553e+06 -431669 -550813
-376388 -179186 -366301
526827 1.11828e+06 1.3516e+06
8950.64 -161911 287481
245423 -166288 371179
-382697 649418 1.04155e+06
-201608 -1.67313e+06 -507523
1.5849e+06 220383 1.54784e+06
-630720 -1.18418e+06 -184363
-777293 -405951 1.41307e+06
711972 238582 -396308
-84517.2 71474.8 595447
1.05513e+06 497770 389193
-1.08791e+06 889091 -3888.62
1.42738e+06 -946107 548129
-575712 7601.16 111702
110270 -680218 383271
-797986 -122291 -519790
-588589 183927 420644
1.04901e+06 744861 -20626.2
27849.7 121012 148299
1.02678e+06 695417 148929
-524094 1.061e+06 586061
-2.36191e+06 -577888 85621.1
552515 -641006 -108221
-1.35899e+06 673716 599254
-1.0772e+06 1.33142e+06 542286
1.38839e+06 -582530 1.71041e+06
-707804 1.38428e+06 -50760.4
-1.04361e+06 357449 663538
-301238 -1.28243e+06 660086
-897182 -94292.7 -176823
1.12144e+06 -220357 484163
-2.28597e+06 879361 580232
86297.7 889312 334212
-980352 1.28415e+06 412267
-122927 768275 843039
-1.42495e+06 -1.74778e+06 -307999
32451.2 -1.97009e+06 -130071
1.23124e+06 -90962 1.17518e+06
-304326 -1.08106e+06 -380633
-1.27376e+06 23541.3 1.98927e+06
-217403 -239109 1.43302e+06
-1.54736e+06 -747669 282437
760120 -1.10781e+06 -761845
454766 1.13942e+06 595953
-64615.5 -700568 1.19342e+06
-758935 1.24279e+06 1.6815e+06
150551 -214127 2.08908e+06
-55216.8 204441 462943
-1.41386e+06 173642 -66518
-747951 -825868 633006
340730 -201317 119584
-1.04478e+06 54632.9 295119
-1.10628e+06 786510 -561370
782162 -688723 -984101
240587 860404 778832
-470114 26225.7 -630477
-443025 -327928 765756
2.04783e+06 -360139 989497
-1.3862e+06 404966 -321952
-1.2209e+06 -133639 -82097
92761.5 -414079 1.29561e+06
-642758 -285659 -2.03314e+06
302319 -402177 -263501
830073 29133.3 689187
594517 139473 407292
-104404 966650 -1.02926e+06
503250 266684 1.83955e+06
122071 159918 -493225
-1.32985e+06 408833 1.18096e+06
-148936 371789 553532
-757679 173503 1.35902e+06
-527602 1.05207e+06 -866542
-930675 -53535.5 287113
2.10025e+06 -50548.8 1.0251e+06
409968 -1.16824e+06 298560
606363 -261439 -57352
-383268 -1.00914e+06 194053
170251 -575800 -522807
2.63264e+06 174141 -494984
378293 -448764 -117144
13405.3 -294510 405019
471051 -414767 1.68237e+06
785640 830274 225701
-895504 -1.51498e+06 -284798
-540110 427246 -1.17147e+06
1.79902e+06 536710 1.03666e+06
-1.10687e+06 -442848 1.69485e+06
-58802.9 690321 815446
-304650 -639657 176603
23404.3 -87586.3 1.23833e+06
-1.87725e+06 -40859.8 850159
-372756 -767261 1.24908e+06
287294 -762510 498758
458336 589753 817159
331348 78589.2 -679728
1.56515e+06 -383446 1.18402e+06
-16928 -1.02113e+06 548299
-606449 -536892 409051
-38832.9 524690 1.46742e+06
-136241 -1.81428e+06 51903.4
-1.11609e+06 -516172 974554
-46178.3 818335 437059
467908 -2.20994e+06 -1.32122e+06
14866.8 -1.24199e+06 225395
341979 -631377 219686
1.28678e+06 -489142 91776.2
-828257 260011 541994
263075 -1.14127e+06 -249570
136935 1.21225e+06 2.54996e+06
569409 430509 557726
-467254 637834 1.41285e+06
578480 -1.47216e+06 1.76287e+06
-225698 606305 -226672
-1.38373e+06 -922858 -222389
111556 898970 -151809
-155150 388732 -563477
-439537 1.82835e+06 2.19893e+06
221920 -815705 -4303.65
-297582 -1.69513e+06 782780
-705634 183011 14782.3
1.73656e+06 1.33255e+06 -434951
1.50279e+06 532270 868656
843802 -728488 994157
83961.1 -393342 1.01594e+06
1.07213e+06 -1.19952e+06 682447
1.34678e+06 139646 100423
-1.50167e+06 438330 181719
-1.8201e+06 922856 -207014
-1.78932e+06 -434387 700365
114119 -23970.6 1.33332e+06
-76468.3 836947 1.09225e+06
291147 17058.4 1.09101e+06
-44120.1 1.59348e+06 -126453
-46934.3 -1.13802e+06 1.29925e+06
1.77548e+06 270651 -256198
-296798 722389 -259389
-239984 25520.2 918426
194693 803220 255423
466049 -118295 609033
1.07173e+06 -1.0277e+06 166193
-5085.1 -974694 1.25009e+06
768452 372548 -116441
137178 1.51295e+06 -515266
-677225 -219421 -336542
-338826 -153247 -1.93535e+06
-772909 -316425 2.51904e+06
1.22036e+06 -1.31092e+06 335852
-65825.4 -885131 1.34622e+06
114714 1.41099e+06 845101
-886738 8436.85 383014
-701988 -264445 1.16416e+06
-1.07607e+06 760447 366365
212202 -1.13131e+06 -294885
777332 -1.28301e+06 290666
-246182 140849 182947
-142887 322816 -2.08124e+06
111780 -434323 588209
793929 -64300.2 1.25212e+06
-1.47056e+06 1.4925e+06 45009.7
681416 -371433 1.26977e+06
-390093 -446943 131688
-785694 288894 -157550
633627 -406738 458896
832882 -33201.1 -708454
-217935 -207466 689146
-183151 82104.1 1.86295e+06
-372798 -689210 213438
-317118 -67769.2 -484380
-256332 180127 1.13118e+06
-375821 -502288 1.5397e+06
556944 274899 -772098
-414871 1.21972e+06 1.4469e+06
-164137 -1.59631e+06 420300
1.178e+06 -868460 672569
-1.34348e+06 -666176 1.05209e+06
-1.58884e+06 382740 506207
766178 -688361 438738
-323553 -916197 1.72115e+06
1.04541e+06 -859913 39829
894420 1.53963e+06 -557108
2.00139e+06 -74811.1 -1.51538e+06
346207 1.81497e+06 289940
-951425 -464269 -756149
73656.2 1.32578e+06 1.27143e+06
-131705 1.20445e+06 274158
-89911.1 -270031 -733233
-281764 -787451 274142
384727 756116 -92343.6
-627873 1.04498e+06 -251104
-1.65389e+06 -868651 120063
-1.34428e+06 -1.84755e+06 959387
460838 -690240 -1.00519e+06
552834 14713.6 -1.18393e+06
28915.6 -695593 1.40617e+06
-467041 -300988 1.30102e+06
796450 126825 -32841.9
-812554 395826 1.06571e+06
-112691 -1.2208e+06 1.04265e+06
921183 -913848 135038
-457326 169176 -395257
1.55816e+06 -324407 -84612.8
866835 796530 -186975
-906036 234074 -89783
-338433 1.45445e+06 276547
731690 -280530 1.33287e+06
-813535 404985 21194.5
-904188 286425 -378873
35363.2 -2.46665e+06 626574
-496675 474347 2.01241e+06
-908279 819772 1.29041e+06
2.6368e+06 304816 921530
267307 -426883 399789
-767829 -19047.9 1.49145e+06
-1.59259e+06 119870 816417
-370042 886140 229918
-367819 -592053 379122
55127.5 -573576 1.26951e+06
639977 -1.16776e+06 -10787.7
1.00213e+06 -1.72581e+06 -252664
-1.36646e+06 -286999 236132
57094.2 -141871 -412765
918271 -258516 1.51285e+06
-556617 167776 -890009
304040 55224 1.41182e+06
-31323.3 279461 -337028
1.65027e+06 631506 544108
1.15145e+06 230544 162073
143957 -1.29469e+06 388404
274455 -993619 959166
-102869 -1.71421e+06 44536.1
-861563 665578 -158807
-1.99812e+06 -1.04655e+06 263202
947319 108752 -32368.5
-1.89909e+06 -551083 929553
-941694 -114699 324820
432966 1.04102e+06 222819
2.05744e+06 984038 773006
-1.03132e+06 -536398 -105456
396308 -268744 -1.39755e+06
-82120.4 187797 -506050
38215.8 961804 -787185
-367178 -982374 195361
-112873 142433 1.0219e+06
-1.39668e+06 -268762 2.12433e+06
1.05621e+06 -1.42723e+06 478831
1.72469e+06 71265.1 -656859
-93717.3 469025 494110
-389492 17953.3 620250
1.07127e+06 1.20456e+06 1.71361e+06
423942 22217.3 980928
-134025 463543 -420872
-684894 -134164 -329695
-2.91569e+06 788516 -384560
-302244 1.35966e+06 -721185
903157 -815213 1.15362e+06
1.31828e+06 1.33606e+06 -684802
-438126 244701 1.19167e+06
1.11943e+06 118495 -36491.7
1.02703e+06 361926 -168305
101450 948118 -80617.3
1.00717e+06 -822431 -223942
-56630.4 -505373 787870
126761 884014 52173.4
1.45098e+06 -258968 -799473
-1.73289e+06 -156633 918779
408985 394557 1.01947e+06
1.57608e+06 287944 301394
-602807 747088 656721
-1.00827e+06 793713 366170
-432775 381103 -816201
-388580 144347 -1.04772e+06
-564079 -1.77748e+06 285142
1.34658e+06 -344913 -222428
-574064 -660860 370638
-260465 673336 1.1447e+06
148181 306194 531512
-602195 141736 -695675
654565 -635962 -751517
198121 238089 464683
-152875 387655 104007
2.12575e+06 -111494 894095
-2.19068e+06 725009 136071
335618 544606 1.59488e+06
-382547 627624 1.31383e+06
-594853 573513 -92751.3
437931 -234975 -216264
663405 -823671 750349
-1.25152e+06 837358 1.70036e+06
354382 528614 -46967.4
891346 611788 -1.57752e+06
202484 1.46518e+06 391547
137926 393992 126676
-334537 -46487.4 -146806
584018 653595 1.51975e+06
1.72791e+06 1.2017e+06 364786
-743221 -696797 45778
-137382 184558 -236543
1.07434e+06 421564 -340161
-739723 -1.01663e+06 1.32169e+06
-420934 -180456 -85533.7
276022 535825 940698
-625202 1.55048e+06 -325086
-776554 1.62039e+06 529185
680436 -704301 83260.9
1.03213e+06 -283981 1.27982e+06
-1.32946e+06 -161129 942706
-975622 1.85526e+06 1.59097e+06
-466600 903582 -166283
712066 702212 1.37441e+06
457633 625219 513464
-655398 681588 -1.29753e+06
119168 576140 -297357
-498743 -1.17356e+06 2.02941e+06
-881287 59843.5 -747294
85148.2 -59509.4 710311
-1.18743e+06 -776016 693685
767938 -239900 -83093.9
1.98739e+06 -422234 593059
584465 832774 1.75751e+06
-991970 467682 2.01897e+06
388060 547687 2.13813e+06
-510429 1.61291e+06 1.88237e+06
-673642 323621 1.47332e+06
118373 -106720 -478353
495782 -966563 2010.62
1.33669e+06 938228 -1.0013e+06
-1.01544e+06 708715 -430823
848335 726562 260341
1.29282e+06 -285337 2.6171e+06
1.0162e+06 -228213 1.42666e+06
-949028 -630753 -446872
1.51695e+06 226234 -946968
-1.11528e+06 -516594 620776
-813077 60951.4 -272634
609396 -347958 -541959
-955251 600622 1.15617e+06
-1.42539e+06 -275295 161631
-1.57166e+06 194189 -367756
917759 -222323 -1.17967e+06
-126827 1.17613e+06 149719
464416 -582791 168810
337725 474541 2.2248e+06
2.735e+06 -35904.8 19754.8
-1.75267e+06 1.1295e+06 623812
-1.94391e+06 838292 -1.03529e+06
801646 318411 692790
-726690 783427 532124
197415 825418 -734845
696000 925072 254017
-254288 -2.08833e+06 -420966
1.55315e+06 -105000 -409639
104422 -117154 1.7017e+06
1.72323e+06 905138 -516873
-624096 89010.6 -833495
789536 -1.36127e+06 297496
1.21163e+06 -1.10144e+06 -1.28251e+06
199514 467765 298641
-323072 -609231 1.35715e+06
-1.31183e+06 180941 1.10626e+06
1.3327e+06 -373329 813647
-1.52727e+06 -675130 -12151.5
-310732 -264273 1.76312e+06
834526 1.14299e+06 -91589.8
-1.01232e+06 -960215 357271
104502 -146231 -9922.16
322549 -853787 342915
-1.63232e+06 686414 -371757
-847220 -119974 820450
634914 1.68772e+06 755406
-1.04837e+06 -365414 -94496
-837406 -267600 722153
483670 385900 1.18638e+06
207967 501408 1.97443e+06
702222 84936.8 -725428
-1.37408e+06 -561911 828335
-945123 -1.39873e+06 777373
86298.9 -1.0826e+06 1.08098e+06
1.75767e+06 -385220 960822
1.09109e+06 -900289 304607
142121 446870 589235
721873 116020 -114551
-391765 451773 1.45419e+06
84537.2 -3971.11 1.55106e+06
236337 1.01443e+06 736021
-920697 -9749.67 -249082
-759917 -1.03431e+06 827422
-72447.9 -697665 2.99406e+06
28606.4 -544370 1.32319e+06
-480341 -875385 -65859.8
-959942 -211737 693577
-509348 583353 -212248
-1.36161e+06 -1.09874e+06 -280584
156602 694106 285875
1.15554e+06 697127 196850
1.93881e+06 351978 -14372.3
-109736 -1.1863e+06 -1.0809e+06
571689 -790185 796518
554101 -784603 1.65553e+06
-1.03647e+06 246874 -429586
491869 -195150 -812876
-625063 1.78469e+06 -515493
986677 -645927 244811
1.26404e+06 -1.53072e+06 487737
-1.2932e+06 -123672 803273
-132920 -175534 996160
-1.24553e+06 2.30961e+06 -47454.1
214229 817452 1.61967e+06
-887879 224111 998797
45192.6 -681529 183057
-1.49297e+06 210990 565238
508512 -108120 -265312
-282658 -1.64598e+06 648464
748389 -1.88955e+06 -321433
-40356 -1.23832e+06 295727
1.06439e+06 1.11938e+06 1.29548e+06
-1.21114e+06 253072 29945.8
-1.34345e+06 1.5338e+06 1.00341e+06
-449114 -1.41436e+06 -654840
-159022 -847335 -513306
-222174 91050.2 -66647.6
7759.95 -681918 -36696.4
241618 -1.13362e+06 1.27749e+06
1.40045e+06 -1.64333e+06 -776350
145314 -2.13248e+06 968874
-285590 374507 1.45169e+06
-1.77476e+06 -1.92247e+06 -660294
-96694.1 -388124 54704.6
-947980 -504650 -65000.3
687542 733221 -913672
-1.06524e+06 1.56661e+06 1.19777e+06
623124 310611 636717
988468 384631 -1.37595e+06
967387 573147 597216
-654259 -728743 -173319
-1.14019e+06 246478 465171
932746 -601928 992569
1.37775e+06 -1.06115e+06 1.17826e+06
869652 1.15427e+06 280900
-47442.6 1.46457e+06 454326
-39212.1 -97859.6 -303509
-328926 6877.5 809467
-39905.6 -168385 -63553.4
-67779.8 -725726 1.10931e+06
496584 1.44794e+06 368435
-464931 -189997 -319125
160910 -287351 987773
-2.05257e+06 -943491 630692
780355 -387665 -38086.9
646626 76337.7 1.02831e+06
942629 144593 1.20901e+06
536488 -239169 -184081
1.34239e+06 -35140.6 132871
-643160 768284 1.16314e+06
1.63988e+06 160616 -1.04688e+06
-143231 -376941 370408
-747529 -1.77763e+06 1.64807e+06
934107 58248.8 210322
-801955 -564922 -649191
-156589 -646851 1.31179e+06
451775 862336 2.13378e+06
-415742 1.02957e+06 900029
-1.453e+06 23439.4 1.96094e+06
-599147 -750595 885902
-660429 -1.04116e+06 -1.25369e+06
874120 -183993 585345
-214370 -1.56828e+06 434363
-557536 -1.50476e+06 2.57564e+06
-387495 82905.1 -659921
639603 1.3244e+06 469879
-192307 -99108.6 -1.6137e+06
164876 -1.0621e+06 1.69098e+06
73738 584114 395030
-50979.1 2747.76 927832
-1.09283e+06 1.38146e+06 1.56672e+06
1.01069e+06 -1.33249e+06 632094
428111 -23584.1 -76013.1
78543.1 -148351 506900
-765267 -221119 1.61284e+06
-181715 395883 642515
1.0955e+06 -1.01903e+06 545150
-69968.3 212839 1.08019e+06
-276959 271330 963106
47182.4 -147875 -64320.4
-1.82731e+06 -564596 -589631
844458 80953 1.3014e+06
-145158 -218073 518794
-1.0704e+06 -354499 -670524
1.25374e+06 -1.43024e+06 1.8264e+06
339220 441198 759783
-48477.2 -632014 -451550
1.63327e+06 -1.23177e+06 558842
911680 1.52053e+06 -1.06525e+06
135011 89368.2 -903167
764744 -988000 863027
-1.66321e+06 -304565 2.12464e+06
141129 -899848 1.88539e+06
952265 769190 342350
486715 -412364 706830
283251 -292449 -236359
441554 222666 548100
-98519.8 325245 -944870
790359 -2.09568e+06 -54078.9
664502 -549656 -24042
-1.09586e+06 56749 -182029
-495253 -576021 388455
-800056 217293 1.19947e+06
-572958 -270059 403142
-733055 -557631 602910
-162158 -128904 789333
-775711 695910 -908823
788514 942570 779152
-650107 -804872 478404
-1.12259e+06 413096 -923154
270224 104227 1.12796e+06
989228 -342191 -113773
25408.6 1.12084e+06 229608
832800 137767 -104631
-684176 1.7013e+06 -738919
167125 650886 1.6233e+06
499761 -377899 1.2556e+06
2.19037e+06 419110 335730
85998.3 646031 1.90464e+06
-87754.1 -460585 2.03004e+06
-459688 391399 1.05376e+06
-408103 252417 -2.01013e+06
209641 -386420 579608
541513 -221335 573447
-1.01831e+06 150235 -322557
-462507 -985666 -315347
465339 102120 -297071
-392363 -191905 -339389
-469784 1.71033e+06 -658540
-568079 1.13207e+06 723453
-1.84664e+06 -107172 1.76259e+06
-830237 -599324 219814
-1.72471e+06 -52073.7 220020
731507 -526569 950827
-641029 148867 1.82763e+06
561295 -1.08321e+06 793988
-276754 -295442 45648.6
30199.1 -39122.8 304570
-42100.9 280964 1.31013e+06
1.09268e+06 -65557.5 -478546
468873 -1.25761e+06 -691176
-622666 505052 886513
-599813 -1.35031e+06 1.38557e+06
1.15581e+06 -446973 -387406
359013 -253752 -690199
-485674 801253 -590828
-778897 -833865 -2.10724e+06
773827 -322784 943115
-920839 732897 -445139
654745 810953 437753
-1.10381e+06 269171 1.00092e+06
647557 58186.4 72664.8
847187 -41585.1 1.43822e+06
937842 111354 36083
14101 -1.44799e+06 260755
-1.21789e+06 -361253 113288
667177 1.2673e+06 -1.52212e+06
-922602 356064 997890
-471883 83447.2 1.8736e+06
-60902.7 567507 -9270.37
442005 912844 -1.22508e+06
600642 774170 463058
-509848 -1.59888e+06 -31963.5
389621 614825 367435
-1.15453e+06 -756389 306178
-2.48991e+06 -70889.6 60070
-1.2479e+06 -175105 329226
407404 6039.08 1.18603e+06
276755 -26799.1 36156.2
394535 -901672 1.76381e+06
397713 -78277.7 828099
-56242.7 -1.25871e+06 1.25202e+06
-474542 614358 -804336
1.28547e+06 1.78609e+06 -739209
-567942 422912 -239919
-808334 -401905 -58995.8
-599779 260305 -447178
736103 730748 -1.01175e+06
351456 664843 1.34251e+06
101294 -128527 504437
320034 521952 2.25788e+06
165726 -829952 1.67458e+06
-699370 1.32227e+06 565791
1.12315e+06 -996102 267585
-1.09514e+06 -48807.9 2.47471e+06
478331 -777255 -212893
196217 -176450 385076
1.06999e+06 373065 189308
337851 -168798 101715
-130069 301597 1.2997e+06
748665 608785 1.19124e+06
-862917 -965011 733509
354010 669575 672614
-340657 -584388 -763630
164026 215536 1.09962e+06
-558713 -330155 -416133
-230329 969138 466710
626685 185567 -1.1536e+06
-216431 -127910 -235584
1.19924e+06 -412838 462593
658605 -1.24609e+06 345564
762115 628153 -1.08998e+06
-371073 -698522 681852
425352 -481136 878565
805144 517063 124781
1.13745e+06 -864894 -247400
371131 1.18616e+06 625495
-1.35144e+06 471499 -328784
708615 -448439 332453
1.05624e+06 1.13849e+06 -598617
-501824 1.61594e+06 -1.01275e+06
-891637 -522368 1.86395e+06
-207529 1.4267e+06 -96576
-484629 -68940 -819443
330423 -1.1699e+06 1.44103e+06
-1.14886e+06 681984 1.60709e+06
-518991 -152148 530273
465695 523454 351651
371565 740593 1.34477e+06
-413758 -361516 28108.6
264742 213431 908020
313432 236906 532263
757508 148276 1.49115e+06
708786 330332 2.13411e+06
-550363 -567646 331228
1.82574e+06 1.35649e+06 43493
-52546.8 906971 646415
-1.40991e+06 531246 -1.01149e+06
-119730 -539521 235633
-1.67523e+06 1.33386e+06 -518678
-626470 -508802 837996
293935 584805 1.10911e+06
-631716 -403136 -1.97075e+06
-1.07212e+06 -297958 -811050
-415301 -1.66743e+06 -1.44896e+06
75813.5 -955343 621381
-231859 -1.00544e+06 924190
983334 -1.13722e+06 2.25336e+06
-468251 -445892 -502337
1.06592e+06 -173265 252986
890092 610344 -439018
189917 284525 2.43975e+06
-700054 -1.26297e+06 263479
-370293 244362 908134
635358 797459 -783330
789211 -1.06644e+06 28791.2
1.08165e+06 1.0238e+06 359699
-49422.1 830529 1.21478e+06
-25546.4 1551.52 485870
136479 625968 315564
362152 87409.4 1.14673e+06
123894 -356350 171799
966739 1.6385e+06 628440
-349064 52399.5 209668
-984018 1.03632e+06 -1.28072e+06
745649 -805656 -134639
-375057 599733 1.06996e+06
-123021 986416 923326
-2.01426e+06 782364 651699
-845790 -194660 -330458
-1.6046e+06 -768385 171238
-1.00609e+06 1.24608e+06 1.09368e+06
142956 -1.37669e+06 -7054.28
1.50965e+06 -261565 681359
-698511 1.16531e+06 -641441
1.46269e+06 -10750.6 -1.59483e+06
1.14613e+06 454522 911372
93795 1.06845e+06 1.22547e+06
-128550 564779 522012
222532 -656596 -786734
-469186 1.19384e+06 1.18935e+06
-462796 -682441 -94415.6
650758 2.0033e+06 729267
715258 -560760 193663
-885004 -1.95813e+06 -268154
-248956 -700987 -331556
22152.5 -319592 2.73765e+06
525491 1.08033e+06 106474
-393170 -683595 107774
873396 -528371 -644451
1.80114e+06 -273382 586314
-922658 626466 -749492
-198640 808539 831781
-1.00534e+06 -500766 286269
-1.14006e+06 -1.2989e+06 120921
718305 -123105 602191
-419893 882934 1.36777e+06
629502 -615985 -24862.6
-1.01858e+06 -473885 672929
680868 -230969 885915
-72332.9 304504 1.78725e+06
864838 1.01606e+06 1.09798e+06
-1.04138e+06 1.97436e+06 -645936
-1.50258e+06 240537 842083
220348 1.68999e+06 426489
583186 1.13968e+06 606900
-253609 275137 759324
700253 -1.83574e+06 809839
647298 575906 -212701
1.4907e+06 -58884.4 91755.9
613287 -835274 670754
-196139 -122362 1.51743e+06
-1.45861e+06 74743.9 631942
1.10002e+06 -239395 1.34022e+06
646908 310578 -696967
-803499 -363178 1.4038e+06
411972 -316350 2.13508e+06
-1.37622e+06 -843769 -403398
-761860 897226 -667032
-966833 1.36008e+06 1.21479e+06
833450 588474 139847
-269036 -284990 1.55685e+06
513143 -218737 -1.458e+06
10489.2 -1.4984e+06 1.50915e+06
-329540 51437.5 37641.3
-404931 -178594 461492
-833854 -109222 124576
-1.14311e+06 396056 -628229
2.02504e+06 -198609 532681
-65253.7 681366 -868210
-473485 334663 -1.01336e+06
-345631 341521 1.46646e+06
2.08451e+06 -1.14105e+06 -395541
-1.48379e+06 46461.6 962945
1.57772e+06 -367161 -92672.9
742532 -415902 -1.09657e+06
288008 901394 1.39447e+06
28087.2 646369 638502
-1.02943e+06 -484417 1.06416e+06
453021 -521816 1.86486e+06
-171988 -1.62632e+06 -924532
905223 2.14499e+06 530229
420165 690636 173358
-111287 139659 -868804
-1.15681e+06 -444330 -443865
-730858 -1.45987e+06 1.79668e+06
-1.30883e+06 -1.69018e+06 1.92243e+06
185461 -1.04815e+06 -247713
24347.1 624281 1.87925e+06
-36102.3 -633198 -421646
-519151 321243 -250889
1.11708e+06 -493770 777746
512462 1.40208e+06 -1.27077e+06
-963327 -633665 137804
-544078 -1.1933e+06 552685
697009 -1.50954e+06 -738105
770762 -1.33327e+06 -66219.9
-783445 -1.04285e+06 -266803
-1.1504e+06 371729 484282
-1.33181e+06 1.20409e+06 -1.07286e+06
1.60376e+06 788454 880827
814050 -275319 -1.36784e+06
-1.49105e+06 -603434 1.08989e+06
168816 873069 372159
-1.46143e+06 -420620 1.28272e+06
-847260 528634 144507
-113999 -1.1772e+06 693631
-336087 -908805 282299
-939990 -807394 -53851.6
164455 -1.14009e+06 249075
-246519 1.19373e+06 -192935
56890.9 989735 546640
579273 -1.38901e+06 1.54168e+06
-646094 603162 303584
160695 382177 -479002
-1.35608e+06 -627528 981977
955790 -1.4439e+06 -646740
1.53506e+06 -1.82944e+06 2.21204e+06
-238621 -361052 463185
1.73432e+06 -1.01126e+06 -199917
357101 458969 898119
-89057.5 264634 -822380
880274 -83594.6 250069
-62396.7 -526138 -1.20135e+06
-392344 1.85595e+06 -18059
-324695 -248369 -1.13927e+06
-754069 710858 -1.41015e+06
2.07682e+06 93033.3 630347
-1.47848e+06 565265 -327935
87085 -854767 1.46289e+06
-126575 -1.03578e+06 214599
-1.2361e+06 -1.89341e+06 792286
600371 722103 1.9798e+06
1.1903e+06 111608 -874211
961638 981389 155715
471375 548424 301752
461025 1.05578e+06 -20687.6
-756844 1.25488e+06 -688378
-888956 -1.00621e+06 1.53215e+06
1.61613e+06 1.33856e+06 1.60723e+06
168702 -374483 994066
891953 2.74761e+06 691191
-306050 -529719 1.28737e+06
1.63623e+06 -497822 399413
150045 -389007 -327074
-820647 1.61958e+06 565234
-1.06085e+06 568696 909508
-284330 -795324 415366
-278172 -571626 1.36748e+06
675227 -547118 -175419
331645 -141856 946185
1.0728e+06 49961.5 885568
-1.10989e+06 -30141.4 -1.03618e+06
-848325 871176 -229461
1.49698e+06 1.00545e+06 1.12742e+06
332579 889410 496396
390209 1.44758e+06 894143
216746 -527504 1.30641e+06
2.08418e+06 1.37588e+06 868895
-1.74797e+06 67769 317342
-542367 -95784.8 1.04017e+06
-348824 1.07474e+06 -296596
912202 54365.4 675452
538252 35676 -863714
-794107 -178215 618886
595659 -500574 524611
695968 -176962 -690623
-281030 -370154 704040
-301.393 374859 140456
295721 -1.12892e+06 -875136
-366307 -967567 933138
792024 532967 -305894
-381454 413593 1.31562e+06
206165 -490180 1.79579e+06
1.05069e+06 -1.03079e+06 -292373
195373 71069.7 1.45397e+06
52853.7 -785370 -411292
1.67684e+06 449441 721906
-616720 889698 150305
143671 -1.71412e+06 467800
-795659 394207 830972
-458299 975658 1.69256e+06
372616 -461339 254447
-176734 204525 478726
-607597 -291764 -496841
871386 -538494 -187962
-520265 -173704 -232246
-248482 -59896 -272080
831691 -393934 143741
-666527 -196241 -152213
408515 1.16417e+06 -477673
437336 249504 -635584
249857 -523009 1.2676e+06
-1.08391e+06 -455471 -518008
427213 944642 1.98684e+06
-304412 -763523 288938
-739531 529385 855954
165044 267338 1.45775e+06
-1.01547e+06 -151176 1.20324e+06
-670160 1.30273e+06 979030
222151 -912823 -544863
538148 1.70868e+06 -858774
-101434 81802.4 843552
-89489.2 947130 -160805
1.20216e+06 -97036.8 -574649
-440928 621025 -1.3193e+06
-878198 143457 -358168
-890108 288169 313053
624712 591246 1.43597e+06
-1.31715e+06 -33596.8 1.39908e+06
-73898.4 1.47169e+06 -76157.4
-71279.5 430738 701707
-379093 -1.20403e+06 -3684.29
1.19122e+06 492917 667892
-625323 -300353 202991
417764 199651 -391078
488691 -802074 813986
-472811 -578886 -594160
-323029 -564240 -1.26089e+06
145938 670450 1.71334e+06
-659661 -66431.8 -310942
-154697 1.03822e+06 828653
-631782 -303108 -642463
202099 -764015 622522
-550779 111970 545357
579591 -143678 359794
-674412 -70896.1 -422950
-114464 742950 -990297
-709079 895730 905442
-395027 -357236 1.44328e+06
-1.33285e+06 287974 1.22536e+06
-259476 -566219 48013.4
683425 737364 1.20559e+06
826892 -309875 -554941
-1.36475e+06 -1.08301e+06 815964
-534579 511901 354036
-4385.06 305326 2.31323e+06
-364774 -10452.9 1.39434e+06
203974 266752 -174749
924572 567303 165829
-1.07689e+06 109647 274442
258147 -713231 -43604.5
243005 -464609 -499223
-518996 -1.20608e+06 726086
-310909 373819 833743
785557 581589 -629549
517304 -177951 325607
-441970 677138 540730
288141 -856168 -320097
-1.18155e+06 -534930 33029.6
-148545 152013 1.8963e+06
906215 -27989.2 1.35901e+06
1.28317e+06 -262420 985332
-222224 77243.5 638618
-1.77158e+06 290624 88972.2
168968 -72449 103873
1.24284e+06 -477089 170387
-1.58198e+06 -124916 481435
-164612 541034 656367
485516 184098 -28494
-507359 244217 -65007.7
637819 -558807 988575
982293 145642 552714
451026 724198 585926
113428 -159116 437059
615553 -945989 1.13563e+06
-731432 -855991 537467
