0.016553 0.0114224
0.0228061 0.0122456
0.0190415 0.0128698
0.0341523 0.013636
0.0291649 0.0121233
0.00445633 0.0122368
0.00824006 0.0122815
0.0234138 0.0136635
0.0405683 0.0120785
0.017665 0.0124116
0.0309833 0.0122228
0.0387263 0.014059
0.0288505 0.0137541
0.0433443 0.0128659
0.0312228 0.0121625
0.0184707 0.0128094
0.0259994 0.0155892
0.0241971 0.0134835
0.019018 0.0132319
0.0230761 0.0129586
0.00782069 0.0110618
0.0395216 0.0115452
0.0363732 0.0133788
0.0231872 0.013814
0.0267587 0.0169227
0.0221299 0.0122012
0.0378006 0.0156259
0.0356665 0.0148006
0.0430762 0.0137788
0.0292847 0.0129315
0.0275778 0.0133982
0.0428314 0.0102799
0.0163149 0.0145422
0.00946562 0.0133858
0.0349868 0.0120722
0.0338395 0.0130118
0.0170312 0.0139685
0.0317792 0.014323
0.0241341 0.0145811
0.0346031 0.0116897
0.00797918 0.0126542
0.0230211 0.0117226
0.0167362 0.0187522
0.00447595 0.0143312
0.0409307 0.0145308
0.0251835 0.0140865
0.00510279 0.0129774
0.0242251 0.0141065
0.021649 0.0120981
0.0260009 0.0151962
0.0148745 0.0141928
0.040811 0.0145407
0.0117812 0.0103721
0.00816799 0.0135264
0.029356 0.0119621
0.0247138 0.0110778
0.0252045 0.0123722
0.0166611 0.0117231
0.0151094 0.0109912
0.0267552 0.0151331
0.01371 0.0137894
0.0117345 0.0119841
0.0426377 0.0122161
0.0193675 0.0114454
0.0485952 0.0118799
0.02717 0.0130171
0.0112649 0.0140053
0.00782088 0.0140611
0.025571 0.0115101
0.0387059 0.0113898
0.0302338 0.0124864
0.0405148 0.0119038
0.0380301 0.0205205
0.0228275 0.0158763
0.0233048 0.0114886
0.00902779 0.0153715
0.0445549 0.0128033
0.0299974 0.0117169
0.0333194 0.0126042
0.0144243 0.0192471
0.0472251 0.0118894
0.0170784 0.0128036
0.036719 0.0131693
0.0168894 0.012487
0.0466511 0.01268
0.040043 0.0140854
0.0268606 0.0130698
0.0188288 0.0102921
0.0408864 0.0130129
0.0254635 0.0131635
0.00706873 0.013829
0.0270502 0.012742
0.00886199 0.0115617
0.00699369 0.0136087
0.0145031 0.0147636
0.0190579 0.0183948
0.029216 0.013208
0.0325905 0.0129845
0.0110636 0.0136063
0.0245869 0.0139271
0.0161441 0.014225
0.00481328 0.0151988
0.0409414 0.011478
0.00529782 0.0122506
0.028163 0.0141807
0.0356434 0.0125822
0.041312 0.0137517
0.0440002 0.0120596
0.0282203 0.0123133
0.0236878 0.013822
0.045461 0.0119788
0.0313663 0.0121294
0.0354039 0.0147989
0.00140557 0.0152351
0.0133657 0.0122373
0.0325288 0.0119017
0.00941493 0.0121362
0.0365256 0.0135169
0.00533077 0.0134892
0.0409123 0.0151643
0.0171692 0.0127836
0.0204649 0.0112863
0.040369 0.0128804
0.0379362 0.0109367
0.0067003 0.0113722
0.00431883 0.012309
0.0215271 0.0103893
0.0146087 0.0133081
0.0458186 0.012601
0.0376035 0.0110186
0.0473136 0.0134194
0.020109 0.0119624
0.0275671 0.0156067
0.0420005 0.0125453
0.0409103 0.0129818
0.0129289 0.0133483
0.0305011 0.0130404
0.00198313 0.0126054
0.0337036 0.0148387
0.0332034 0.012081
0.0101061 0.0115366
0.0204542 0.0131773
0.0241317 0.0131313
0.0210114 0.0114554
0.0386284 0.0118533
0.0234849 0.0139302
0.0417039 0.0119983
0.0332749 0.0129639
0.038002 0.0139213
0.0300314 0.0117564
0.0346036 0.0181889
0.0026955 0.0137062
0.0191443 0.0144421
0.0440591 0.0123234
0.0457307 0.0143388
0.0212553 0.013091
0.0170045 0.0142517
0.00560141 0.0127289
0.0152807 0.0131353
0.0202411 0.0134462
0.0277636 0.0142982
0.0418507 0.0115777
0.0275973 0.0132239
0.0382688 0.0119001
0.00509986 0.0150172
0.00616406 0.0122204
0.021775 0.0142222
0.0414142 0.0134732
0.0380506 0.0158912
0.00466046 0.0114335
0.00809278 0.0116479
0.0186298 0.0127648
0.0159388 0.0135186
0.0188679 0.0118338
0.0121841 0.0123475
0.0163584 0.014043
0.0285309 0.0138202
0.0471395 0.0127366
0.0265745 0.0132206
0.0438228 0.0118999
0.032945 0.0136577
0.0291297 0.0121591
0.0111299 0.0123671
0.0437404 0.0112476
0.0265733 0.0126041
0.0311925 0.0144725
0.0366091 0.0125941
0.00370249 0.0134326
0.027479 0.0137392
0.0395475 0.0124705
0.0157065 0.0104186
0.0296659 0.0140099
0.0442798 0.0121322
0.0275048 0.0106833
0.0301341 0.0130871
0.0108328 0.0115265
0.0335024 0.0103869
0.0324625 0.0122871
0.0101948 0.012273
0.00527016 0.0114732
0.0178508 0.0121745
0.0450535 0.012393
0.0252746 0.0111275
0.048326 0.0145056
0.015248 0.0128851
0.0174298 0.0150721
0.0331846 0.0132618
0.0433144 0.0114558
0.0240285 0.0159708
0.00152576 0.0114909
0.0331223 0.0139959
0.0263517 0.0123539
0.00799329 0.0121176
0.0366498 0.0151406
0.0319592 0.0128671
0.00817552 0.0133396
0.0463559 0.0126537
0.0195091 0.0139962
0.0259454 0.0130633
0.0283088 0.0144467
0.0326505 0.0141152
0.00416127 0.0140026
0.0212536 0.0165665
0.0293616 0.0132111
0.0401507 0.0147027
0.0168639 0.0144814
0.0199505 0.0123707
0.0428922 0.0126419
0.0285002 0.0117753
0.0183469 0.0131026
0.0437513 0.0117374
0.0154505 0.014861
0.0150281 0.0117346
0.0425908 0.0146289
0.0147025 0.0113512
0.00952069 0.014292
0.016056 0.0128948
0.0262477 0.011657
0.00870074 0.0143188
0.0435175 0.0140322
0.0365018 0.0204128
0.0073152 0.0145804
0.0213238 0.0148731
0.0217457 0.0122825
0.00676475 0.0124229
0.0483651 0.0104351
0.0329208 0.014168
0.0466447 0.014385
0.0241626 0.0142055
0.00892774 0.0146838
0.032218 0.0111057
0.0432153 0.0130698
0.00252047 0.0131324
0.0449112 0.0155092
0.0420126 0.0143551
0.0209256 0.0124886
0.0170032 0.0114837
0.0282867 0.00982897
0.00324853 0.0123517
0.00874033 0.0136389
0.0244066 0.0117076
0.0178437 0.0121661
0.0188788 0.012856
0.0397516 0.0152378
0.01917 0.0131313
0.0307072 0.0102896
0.0294264 0.0132303
0.0388148 0.0132354
0.0208025 0.0160422
0.0272911 0.0120088
0.0233262 0.0128076
0.0267809 0.0118615
0.0184685 0.0115824
0.00564154 0.0167331
0.0170832 0.0119006
0.0255034 0.0159176
0.035755 0.0148271
0.0202465 0.0125728
0.0383969 0.0115785
0.0107026 0.0131036
0.0386137 0.01452
0.0324183 0.0140292
0.00581062 0.0121246
0.0113654 0.020537
0.0208247 0.0128031
0.0326546 0.0127658
0.0193226 0.0143132
0.0222682 0.0190339
0.0286496 0.0109397
0.0158325 0.0115273
0.0137485 0.0125775
0.00438774 0.0135054
0.0310234 0.0201964
0.0183996 0.0114629
0.0101116 0.0140236
0.0212413 0.0152584
0.0280938 0.0134402
0.0292632 0.0120236
0.0340521 0.0149692
0.0105515 0.0111982
0.00609938 0.0117953
0.0198476 0.0117393
0.0263235 0.0150785
0.0262017 0.0121126
0.0431984 0.0125092
0.041551 0.0119641
0.0391256 0.0152658
0.0156689 0.0135317
0.00548514 0.0120224
0.0234895 0.0118153
0.015945 0.0146084
0.0346278 0.0113308
0.0256171 0.0149952
0.0136413 0.0195038
0.0328608 0.0128076
0.0445604 0.0141705
0.0434719 0.0148219
0.0403859 0.010885
0.00970432 0.0109429
0.0434147 0.0114948
0.0372044 0.0133593
0.0177448 0.0146357
0.0062858 0.0141545
0.0129307 0.0123483
0.0188622 0.0119205
0.0410942 0.011369
0.0204727 0.0133517
0.0177488 0.0123692
0.0251293 0.0123153
0.0189821 0.0111767
0.0053673 0.0144947
0.0107028 0.0148175
0.0457021 0.0144115
0.0409495 0.0139353
0.0207405 0.0127809
0.0336719 0.0120465
0.032752 0.0127548
0.0366402 0.0154973
0.0367017 0.011476
0.0421182 0.010553
0.0394945 0.012609
0.0412319 0.0127502
0.0318164 0.0129452
0.034069 0.0122491
0.0105609 0.0151512
0.0392855 0.0121149
0.0139876 0.0140982
0.0152226 0.0122019
0.0339865 0.0126389
0.0452015 0.0128228
0.0368362 0.0124897
0.0446548 0.0121403
0.024135 0.0119577
0.026123 0.012736
0.0225101 0.0135002
0.0435364 0.0152434
0.00705741 0.0126248
0.0147071 0.0113312
0.0310922 0.0125805
0.00434786 0.0132852
0.0321839 0.0136524
0.0303355 0.0144572
0.0451834 0.0139853
0.0410209 0.012756
0.0250727 0.0147986
0.0186655 0.0148249
0.0302311 0.0142055
0.0299098 0.0135609
0.0362263 0.0107192
0.00889046 0.0154419
0.0115523 0.0114912
0.0138972 0.0134461
0.045209 0.00937275
0.03211 0.0136972
0.0204466 0.0154532
0.00728528 0.014513
0.0123816 0.0124581
0.0458681 0.0144423
0.00691725 0.0113758
0.00880161 0.0130533
0.00266445 0.0123507
0.0198037 0.0125727
0.043797 0.0120603
0.0303782 0.0123895
0.0207118 0.0120689
0.010156 0.0139543
0.0155334 0.0125112
0.0442994 0.0131858
0.0355905 0.014011
0.0188062 0.0122621
0.0206632 0.01458
0.0106434 0.0128325
0.0368752 0.0137755
0.0308629 0.0126542
0.0221114 0.0124269
0.0315855 0.0128675
0.0261026 0.0137449
0.0194666 0.0122082
0.0309421 0.0120401
0.0165586 0.0116418
0.00435353 0.0118506
0.0469515 0.0116656
0.0299842 0.0133433
0.0193586 0.0125927
0.0298201 0.012675
0.0169056 0.0128993
0.00779151 0.0154813
0.00816952 0.0137111
0.00461895 0.0120685
0.0437621 0.0142843
0.00565465 0.0130706
0.0131985 0.0116496
0.025714 0.013525
0.0232775 0.0130877
0.0442307 0.0130107
0.0345702 0.0125325
0.024141 0.0117166
0.0308902 0.0144497
0.0463262 0.0144929
0.00479169 0.01307
0.00581845 0.0142823
0.0445906 0.0116703
0.0379196 0.0123614
0.0355822 0.0116632
0.0469148 0.0112459
0.00785881 0.0102504
0.0284158 0.0113775
0.00901321 0.0132575
0.0404316 0.013715
0.0469134 0.011557
0.00169765 0.0122301
0.0074642 0.0141095
0.00634311 0.0124915
0.0191376 0.0116841
0.0297191 0.012449
0.0181637 0.0127361
0.0240187 0.0124855
0.0372872 0.0140742
0.0435492 0.0155991
0.0224057 0.0161486
0.036682 0.0123111
0.0240419 0.0124915
0.00694404 0.0133954
0.0113943 0.012187
0.00537875 0.0123731
0.0128579 0.0128118
0.0254332 0.0131409
0.0409817 0.0122131
0.00943566 0.0141032
0.016989 0.0119295
0.0198537 0.00973954
0.0469696 0.012849
0.00460571 0.0122343
0.0469355 0.0137906
0.00815815 0.0128152
0.00723369 0.0130519
0.0380245 0.0129468
0.00819005 0.0120621
0.0211695 0.0133304
0.0480688 0.0120683
0.017757 0.0132768
0.0123536 0.0122312
0.0116819 0.0130028
0.037529 0.012293
0.0116828 0.0138495
0.00289638 0.0107913
0.0423693 0.0116529
0.0110762 0.0132233
0.0291064 0.0126721
0.0164626 0.0121042
0.0130831 0.0146811
0.0443212 0.013944
0.0249065 0.0126544
0.023713 0.0115688
0.0458347 0.0129692
0.0296608 0.013297
0.00789511 0.0129083
0.00848296 0.0126998
0.00602977 0.0134578
0.0448459 0.0137497
0.00826922 0.011901
0.0400264 0.0119583
0.0330803 0.0126794
0.00336346 0.014811
0.0443404 0.0122441
0.0376942 0.0127955
0.0347081 0.0137189
0.0230747 0.0122664
0.00399901 0.0112615
0.00598112 0.0124726
0.0158646 0.0134063
0.0277048 0.0129149
0.014264 0.0131098
0.0211657 0.0114381
0.00915267 0.014699
0.0265233 0.0123897
0.0115099 0.0107144
0.0239088 0.0118725
0.03537 0.0152702
0.0409778 0.0136273
0.0074989 0.012715
0.0393221 0.0124071
0.0222341 0.0131004
0.04389 0.0120224
0.0396115 0.0131307
0.0464266 0.0140903
0.0304063 0.0149274
0.0326318 0.0124539
0.0298859 0.0149073
0.0343969 0.0136008
0.0214273 0.0128283
0.0454319 0.0136781
0.0342853 0.0116891
0.0368185 0.0140274
0.026479 0.014144
0.00417088 0.0117752
0.0351987 0.0128806
0.028386 0.011244
0.0197951 0.0142598
0.0160336 0.0129371
0.0386697 0.011718
0.0378747 0.0140714
0.0407068 0.0110586
0.0294255 0.0125695
0.0438527 0.0110868
0.0332454 0.0127501
0.0474963 0.0120619
0.0143352 0.0125178
0.0391768 0.0143255
0.0131429 0.0128121
0.014278 0.014223
0.0374437 0.0133894
0.0333953 0.011385
0.0149066 0.0111648
0.0135416 0.0138826
0.0463006 0.0110467
0.0153759 0.0125715
0.047736 0.0142403
0.0040555 0.0117179
0.0115395 0.012647
0.0181188 0.0146177
0.0438555 0.0121029
0.0425767 0.0141209
0.0353532 0.0129829
0.0251796 0.0120388
0.0274781 0.0135011
0.0399333 0.0148937
0.0304961 0.0118156
0.0337216 0.0122369
0.0435477 0.0146324
0.0462565 0.0112195
0.0247041 0.0122806
0.0307768 0.0116116
0.0198876 0.0141374
0.030527 0.0141862
0.0249748 0.0133033
0.0206538 0.0148045
0.00524698 0.0142238
0.0354738 0.0108984
0.038357 0.0125747
0.0462734 0.0125125
0.0234299 0.0143047
0.00917771 0.0126832
0.0279975 0.013179
0.0323122 0.0157172
0.0355548 0.0116021
0.0311253 0.0108433
0.0395382 0.0135673
0.00302255 0.0139793
0.0388663 0.0130747
0.00308763 0.0120992
0.0387003 0.0141541
0.0272912 0.0144508
0.041827 0.0113877
0.0428073 0.0128965
0.0443803 0.0132274
0.0206603 0.0119158
0.0222574 0.0146368
0.0338105 0.0123815
0.0463506 0.0134734
0.0302936 0.012171
0.0407028 0.0128905
0.0281184 0.0147991
0.0424797 0.0103892
0.0275954 0.0130267
0.0190246 0.0122427
0.0189459 0.0132908
0.0432552 0.0140818
0.0152341 0.0124365
0.0218425 0.0144971
0.0239876 0.0141957
0.0245362 0.0110707
0.0292455 0.0130468
0.0310053 0.0130976
0.0412903 0.0191357
0.0315681 0.0124155
0.0191454 0.0137255
0.0284589 0.0149119
0.0208411 0.0151743
0.00706363 0.0135141
0.0122495 0.0163424
0.0352825 0.0130145
0.035824 0.0133714
0.0249114 0.0148322
0.0216792 0.0162116
0.0314939 0.0134285
0.00295749 0.0129137
0.0471463 0.015672
0.0259259 0.013601
0.0214626 0.0107691
0.0357597 0.011326
0.0190819 0.0137478
0.038589 0.0106996
0.0308465 0.0127393
0.0210636 0.0134557
0.0322288 0.0122628
0.0330817 0.0123532
0.0124025 0.0116191
0.0205094 0.0106803
0.0259685 0.012651
0.0349417 0.0129664
0.0286111 0.012302
0.00998945 0.0151567
0.00942147 0.0119446
0.0077743 0.0131348
0.0446526 0.0118757
0.00906868 0.0110996
0.0298039 0.0124823
0.0369953 0.0115824
0.0300804 0.0118286
0.0350859 0.0122621
0.0353071 0.0140323
0.0238222 0.0118871
0.0192226 0.0124258
0.0443704 0.0141442
0.00441685 0.0139533
0.0141875 0.0137015
0.0196244 0.0141326
0.0406943 0.012747
0.0412453 0.0140574
0.0426901 0.0118244
0.0203855 0.0120785
0.02775 0.0148034
0.0411503 0.0139461
0.0418169 0.0142639
0.0397751 0.014404
0.0314954 0.0138993
0.0135265 0.0110785
0.0387839 0.0118609
0.0376267 0.0127165
0.0158344 0.0114298
0.0168021 0.0145872
0.0298825 0.0134378
0.00327791 0.0142524
0.0189018 0.0132858
0.0143204 0.0144772
0.0122351 0.0135053
0.0471911 0.0129925
0.0259233 0.0140315
0.00247744 0.0118654
0.033539 0.0141911
0.00438201 0.0116441
0.00713771 0.0132613
0.00893005 0.0121818
0.0296305 0.0129133
0.0436396 0.0119936
0.00696055 0.0115586
0.0082649 0.0130253
0.0205661 0.0143765
0.0139837 0.0117281
0.00394259 0.0137588
0.0191807 0.0141155
0.0122682 0.0148012
0.0060184 0.018316
0.0236762 0.0123538
0.00434804 0.0118702
0.035893 0.0114294
0.0398519 0.0107472
0.0316508 0.0138022
0.0313369 0.0147149
0.00372828 0.0129592
0.0259544 0.0101329
0.0183818 0.0130704
0.0445435 0.0125413
0.0457013 0.0122867
0.0139376 0.0131206
0.0309742 0.0143287
0.042795 0.0130871
0.0417966 0.0145548
0.0266934 0.0122599
0.00803271 0.0151908
0.0354263 0.0132025
0.0105527 0.0132499
0.00626322 0.0134814
0.0409025 0.0118928
0.016879 0.0148108
0.00868808 0.0128342
0.0190355 0.0122411
0.0433629 0.0139337
0.0128777 0.0142681
0.0114802 0.0125292
0.0321113 0.0135172
0.0222812 0.0127362
0.0333052 0.0164846
0.00274564 0.0138694
0.0185247 0.0115336
0.00249675 0.0121754
0.0413562 0.0128357
0.0307381 0.0130319
0.00447274 0.0116739
0.0159319 0.0127539
0.0253519 0.0107185
0.0173819 0.0125488
0.0156052 0.0127204
0.0231465 0.0120285
0.00468348 0.013354
0.0126805 0.0130111
0.00981202 0.0147439
0.0380556 0.0121556
0.0423458 0.0123014
0.0485043 0.0121496
0.0409991 0.0122643
0.03611 0.0155425
0.0351991 0.0148696
0.0307869 0.0117499
0.0330709 0.016169
0.00692201 0.0128134
0.0327341 0.0112542
0.0295204 0.0120372
0.0119695 0.0149267
0.0333964 0.012509
0.00671834 0.0119991
0.00859872 0.0152549
0.0412058 0.0121123
0.0128413 0.0141107
0.00220651 0.0123693
0.0148597 0.0122967
0.0210067 0.0110872
0.022827 0.0118213
0.0241516 0.0144865
0.0024926 0.0125419
0.0105043 0.0151857
0.0334689 0.0111276
0.0157921 0.0126577
0.0305567 0.012074
0.031416 0.0140223
0.0137764 0.0121846
0.0193516 0.0129297
0.0134022 0.015497
0.0293506 0.0112869
0.011587 0.0117342
0.0210702 0.0143544
0.0341892 0.0137482
0.0416877 0.0112486
0.0313903 0.014247
0.045328 0.0121372
0.00727586 0.0146472
0.0467863 0.0136114
0.0216971 0.0123022
0.0121436 0.0141004
0.00227284 0.0121428
0.0434541 0.0119908
0.0109737 0.0121441
0.0227568 0.0127352
0.037175 0.0137816
0.0161528 0.0143255
0.0394885 0.014175
0.00288318 0.0143218
0.00300324 0.0127212
0.0323793 0.0133006
0.0465463 0.0120313
0.0307136 0.0135058
0.0276796 0.0149779
0.0244054 0.0126525
0.0165383 0.0130257
0.0349692 0.015051
0.0137777 0.013657
0.0354674 0.0139086
0.0294739 0.0133613
0.0251926 0.0132351
0.0356008 0.0150781
0.0263898 0.0124044
0.0217365 0.0124444
0.0102287 0.0138505
0.022424 0.0130621
0.00925224 0.0140379
0.0217506 0.0146377
0.0478586 0.0121279
0.0145679 0.0129829
0.00558491 0.0170737
0.0166412 0.0140594
0.0247267 0.0126495
0.0392767 0.0126945
0.00533846 0.0125554
0.0315888 0.0136284
0.0432181 0.0150663
0.0250558 0.0133405
0.0474456 0.0142803
0.00832393 0.0113079
0.00986552 0.011857
0.0316446 0.0103289
0.00638693 0.0143766
0.00711398 0.0154623
0.0362944 0.0120862
0.0390677 0.0121893
0.0370793 0.0133979
0.0211732 0.0119327
0.0147991 0.0118304
0.0329242 0.0118792
0.0197316 0.0131389
0.0269178 0.0121229
0.0291486 0.0141547
0.0390011 0.0121738
0.0044328 0.0130073
0.036286 0.013265
0.0364238 0.0134149
0.00772557 0.0124611
0.0282611 0.0129267
0.00612948 0.0119934
0.0213546 0.0125947
0.00405079 0.0121416
0.0354043 0.0124724
0.0244852 0.0115535
0.0181108 0.0137619
0.0248208 0.0140443
0.0333786 0.0122414
0.0232647 0.0115382
0.0164744 0.0109384
0.0210808 0.0119589
0.0436678 0.0133158
0.0293272 0.0114865
0.0065744 0.0152692
0.0148482 0.0154404
0.0176502 0.0121576
0.022277 0.0142732
0.0416122 0.0139909
0.0115502 0.0140951
0.00705873 0.0152964
0.0178215 0.0113798
0.0470035 0.0147035
0.0161004 0.0129282
0.00244111 0.0143281
0.01078 0.0153299
0.0107421 0.0148898
0.0397096 0.0120966
0.00943075 0.0141461
0.0170969 0.0148027
0.0424387 0.0112923
0.0118005 0.0122874
0.0133723 0.0122803
0.0340377 0.0118937
0.0195148 0.0126551
0.0278918 0.0147047
0.0217809 0.0141641
0.0246228 0.0160179
0.0306286 0.0143148
0.022027 0.0140726
0.0179883 0.0147549
0.0174213 0.012407
0.0324693 0.0151058
0.0442899 0.0151202
0.0195158 0.0125573
0.0162098 0.0124919
0.0297139 0.0151299
0.00292978 0.0134536
0.0448746 0.01321
0.00631182 0.0118255
0.0200386 0.0140563
0.0438604 0.0122189
0.0138675 0.0119491
0.0219158 0.0159345
0.0344821 0.0123399
0.0465601 0.0135922
0.0398132 0.0130591
0.0408313 0.0152196
0.0164063 0.0147969
0.028611 0.0152267
0.0180348 0.0141752
0.0449702 0.0139869
0.0322809 0.019226
0.0115416 0.011729
0.0386195 0.0143884
0.0368692 0.0117874
0.0281162 0.0117195
0.037366 0.0130542
0.0117 0.0116544
0.0314783 0.0139786
0.040416 0.0134985
0.0220534 0.0138819
0.0372908 0.0108421
0.037196 0.0124013
0.0419133 0.0127607
0.0173971 0.0122071
0.00843234 0.0120645
0.0123392 0.0119179
0.0278208 0.0114117
0.0311789 0.0130481
0.0385404 0.0118814
0.00837549 0.0134607
0.00701357 0.0113842
0.0348688 0.0127263
0.00570158 0.01223
0.025358 0.0116828
0.00716959 0.0121025
0.00454149 0.0128906
0.00226823 0.0115517
0.018292 0.013444
0.00655176 0.0144016
0.0238871 0.0116261
0.0263317 0.0148802
0.0380505 0.0134213
0.0271919 0.0130586
0.0098779 0.0123028
0.0211662 0.0106663
0.0341343 0.0126534
0.0163656 0.0120838
0.00741827 0.0112033
0.0339811 0.0134929
0.0387854 0.0155165
0.0258973 0.0118693
0.0191939 0.0115207
0.0376801 0.0148811
0.0232037 0.0130266
0.00288429 0.0146358
0.00492923 0.0102067
0.0173411 0.0109641
0.0274404 0.0116846
0.00869038 0.010811
0.0365253 0.01231
0.0277756 0.0139327
0.0309903 0.0131004
0.00558883 0.0121983
0.040253 0.0123412
0.0388074 0.0177621
0.0122854 0.0135783
0.0455589 0.0136762
0.00794697 0.0147609
0.0268867 0.0117406
0.0200245 0.012763
0.0259917 0.0110687
0.0141369 0.0150374
0.041534 0.0157128
0.0101315 0.0127982
0.0422946 0.0123981
0.0262785 0.0138457
0.0293703 0.0116018
0.0264743 0.0133079
0.0119034 0.0125051
0.0326215 0.0126541
0.0359977 0.0118442
0.00453731 0.0134049
0.0367523 0.0131659
0.0355094 0.0126092
0.0431603 0.0150761
0.0424165 0.0125159
0.0257728 0.0128592
0.0186659 0.015439
0.024965 0.0121716
0.0314452 0.0162329
0.0128293 0.011452
0.0355906 0.0119724
0.00235607 0.0152442
0.0152082 0.0131411
0.039759 0.0131492
0.0256908 0.0144446
0.00360814 0.0123986
0.0365169 0.0125553
0.00528071 0.0125376
0.0380943 0.016007
0.00614135 0.0135354
0.0364776 0.0122321
0.0370089 0.0148402
0.0360405 0.0144338
0.0100921 0.0123993
0.0197488 0.0145398
0.0184571 0.0135459
0.0418964 0.0146156
0.00413454 0.0141546
0.0205174 0.0147648
0.0103708 0.0123666
0.038776 0.0129797
0.00587794 0.012282
0.0213338 0.0136699
0.0463063 0.0114753
0.0158346 0.0118048
0.0194414 0.0142321
0.0445006 0.0154835
0.0449928 0.0142369
0.0237092 0.0122851
0.0379797 0.0133842
0.0349079 0.0122009
0.0469266 0.0120077
0.0285994 0.0144801
0.00749921 0.0117583
0.0387678 0.013789
0.0181148 0.0117076
0.0130841 0.0145838
0.0367716 0.0133305
0.0242301 0.0115763
0.0326205 0.0130418
0.023499 0.0122594
0.0407828 0.0113716
0.0261488 0.0120481
0.0110438 0.011866
0.0397369 0.0116007
0.00699699 0.0114758
0.0134022 0.0137572
0.0111732 0.0147837
0.0280742 0.0164089
0.0210702 0.0145046
0.0299397 0.0133551
0.0179055 0.0130958
0.00924929 0.0113629
0.0114111 0.0142551
0.0022948 0.0128153
0.0285028 0.0124516
0.0306387 0.0110141
0.0229788 0.0117444
0.0410941 0.0116507
0.0270398 0.0123732
0.0134512 0.014643
0.0254496 0.0140566
0.0121219 0.0129027
0.043107 0.0124531
0.0393227 0.0141746
0.0143949 0.0127948
0.0374039 0.0130403
0.0114952 0.0139818
0.0278948 0.0111293
0.0429313 0.0132371
0.0299254 0.01846
0.0112837 0.0124952
0.00878754 0.0120163
0.0174074 0.0116859
0.0417334 0.0138581
0.0349966 0.0116569
0.00315428 0.0118481
0.0395376 0.012393
0.00879912 0.0144107
0.0425752 0.0117311
0.0123782 0.0121847
0.022033 0.0136046
0.0432826 0.0122592
0.0297747 0.011483
0.0454001 0.0133138
0.0133037 0.0120211
0.0199304 0.0150816
0.0141097 0.0121024
0.0181187 0.0143584
0.0201669 0.011709
0.036589 0.0120377
0.0328837 0.0128551
0.0115906 0.0120126
0.0051082 0.0143136
0.0396868 0.0125138
0.0198662 0.0131028
0.0294077 0.0121907
0.0453947 0.0120895
0.0315708 0.0143899
0.0144338 0.0137957
0.0392365 0.0124012
0.00524079 0.0123058
0.0198417 0.0134622
0.0355481 0.0154988
0.00561749 0.0139955
0.0461112 0.0123822
0.0452739 0.0148851
0.0310844 0.015082
0.0117861 0.01299
0.00930754 0.0133674
0.0208957 0.0115675
0.0296941 0.0135219
0.0299775 0.0109716
0.0233196 0.0134669
0.00750816 0.0120387
0.0235109 0.0149541
0.00179108 0.0106758
0.0292408 0.0120753
0.010498 0.0121154
0.00982082 0.0122567
0.0229874 0.0152482
0.0328095 0.0143269
0.0321335 0.0187555
0.045235 0.0120058
0.0439596 0.0137916
0.0185596 0.0132427
0.0335037 0.0143016
0.00738251 0.0134137
0.0107545 0.0127427
0.0346649 0.0143622
0.00931722 0.0130567
0.0307406 0.0132036
0.0122813 0.0146938
0.0348202 0.0124588
0.0455316 0.0113121
0.0393409 0.0117306
0.0316834 0.0126919
0.0176763 0.0139676
0.00661728 0.0136202
0.0225265 0.0122741
0.0151252 0.0142005
0.0109087 0.0114226
0.0384722 0.0131668
0.0151566 0.0127992
0.010052 0.0127861
0.0340076 0.0105381
0.0268754 0.0127251
0.0178737 0.0128145
0.0405949 0.0129851
0.0134537 0.0104839
0.0399742 0.0120016
0.0419492 0.0135105
0.0459145 0.0137296
0.0248603 0.0140979
0.0121146 0.0128733
0.0316323 0.0117039
0.0271977 0.0122148
0.0473902 0.0139028
0.0309319 0.0146959
0.017896 0.0144835
0.0418834 0.0121201
0.00489116 0.0131435
0.0313016 0.0137144
0.0418035 0.0141353
0.0408168 0.0110634
0.0264826 0.0117469
0.0122422 0.0121811
0.00595991 0.0141664
0.0286302 0.012428
0.028 0.0122664
0.027354 0.0147003
0.036719 0.011811
0.0186076 0.0131215
0.0342148 0.0119033
0.0340073 0.0156309
0.0470001 0.0128794
0.0411251 0.0135868
0.0174537 0.0148007
0.0111735 0.0130723
0.013591 0.011769
0.038539 0.0130976
0.0161007 0.0110655
0.0101996 0.0134185
0.0279075 0.0148003
0.0432781 0.0145584
0.0447799 0.0126745
0.0230435 0.0136287
0.0137146 0.0143246
0.0473119 0.0126213
0.00946815 0.0136051
0.0418738 0.0133954
0.0372259 0.0125053
0.0250701 0.0123363
0.0167036 0.0143628
0.00694778 0.0132739
0.00145415 0.0124358
0.0215294 0.0133026
0.017887 0.0146143
0.00907242 0.0118015
0.0139863 0.0113308
0.0412751 0.0144877
0.0370564 0.0142983
0.0330887 0.015549
0.0258037 0.0139075
0.0244744 0.013208
0.0481345 0.0120162
0.0363479 0.0140956
0.0164953 0.0133835
0.0155415 0.0192338
0.0247469 0.0122094
0.0143961 0.0136913
0.0255881 0.0116644
0.0139738 0.0158921
0.0053502 0.0132373
0.0422791 0.0146963
0.0150624 0.0124163
0.0264323 0.0126078
0.0165897 0.0136911
0.0212001 0.0153144
0.00853709 0.0152202
0.0270518 0.0139289
0.03226 0.0116153
0.0320502 0.0157505
0.00583712 0.0131667
0.0131751 0.017484
0.0206354 0.0117901
0.00576086 0.0117902
0.0203403 0.0117296
0.034139 0.0134726
0.00329326 0.013015
0.00518878 0.0138424
0.0451792 0.0118387
0.0177166 0.0114498
0.0429668 0.0132979
0.0114997 0.0138134
0.0361615 0.0144147
0.0478836 0.0133026
0.0287669 0.0137829
0.0394279 0.0128175
0.0471428 0.0129104
0.0471594 0.0137221
0.0106832 0.0192279
0.0414665 0.0138677
0.0386979 0.0113567
0.00897064 0.0135702
0.00479886 0.0142821
0.0461914 0.0133776
0.0316786 0.0128857
0.00816138 0.013199
0.00597453 0.0136161
0.0300035 0.0145458
0.0144351 0.0142423
0.021552 0.013274
0.0378428 0.0135061
0.0325666 0.011832
0.0213172 0.0149145
0.0244171 0.0148604
0.0462799 0.0131865
0.0224988 0.0127528
0.0416033 0.014693
0.00758673 0.0143929
0.0339766 0.015396
0.0437838 0.0146787
0.00676223 0.0123611
0.00696622 0.0126707
0.0153043 0.0141164
0.0137856 0.0135679
0.0228157 0.014538
0.0454136 0.0141895
0.0215504 0.0126539
0.014463 0.0147535
0.0369179 0.0122663
0.034003 0.0134335
0.00359635 0.0134351
0.0371646 0.0127916
0.0189026 0.0131408
0.0391675 0.0140265
0.0445781 0.0122703
0.0234043 0.0145137
0.0428107 0.0155767
0.0075945 0.0130012
0.037309 0.00968604
0.0048642 0.0126032
0.0257501 0.0124286
0.00764308 0.0132055
0.0289167 0.0143522
0.00699499 0.0119207
0.0453861 0.0133193
0.00848571 0.0138432
0.0384641 0.0119517
0.028731 0.0117113
0.00817861 0.011782
0.0225391 0.011958
0.0145253 0.0116862
0.0245701 0.0122644
0.0334339 0.012322
0.0433201 0.0145812
0.0115915 0.0141187
0.0269185 0.0133811
0.0201324 0.0142568
0.0405599 0.0119036
0.0225236 0.0128316
0.0287805 0.0135744
0.0463636 0.0135005
0.00316611 0.0144787
0.0438387 0.0134367
0.047781 0.014996
0.0419101 0.0115316
0.0384906 0.01405
0.0361003 0.0143661
0.0118013 0.0144928
0.0277154 0.0124378
0.0247576 0.0134528
0.0393838 0.0132712
0.0403175 0.0140213
0.0377707 0.0132246
0.00389853 0.0125613
0.0141442 0.0142743
0.0150214 0.0126526
0.0100807 0.013184
0.0330706 0.0140806
0.035716 0.0138952
0.0211424 0.0131033
0.0377945 0.0148067
0.0284629 0.0158954
0.0071195 0.0142909
0.0334143 0.0124793
0.0201569 0.0130665
0.00364063 0.0108715
0.0367991 0.0121664
0.0271723 0.0129068
0.00272772 0.0157644
0.0129834 0.0116191
0.0402548 0.013978
0.0241124 0.0129445
0.0353523 0.0134235
0.0426064 0.0126923
0.00184787 0.0120406
0.00401082 0.0133314
0.0203254 0.0139594
0.0206534 0.0143761
0.0229872 0.0145624
0.0280749 0.0147202
0.0110282 0.0136413
0.00970911 0.0144446
0.0178718 0.0150627
0.0228489 0.0119833
0.00579678 0.0116313
0.0248563 0.0149089
0.00379072 0.0123663
0.0150438 0.0152049
0.00493595 0.0138583
0.00920389 0.0139302
0.0232233 0.0150921
0.0165149 0.0129532
0.0127196 0.0151872
0.0147054 0.0141787
0.0120861 0.013243
0.0394474 0.011399
0.0343386 0.0147676
0.026014 0.0139729
0.0276174 0.0133776
0.0220381 0.0122352
0.0306309 0.0158447
0.0195332 0.0154094
0.0272169 0.013558
0.00315562 0.0140779
0.00434152 0.0127636
0.0146632 0.0127288
0.0269467 0.0148034
0.0146603 0.0155078
0.0225812 0.0121686
0.0327949 0.0102428
0.0122989 0.0137505
0.0242272 0.0133849
0.018852 0.0146434
0.00905882 0.0130224
0.0351794 0.0141789
0.03557 0.0146182
0.0187362 0.013936
0.0249343 0.0140743
0.0110822 0.0139591
0.0107032 0.0141332
0.0329031 0.0157448
0.0281347 0.0139975
0.0114344 0.0145554
0.0115767 0.0135319
0.0406845 0.0149334
0.0259231 0.0133964
0.0121109 0.0139717
0.0139497 0.0110219
0.0413652 0.0129508
0.0177279 0.0126007
0.0327071 0.0152981
0.0321536 0.0132549
0.0325769 0.0132477
0.0440503 0.0165451
0.0150971 0.0133894
0.0267409 0.0113653
0.0463342 0.0143854
0.0265725 0.0130756
0.0178078 0.015939
0.0395617 0.0154317
0.0371204 0.014553
0.0214727 0.0136832
0.0120613 0.0129017
0.0414476 0.0132047
0.0246716 0.0129124
0.00313855 0.012454
0.0282207 0.0121989
0.0145558 0.019551
0.0405232 0.0144606
0.005015 0.0141252
0.0459853 0.0148215
0.039554 0.0154384
0.0379563 0.0136681
0.0293326 0.0111939
0.0126963 0.0149547
0.0089672 0.0143099
0.00200874 0.0152145
0.0302871 0.0129517
0.00804164 0.0154343
0.0282131 0.0116965
0.0340338 0.0124112
0.0346576 0.015134
0.0384169 0.0142523
0.0136409 0.0128016
0.0177144 0.0122836
0.0132971 0.0152983
0.0131253 0.0131618
0.0152622 0.0141451
0.0188079 0.0123202
0.0298462 0.0141795
0.0315522 0.0150789
