0.0143655 0.0122581
0.039335 0.0122735
0.00505378 0.0124412
0.0341467 0.0114553
0.0391134 0.0134442
0.021307 0.0120297
0.0402609 0.012065
0.0241145 0.0123346
0.0292209 0.01172
0.0203826 0.0128801
0.0364302 0.0113648
0.0171473 0.0115655
0.0265479 0.0121897
0.0451598 0.0121788
0.00983053 0.0118681
0.0317583 0.0119391
0.0320686 0.0130189
0.0419208 0.0118604
0.0213458 0.0141124
0.0297248 0.0139547
0.0206534 0.0113812
0.0232694 0.0129178
0.00428578 0.0134312
0.00892877 0.0115683
0.0321321 0.0133252
0.0359675 0.01166
0.0376428 0.0127173
0.00776391 0.0128137
0.0228586 0.0124218
0.0146981 0.0144538
0.0215036 0.012295
0.0391908 0.0118934
0.0419841 0.0129409
0.0234458 0.0124542
0.0435907 0.0119706
0.0363517 0.0119203
0.0156093 0.0116869
0.0333869 0.0115856
0.038387 0.0121124
0.0424729 0.0136614
0.0207884 0.0127359
0.0323645 0.0132122
0.0411289 0.0110015
0.0279292 0.010403
0.0413379 0.0137313
0.028897 0.0126192
0.0183266 0.0131033
0.0134214 0.0146488
0.0249315 0.0133614
0.0182401 0.0127482
0.00586619 0.0121437
0.0403948 0.0130209
0.025606 0.0129331
0.0252756 0.0121428
0.0269047 0.0118947
0.0408458 0.011563
0.0365997 0.0135151
0.0310803 0.011732
0.0300189 0.0120767
0.0463673 0.013794
0.0194149 0.0111998
0.023485 0.0113554
0.0260487 0.0111585
0.0382634 0.0112907
0.0265153 0.0145313
0.0302266 0.0124225
0.0332271 0.0125534
0.0356923 0.0128108
0.0189174 0.0137732
0.0179634 0.0135866
0.0122825 0.0114271
0.0327536 0.0135916
0.0292601 0.0145023
0.0200365 0.0117686
0.0381703 0.0148404
0.0101486 0.0138615
0.0425054 0.0110733
0.0203419 0.011764
0.0195907 0.0123085
0.0170841 0.0119186
0.00583614 0.0107695
0.0156025 0.012946
0.0092811 0.0115825
0.0280998 0.0119891
0.00683527 0.0113915
0.045924 0.0110584
0.0252567 0.0147492
0.0248461 0.012189
0.0335263 0.0123579
0.013625 0.0120973
0.0364375 0.0138145
0.0165531 0.0110193
0.0412294 0.013509
0.0115639 0.0135642
0.0334098 0.0113368
0.0129026 0.0108445
0.0330458 0.0121042
0.00941181 0.0107467
0.0139526 0.0121097
0.0198494 0.0124067
0.0262784 0.0125287
0.0105949 0.0122463
0.0222635 0.0115253
0.015081 0.0123622
0.0209883 0.010653
0.0121119 0.0126826
0.0188636 0.0114761
0.0258468 0.0110633
0.0178113 0.0130097
0.0277481 0.0157186
0.034796 0.0152643
0.00436712 0.0123037
0.0235595 0.0111951
0.00353249 0.0117909
0.0300627 0.0122019
0.0235595 0.0123921
0.0238571 0.013362
0.0152541 0.0137068
0.00193191 0.011382
0.0455418 0.014404
0.00709165 0.0117849
0.0236125 0.0121566
0.0338773 0.0127299
0.0180801 0.0131186
0.0309169 0.0116915
0.0233535 0.0116856
0.0114508 0.0115821
0.00419404 0.0122131
0.0150167 0.0111766
0.0344871 0.0120656
0.027713 0.011035
0.0341897 0.0119021
0.0267202 0.0136297
0.0305563 0.0118589
0.0128763 0.0129168
0.0218275 0.0116066
0.0272301 0.0115197
0.0198576 0.0140183
0.035044 0.0117218
0.0261927 0.012494
0.0353178 0.0139883
0.0289045 0.0132666
0.0110626 0.0123948
0.018181 0.0112921
0.0215702 0.0118863
0.0360013 0.0141378
0.0249351 0.0129085
0.0336873 0.0125215
0.0310176 0.0143098
0.0378024 0.0149841
0.0171334 0.0120274
0.0380486 0.0132279
0.0103347 0.0118826
0.0374351 0.0146074
0.0438008 0.0111502
0.00926094 0.0118761
0.0205905 0.0143734
0.0281051 0.0130791
0.023591 0.0128897
0.00496655 0.0112465
0.00309268 0.0125228
0.0157674 0.0115239
0.024997 0.0130213
0.00857107 0.0127806
0.0387484 0.0120945
0.0267975 0.0129926
0.0202114 0.014474
0.00488136 0.0127347
0.0263722 0.0131791
0.0386456 0.0136658
0.0401225 0.0116306
0.00362041 0.0120942
0.0149008 0.0124312
0.0465869 0.0121803
0.0410661 0.014472
0.016812 0.0132
0.0158018 0.0113722
0.0139596 0.0106264
0.00512052 0.0134141
0.0396143 0.012421
0.00836712 0.0143996
0.0306286 0.0142469
0.0376718 0.0113793
0.00634892 0.0122686
0.00290287 0.0129853
0.0396573 0.012352
0.00565059 0.0120559
0.0376386 0.0136833
0.0131875 0.0198099
0.0232513 0.0139771
0.0107028 0.0126365
0.0170295 0.011749
0.0360867 0.0126049
0.0203049 0.0133544
0.00511598 0.0119122
0.0118983 0.0137192
0.0299084 0.0143133
0.040495 0.0108781
0.0274453 0.0117975
0.0461285 0.0121426
0.0126702 0.0131362
0.0386337 0.0119786
0.0412903 0.0110102
0.0279426 0.0142734
0.0249574 0.0120534
0.0223739 0.0138267
0.0237595 0.0117448
0.0395022 0.0115778
0.0260702 0.0119272
0.0118132 0.0133323
0.00672937 0.0125935
0.0433413 0.011589
0.00694865 0.0133804
0.0177875 0.0128144
0.0194538 0.0124946
0.0334029 0.0118337
0.031715 0.0114077
0.00562401 0.0122562
0.0331195 0.014112
0.0107184 0.0137291
0.00608102 0.0115755
0.0310201 0.0143644
0.00659662 0.011099
0.0200582 0.0119292
0.0316153 0.0148679
0.0215942 0.0132547
0.017585 0.012004
0.00882246 0.0117126
0.00914662 0.0145743
0.0287969 0.0110637
0.0213484 0.0159744
0.0377583 0.0113751
0.0329584 0.0122945
0.028607 0.012625
0.0380462 0.013192
0.0208769 0.0108949
0.0476916 0.0120097
0.0285764 0.0127789
0.00578951 0.0122563
0.0427287 0.0127684
0.028996 0.0119651
0.035949 0.012483
0.0310691 0.0113133
0.0197437 0.0110473
0.0433663 0.0120521
0.0431998 0.0137563
0.013351 0.0115168
0.00348091 0.011481
0.03119 0.0123067
0.0359824 0.0146373
0.0170027 0.0118805
0.0404745 0.0121478
0.0417267 0.0124485
0.0278011 0.0117098
0.00958547 0.0120983
0.0475391 0.0109519
0.0182416 0.0127285
0.0117914 0.011274
0.0184839 0.0121662
0.044144 0.0112235
0.0167451 0.0180027
0.0477915 0.0123436
0.0136694 0.0140746
0.0282495 0.0147
0.010492 0.0152417
0.022547 0.0124007
0.0460431 0.0149465
0.0394219 0.0139739
0.00904322 0.0131497
0.00645491 0.011863
0.0280529 0.0116057
