-30346.5 121370 98050.2
38827.5 -362463 610761
-11881.7 -257289 234799
-27212.3 -34756 541656
19352 -98675.7 17073.1
39855 -203779 543040
37373.1 -266427 122975
4306.77 24728.2 122677
-11052.7 288162 505548
41751.9 -198935 276717
18123.8 109570 398033
-64781.6 232689 620184
-20592.2 270985 484812
-13628.9 -222693 51320.8
15853.2 323814 431936
38373.5 118660 585690
-41432.8 44661.8 91968.3
40284.9 129818 -13149
26987.1 -418311 328998
15645.9 274856 246206
18432.7 82311.8 471675
-23407.4 68231.1 124808
-34823 -397268 370473
-22860.8 481368 580592
28643.2 -360294 154627
32840.5 116690 109197
56063.5 25267.1 228225
-51538.5 527504 454169
20161.3 -27333.6 350904
-35354.1 41735.8 -16767.3
-17786.6 282400 203825
37313 90588.2 175886
60341.2 -25856.4 21377.4
-18165.9 -191537 538205
16463.8 -16607.3 223117
19899 144492 369310
5596.49 23521.6 234937
38761.3 246051 268000
74177.7 -423574 411866
80810.8 -424215 208225
-256.367 -78810.4 357461
66756.1 439033 373463
37728.5 113166 445922
55356.3 59176.3 315971
46837.3 -462722 214320
22042.6 -160303 83583.2
36835.5 -274272 417514
27510.4 103419 17961.9
-64536.6 -309331 268123
-20547.5 84783.7 181847
10709.7 -19203.4 21741.9
29940.9 -7256.66 108128
43430.3 -348827 250329
32133.3 -313597 448462
83458 -816.302 249902
6406.11 -104181 60776.4
-21515.8 429877 218115
4608.13 45088.8 401311
-30797.2 -141362 76940.2
100733 103843 83075.4
-32160.5 88491.1 428476
71921.7 139442 531594
-10244.2 23201.1 286342
8832.95 -34667.4 305780
-30309.1 -116623 36920.8
29200.9 -70064.4 377256
2525.39 -176436 249768
-59707.4 -39623.5 199100
-36833.4 5586.24 -4773.2
-46632.9 325400 135510
-53052.6 91966.1 436551
-16063.3 -484245 296530
-34833.5 14006.6 97206.1
33085.9 -65967.3 622638
-19757.6 45532.4 18875.7
-21931.1 -92812.6 185105
15177.3 45611.1 582163
30174.8 -201558 274417
-31769.3 -190792 -51401.1
27734.2 105245 318813
-31501.3 -44223.8 126297
16315.8 127776 123538
41397.9 -63518.6 483845
-49231.1 40750.8 387341
-82083.7 289588 237346
48430.1 -34635.2 26791.3
-67111.8 134792 61673.2
23187 -9900.18 447931
2505.82 -199206 577023
-68679.4 -201653 596074
-8836.47 -248272 30756.4
35884.9 -59331.6 65368.7
47204.8 263276 94086.4
-25061 -511318 438663
59877.5 -144720 375341
-6954.73 129693 332704
-5504.23 -372501 578963
-27989.1 -37390.8 510163
-36611.7 -39129.5 398842
-18309.2 -126531 478169
8088.79 -462984 494314
-2931.69 372147 243176
-28844.1 -228640 386081
-82957.7 341792 142390
-636.787 19490.6 35060.2
8712.66 467021 298538
18789.9 251265 677429
50203.2 118896 636757
-42825.5 -277477 414136
-59232.2 -127717 64058.2
-27585.3 -287712 124051
-40729.4 541325 507109
-27653.2 198239 113233
-58571.5 319335 454384
-5967.13 -92973.7 318580
31856.8 151530 42297.8
-29169.9 -165290 79737.5
4720.27 -195904 36933.8
-100897 294308 593849
23070.4 180469 199684
-15922.5 -125702 247407
8875.15 78008 182342
90498.3 514463 328778
46715.6 -334414 392820
-4236.68 -53888.3 85444
32546.2 -28524.4 300325
-2995.49 -191179 385885
-6216.75 239580 104882
-17668.3 29773 205110
-3009.91 -90031.2 321866
-37540.6 13526.5 364074
-25193.7 -6054 147404
5011.62 434630 185570
-31869 -87978.2 59177.7
-11306.4 520442 642934
47618.9 -32979.3 282267
26677 -112204 -8697
-28703.1 -310689 253059
-12920 121136 723950
37570.4 121948 -8058.03
-4634.72 75871.9 31483.5
46609.3 317410 49979
-52003.9 -102844 221849
-16560.8 -2075.19 400768
-13016.1 -18239.4 49509.5
-6132.7 -487376 250294
8776.17 344554 139059
13715.6 129748 75298.5
-12874 -129638 80061.5
18143.4 217352 132433
25774.4 -126062 159665
-33988.8 523650 289817
14029 295467 515442
-9804.36 -422740 147478
34746 -73962.9 48816.5
-23742.1 300369 767172
-42258.4 250141 30734.7
20796.5 -97594 166425
-33131.6 -294840 315254
-29592.2 -108048 180001
-47184.4 -199858 143705
-71946.9 241078 232013
12555.6 62922.7 -10903.6
-1426.26 26325.4 8486.66
98795.8 44151.7 48311
57848.1 236938 49711.5
-328.724 266336 2143.47
-46740.5 211646 162859
1890.19 81727.6 205881
-20842.9 -106237 98808.2
56526.1 -167971 119722
-58969.5 28943 434784
-42425.5 -60713.7 164360
82039.2 -166668 447882
78175.2 -353028 262861
19001.3 -45582.9 37448.3
-8782.38 85063.2 147117
-46017.5 81696.2 405129
-16609.9 -118600 121657
65546.9 -165988 34216.9
-82303.1 325354 250304
-7256.08 -446661 139059
13113.4 179524 637559
-34042.3 249237 194734
-58513.8 -37879 334479
42919 390157 589143
-43699.6 248330 266079
-9094.4 -502547 219765
-27509.1 -150799 142245
-17756.9 -740.175 35637
43485.1 511569 247569
34899.1 -38265.1 482679
36149.2 27516.3 -3799.87
14462.4 -401298 226004
-63842.1 524727 505359
-55570.5 -26844.2 109475
75037.9 -20877 -21012.1
41498.5 49130.1 293363
-9560.94 213757 160048
17688.3 -288983 233662
19301.1 -311256 152250
-4168.35 280869 500646
25891.3 54196.3 299777
31420.8 -575621 400691
-50.7987 -228811 428370
-3346.05 -345196 166469
-1307.01 240355 273653
16530.2 -315342 481480
-11348.9 33388.5 104604
8094.59 -162830 137228
-45896.6 220127 -67852.3
24179.4 -136349 247135
-14913.1 -503398 345420
36257.2 89450 18305.1
-38288.4 -11994.2 -51365.1
-38834.8 -17010.1 770255
-4199.89 -92743.1 71742.9
-30408.3 -184607 835841
-2621.34 46371.6 9408.71
-13397.1 385445 101364
-83418.6 33111.3 229004
106675 -295047 264322
-59427 125761 186659
15751.9 356016 421390
-33905.7 116752 96354.5
1023.31 281519 -5576.07
33535.2 193754 398141
-31450.6 -16205.7 287887
39492.3 -497668 295426
23709.2 -41385.2 -47224.8
-15383.5 307777 900904
81059.3 301550 544450
46503.1 -99103.5 147019
42545.9 360519 492344
35112.8 -152554 -29615.9
-74521.4 13080.4 567903
109454 -403148 241532
8914.57 508844 343006
16714.6 -20543 362180
47483.9 482177 322185
-16177.3 251848 188235
36035.8 531080 382791
27292.6 243042 506208
54814.1 267411 574627
45541.4 316918 402929
45432.8 -566311 362411
-41829.5 -38768.2 514047
-26286.6 -4327.77 609835
-3317.99 235731 78748.5
-39001.5 -247993 66550.1
23589.9 -71800.2 217068
51805.4 423556 348109
34759.8 415180 514238
23544.6 201792 527253
-22573.4 87317.6 250729
112503 35166.1 277316
9306.49 -194428 226500
-17115.7 237451 323276
8216.55 12210.7 2518.71
4748.84 115873 182507
12401.5 -451820 266258
84695 350451 345280
39132.6 -43552.2 10090
-41839.2 -95808.5 19627.7
1049.87 99095.1 32839.9
-11991.2 125311 -5000.96
5501.2 144284 30531.7
30256.3 180106 44304.3
-4439.8 538696 398920
9220.49 274227 238255
-9691.03 -240823 480226
